incubando,i_mild,i_grave,susceptibles,recuperados,muertos,infectados_totales
1.03,0.0,0.0,98.97,0.0,0.0,513.0
2.52,0.0,0.0,97.48,0.0,0.0,1261.2
5.01,0.0,0.0,94.99,0.0,0.0,2504.2
8.7,0.0,0.0,91.3,0.0,0.0,4350.0
13.72,0.0,0.0,86.28,0.0,0.0,6860.8
19.78,0.0,0.0,80.22,0.0,0.0,9891.2
26.85,0.0,0.0,73.15,0.0,0.0,13425.0
33.64,0.72,0.31,65.34,0.0,0.0,17331.4
40.3,1.75,0.77,57.18,0.0,0.0,21409.2
45.94,3.51,1.49,49.05,0.0,0.0,25474.0
50.2,6.07,2.62,41.1,0.0,0.01,29447.6
52.63,9.62,4.08,33.65,0.0,0.02,33176.8
53.29,13.88,5.87,26.92,0.0,0.03,36537.6
52.01,18.94,7.86,21.14,0.0,0.05,39428.2
48.94,24.47,10.12,16.4,0.0,0.07,41801.2
44.59,30.23,12.48,12.59,0.0,0.1,43704.8
39.44,35.97,14.84,9.61,0.0,0.14,45194.8
33.87,40.89,17.11,7.24,0.72,0.18,46380.6
28.27,45.11,19.27,5.38,1.75,0.23,47310.0
22.96,48.11,21.17,3.96,3.51,0.29,48019.6
18.27,49.64,22.8,2.88,6.07,0.35,48561.0
14.31,49.44,24.12,2.09,9.62,0.43,48954.2
11.11,47.85,25.17,1.48,13.88,0.5,49260.6
8.61,44.91,25.96,1.0,18.94,0.58,49497.8
6.57,41.05,26.57,0.67,24.47,0.66,49664.4
4.95,36.61,27.03,0.43,30.23,0.74,49785.2
3.69,31.9,27.34,0.27,35.97,0.82,49862.8
2.71,27.05,27.56,0.16,41.6,0.91,49918.4
1.99,22.33,27.44,0.1,47.15,0.99,49950.0
1.43,18.02,27.08,0.05,52.35,1.07,49973.4
0.98,14.26,26.45,0.02,57.12,1.16,49989.4
0.66,11.15,25.42,0.01,61.53,1.23,49995.8
0.43,8.63,24.05,0.0,65.59,1.3,49998.8
0.27,6.63,22.34,0.0,69.39,1.36,50000.0
0.16,5.04,20.4,0.0,72.97,1.43,50000.0
0.1,3.76,18.22,0.0,76.43,1.49,50000.0
0.05,2.76,15.93,0.0,79.71,1.54,50000.0
0.02,2.01,13.66,0.0,82.72,1.59,50000.0
0.01,1.48,11.44,0.0,85.43,1.64,50000.0
0.0,1.03,9.34,0.0,87.95,1.67,50000.0
0.0,0.7,7.49,0.0,90.11,1.7,50000.0
0.0,0.47,5.87,0.0,91.93,1.72,50000.0
0.0,0.3,4.55,0.0,93.41,1.74,50000.0
0.0,0.2,3.46,0.0,94.59,1.75,50000.0
0.0,0.11,2.65,0.0,95.48,1.76,50000.0
0.0,0.07,1.98,0.0,96.18,1.77,50000.0
0.0,0.04,1.47,0.0,96.72,1.77,50000.0
0.0,0.01,1.1,0.0,97.11,1.78,50000.0
0.0,0.01,0.8,0.0,97.41,1.78,50000.0
0.0,0.0,0.57,0.0,97.65,1.78,50000.0
0.0,0.0,0.41,0.0,97.8,1.79,50000.0
0.0,0.0,0.28,0.0,97.93,1.79,50000.0
0.0,0.0,0.19,0.0,98.02,1.79,50000.0
0.0,0.0,0.11,0.0,98.09,1.79,50000.0
0.0,0.0,0.07,0.0,98.14,1.79,50000.0
0.0,0.0,0.04,0.0,98.16,1.79,50000.0
0.0,0.0,0.03,0.0,98.18,1.79,50000.0
0.0,0.0,0.02,0.0,98.19,1.79,50000.0
0.0,0.0,0.01,0.0,98.2,1.79,50000.0
0.0,0.0,0.0,0.0,98.2,1.79,50000.0
0.0,0.0,0.0,0.0,98.21,1.79,50000.0
0.0,0.0,0.0,0.0,98.21,1.79,50000.0
0.0,0.0,0.0,0.0,98.21,1.79,50000.0
0.0,0.0,0.0,0.0,98.21,1.79,50000.0
0.0,0.0,0.0,0.0,98.21,1.79,50000.0
0.0,0.0,0.0,0.0,98.21,1.79,50000.0
0.0,0.0,0.0,0.0,98.21,1.79,50000.0
0.0,0.0,0.0,0.0,98.21,1.79,50000.0
0.0,0.0,0.0,0.0,98.21,1.79,50000.0
0.0,0.0,0.0,0.0,98.21,1.79,50000.0
0.0,0.0,0.0,0.0,98.21,1.79,50000.0
0.0,0.0,0.0,0.0,98.21,1.79,50000.0
0.0,0.0,0.0,0.0,98.21,1.79,50000.0
0.0,0.0,0.0,0.0,98.21,1.79,50000.0
0.0,0.0,0.0,0.0,98.21,1.79,50000.0
0.0,0.0,0.0,0.0,98.21,1.79,50000.0
0.0,0.0,0.0,0.0,98.21,1.79,50000.0
0.0,0.0,0.0,0.0,98.21,1.79,50000.0
0.0,0.0,0.0,0.0,98.21,1.79,50000.0
0.0,0.0,0.0,0.0,98.21,1.79,50000.0
0.0,0.0,0.0,0.0,98.21,1.79,50000.0
0.0,0.0,0.0,0.0,98.21,1.79,50000.0
0.0,0.0,0.0,0.0,98.21,1.79,50000.0
0.0,0.0,0.0,0.0,98.21,1.79,50000.0
0.0,0.0,0.0,0.0,98.21,1.79,50000.0
0.0,0.0,0.0,0.0,98.21,1.79,50000.0
0.0,0.0,0.0,0.0,98.21,1.79,50000.0
0.0,0.0,0.0,0.0,98.21,1.79,50000.0
0.0,0.0,0.0,0.0,98.21,1.79,50000.0
0.0,0.0,0.0,0.0,98.21,1.79,50000.0
0.0,0.0,0.0,0.0,98.21,1.79,50000.0
0.0,0.0,0.0,0.0,98.21,1.79,50000.0
0.0,0.0,0.0,0.0,98.21,1.79,50000.0
0.0,0.0,0.0,0.0,98.21,1.79,50000.0
0.0,0.0,0.0,0.0,98.21,1.79,50000.0
0.0,0.0,0.0,0.0,98.21,1.79,50000.0
0.0,0.0,0.0,0.0,98.21,1.79,50000.0
0.0,0.0,0.0,0.0,98.21,1.79,50000.0
0.0,0.0,0.0,0.0,98.21,1.79,50000.0
0.0,0.0,0.0,0.0,98.21,1.79,50000.0
0.0,0.0,0.0,0.0,98.21,1.79,50000.0
0.0,0.0,0.0,0.0,98.21,1.79,50000.0
0.0,0.0,0.0,0.0,98.21,1.79,50000.0
0.0,0.0,0.0,0.0,98.21,1.79,50000.0
0.0,0.0,0.0,0.0,98.21,1.79,50000.0
0.0,0.0,0.0,0.0,98.21,1.79,50000.0
0.0,0.0,0.0,0.0,98.21,1.79,50000.0
0.0,0.0,0.0,0.0,98.21,1.79,50000.0
0.0,0.0,0.0,0.0,98.21,1.79,50000.0
0.0,0.0,0.0,0.0,98.21,1.79,50000.0
0.0,0.0,0.0,0.0,98.21,1.79,50000.0
0.0,0.0,0.0,0.0,98.21,1.79,50000.0
0.0,0.0,0.0,0.0,98.21,1.79,50000.0
0.0,0.0,0.0,0.0,98.21,1.79,50000.0
0.0,0.0,0.0,0.0,98.21,1.79,50000.0
0.0,0.0,0.0,0.0,98.21,1.79,50000.0
0.0,0.0,0.0,0.0,98.21,1.79,50000.0
0.0,0.0,0.0,0.0,98.21,1.79,50000.0
0.0,0.0,0.0,0.0,98.21,1.79,50000.0
0.0,0.0,0.0,0.0,98.21,1.79,50000.0
0.0,0.0,0.0,0.0,98.21,1.79,50000.0
0.0,0.0,0.0,0.0,98.21,1.79,50000.0
0.0,0.0,0.0,0.0,98.21,1.79,50000.0
0.0,0.0,0.0,0.0,98.21,1.79,50000.0
0.0,0.0,0.0,0.0,98.21,1.79,50000.0
0.0,0.0,0.0,0.0,98.21,1.79,50000.0
0.0,0.0,0.0,0.0,98.21,1.79,50000.0
0.0,0.0,0.0,0.0,98.21,1.79,50000.0
0.0,0.0,0.0,0.0,98.21,1.79,50000.0
0.0,0.0,0.0,0.0,98.21,1.79,50000.0
0.0,0.0,0.0,0.0,98.21,1.79,50000.0
0.0,0.0,0.0,0.0,98.21,1.79,50000.0
0.0,0.0,0.0,0.0,98.21,1.79,50000.0
0.0,0.0,0.0,0.0,98.21,1.79,50000.0
0.0,0.0,0.0,0.0,98.21,1.79,50000.0
0.0,0.0,0.0,0.0,98.21,1.79,50000.0
0.0,0.0,0.0,0.0,98.21,1.79,50000.0
0.0,0.0,0.0,0.0,98.21,1.79,50000.0
0.0,0.0,0.0,0.0,98.21,1.79,50000.0
0.0,0.0,0.0,0.0,98.21,1.79,50000.0
0.0,0.0,0.0,0.0,98.21,1.79,50000.0
0.0,0.0,0.0,0.0,98.21,1.79,50000.0
0.0,0.0,0.0,0.0,98.21,1.79,50000.0
0.0,0.0,0.0,0.0,98.21,1.79,50000.0
0.0,0.0,0.0,0.0,98.21,1.79,50000.0
0.0,0.0,0.0,0.0,98.21,1.79,50000.0
0.0,0.0,0.0,0.0,98.21,1.79,50000.0
0.0,0.0,0.0,0.0,98.21,1.79,50000.0
0.0,0.0,0.0,0.0,98.21,1.79,50000.0
0.0,0.0,0.0,0.0,98.21,1.79,50000.0
0.0,0.0,0.0,0.0,98.21,1.79,50000.0
0.0,0.0,0.0,0.0,98.21,1.79,50000.0
0.0,0.0,0.0,0.0,98.21,1.79,50000.0
0.0,0.0,0.0,0.0,98.21,1.79,50000.0
0.0,0.0,0.0,0.0,98.21,1.79,50000.0
0.0,0.0,0.0,0.0,98.21,1.79,50000.0
0.0,0.0,0.0,0.0,98.21,1.79,50000.0
0.0,0.0,0.0,0.0,98.21,1.79,50000.0
0.0,0.0,0.0,0.0,98.21,1.79,50000.0
0.0,0.0,0.0,0.0,98.21,1.79,50000.0
0.0,0.0,0.0,0.0,98.21,1.79,50000.0
0.0,0.0,0.0,0.0,98.21,1.79,50000.0
0.0,0.0,0.0,0.0,98.21,1.79,50000.0
0.0,0.0,0.0,0.0,98.21,1.79,50000.0
0.0,0.0,0.0,0.0,98.21,1.79,50000.0
0.0,0.0,0.0,0.0,98.21,1.79,50000.0
0.0,0.0,0.0,0.0,98.21,1.79,50000.0
0.0,0.0,0.0,0.0,98.21,1.79,50000.0
0.0,0.0,0.0,0.0,98.21,1.79,50000.0
0.0,0.0,0.0,0.0,98.21,1.79,50000.0
0.0,0.0,0.0,0.0,98.21,1.79,50000.0
0.0,0.0,0.0,0.0,98.21,1.79,50000.0
0.0,0.0,0.0,0.0,98.21,1.79,50000.0
0.0,0.0,0.0,0.0,98.21,1.79,50000.0
0.0,0.0,0.0,0.0,98.21,1.79,50000.0
0.0,0.0,0.0,0.0,98.21,1.79,50000.0
0.0,0.0,0.0,0.0,98.21,1.79,50000.0
0.0,0.0,0.0,0.0,98.21,1.79,50000.0
0.0,0.0,0.0,0.0,98.21,1.79,50000.0
0.0,0.0,0.0,0.0,98.21,1.79,50000.0
0.0,0.0,0.0,0.0,98.21,1.79,50000.0
0.0,0.0,0.0,0.0,98.21,1.79,50000.0
0.0,0.0,0.0,0.0,98.21,1.79,50000.0
0.0,0.0,0.0,0.0,98.21,1.79,50000.0
0.0,0.0,0.0,0.0,98.21,1.79,50000.0
0.0,0.0,0.0,0.0,98.21,1.79,50000.0
0.0,0.0,0.0,0.0,98.21,1.79,50000.0
0.0,0.0,0.0,0.0,98.21,1.79,50000.0
0.0,0.0,0.0,0.0,98.21,1.79,50000.0
0.0,0.0,0.0,0.0,98.21,1.79,50000.0
0.0,0.0,0.0,0.0,98.21,1.79,50000.0
0.0,0.0,0.0,0.0,98.21,1.79,50000.0
0.0,0.0,0.0,0.0,98.21,1.79,50000.0
0.0,0.0,0.0,0.0,98.21,1.79,50000.0
0.0,0.0,0.0,0.0,98.21,1.79,50000.0
0.0,0.0,0.0,0.0,98.21,1.79,50000.0
0.0,0.0,0.0,0.0,98.21,1.79,50000.0
0.0,0.0,0.0,0.0,98.21,1.79,50000.0
0.0,0.0,0.0,0.0,98.21,1.79,50000.0
0.0,0.0,0.0,0.0,98.21,1.79,50000.0
0.0,0.0,0.0,0.0,98.21,1.79,50000.0
0.0,0.0,0.0,0.0,98.21,1.79,50000.0
0.0,0.0,0.0,0.0,98.21,1.79,50000.0
0.0,0.0,0.0,0.0,98.21,1.79,50000.0
0.0,0.0,0.0,0.0,98.21,1.79,50000.0
0.0,0.0,0.0,0.0,98.21,1.79,50000.0
0.0,0.0,0.0,0.0,98.21,1.79,50000.0
0.0,0.0,0.0,0.0,98.21,1.79,50000.0
0.0,0.0,0.0,0.0,98.21,1.79,50000.0
0.0,0.0,0.0,0.0,98.21,1.79,50000.0
0.0,0.0,0.0,0.0,98.21,1.79,50000.0
0.0,0.0,0.0,0.0,98.21,1.79,50000.0
0.0,0.0,0.0,0.0,98.21,1.79,50000.0
0.0,0.0,0.0,0.0,98.21,1.79,50000.0
0.0,0.0,0.0,0.0,98.21,1.79,50000.0
0.0,0.0,0.0,0.0,98.21,1.79,50000.0
0.0,0.0,0.0,0.0,98.21,1.79,50000.0
0.0,0.0,0.0,0.0,98.21,1.79,50000.0
0.0,0.0,0.0,0.0,98.21,1.79,50000.0
0.0,0.0,0.0,0.0,98.21,1.79,50000.0
0.0,0.0,0.0,0.0,98.21,1.79,50000.0
0.0,0.0,0.0,0.0,98.21,1.79,50000.0
0.0,0.0,0.0,0.0,98.21,1.79,50000.0
0.0,0.0,0.0,0.0,98.21,1.79,50000.0
0.0,0.0,0.0,0.0,98.21,1.79,50000.0
0.0,0.0,0.0,0.0,98.21,1.79,50000.0
0.0,0.0,0.0,0.0,98.21,1.79,50000.0
0.0,0.0,0.0,0.0,98.21,1.79,50000.0
0.0,0.0,0.0,0.0,98.21,1.79,50000.0
0.0,0.0,0.0,0.0,98.21,1.79,50000.0
0.0,0.0,0.0,0.0,98.21,1.79,50000.0
0.0,0.0,0.0,0.0,98.21,1.79,50000.0
0.0,0.0,0.0,0.0,98.21,1.79,50000.0
0.0,0.0,0.0,0.0,98.21,1.79,50000.0
0.0,0.0,0.0,0.0,98.21,1.79,50000.0
0.0,0.0,0.0,0.0,98.21,1.79,50000.0
0.0,0.0,0.0,0.0,98.21,1.79,50000.0
0.0,0.0,0.0,0.0,98.21,1.79,50000.0
0.0,0.0,0.0,0.0,98.21,1.79,50000.0
0.0,0.0,0.0,0.0,98.21,1.79,50000.0
0.0,0.0,0.0,0.0,98.21,1.79,50000.0
0.0,0.0,0.0,0.0,98.21,1.79,50000.0
0.0,0.0,0.0,0.0,98.21,1.79,50000.0
0.0,0.0,0.0,0.0,98.21,1.79,50000.0
0.0,0.0,0.0,0.0,98.21,1.79,50000.0
0.0,0.0,0.0,0.0,98.21,1.79,50000.0
0.0,0.0,0.0,0.0,98.21,1.79,50000.0
0.0,0.0,0.0,0.0,98.21,1.79,50000.0
0.0,0.0,0.0,0.0,98.21,1.79,50000.0
0.0,0.0,0.0,0.0,98.21,1.79,50000.0
0.0,0.0,0.0,0.0,98.21,1.79,50000.0
0.0,0.0,0.0,0.0,98.21,1.79,50000.0
0.0,0.0,0.0,0.0,98.21,1.79,50000.0
0.0,0.0,0.0,0.0,98.21,1.79,50000.0
0.0,0.0,0.0,0.0,98.21,1.79,50000.0
0.0,0.0,0.0,0.0,98.21,1.79,50000.0
0.0,0.0,0.0,0.0,98.21,1.79,50000.0
0.0,0.0,0.0,0.0,98.21,1.79,50000.0
0.0,0.0,0.0,0.0,98.21,1.79,50000.0
0.0,0.0,0.0,0.0,98.21,1.79,50000.0
0.0,0.0,0.0,0.0,98.21,1.79,50000.0
0.0,0.0,0.0,0.0,98.21,1.79,50000.0
0.0,0.0,0.0,0.0,98.21,1.79,50000.0
0.0,0.0,0.0,0.0,98.21,1.79,50000.0
0.0,0.0,0.0,0.0,98.21,1.79,50000.0
0.0,0.0,0.0,0.0,98.21,1.79,50000.0
0.0,0.0,0.0,0.0,98.21,1.79,50000.0
0.0,0.0,0.0,0.0,98.21,1.79,50000.0
0.0,0.0,0.0,0.0,98.21,1.79,50000.0
0.0,0.0,0.0,0.0,98.21,1.79,50000.0
0.0,0.0,0.0,0.0,98.21,1.79,50000.0
0.0,0.0,0.0,0.0,98.21,1.79,50000.0
0.0,0.0,0.0,0.0,98.21,1.79,50000.0
0.0,0.0,0.0,0.0,98.21,1.79,50000.0
0.0,0.0,0.0,0.0,98.21,1.79,50000.0
0.0,0.0,0.0,0.0,98.21,1.79,50000.0
0.0,0.0,0.0,0.0,98.21,1.79,50000.0
0.0,0.0,0.0,0.0,98.21,1.79,50000.0
0.0,0.0,0.0,0.0,98.21,1.79,50000.0
0.0,0.0,0.0,0.0,98.21,1.79,50000.0
0.0,0.0,0.0,0.0,98.21,1.79,50000.0
0.0,0.0,0.0,0.0,98.21,1.79,50000.0
0.0,0.0,0.0,0.0,98.21,1.79,50000.0
0.0,0.0,0.0,0.0,98.21,1.79,50000.0
0.0,0.0,0.0,0.0,98.21,1.79,50000.0
0.0,0.0,0.0,0.0,98.21,1.79,50000.0
0.0,0.0,0.0,0.0,98.21,1.79,50000.0
0.0,0.0,0.0,0.0,98.21,1.79,50000.0
0.0,0.0,0.0,0.0,98.21,1.79,50000.0
0.0,0.0,0.0,0.0,98.21,1.79,50000.0
0.0,0.0,0.0,0.0,98.21,1.79,50000.0
0.0,0.0,0.0,0.0,98.21,1.79,50000.0
0.0,0.0,0.0,0.0,98.21,1.79,50000.0
0.0,0.0,0.0,0.0,98.21,1.79,50000.0
0.0,0.0,0.0,0.0,98.21,1.79,50000.0
0.0,0.0,0.0,0.0,98.21,1.79,50000.0
0.0,0.0,0.0,0.0,98.21,1.79,50000.0
0.0,0.0,0.0,0.0,98.21,1.79,50000.0
0.0,0.0,0.0,0.0,98.21,1.79,50000.0