incubando,i_mild,i_grave,susceptibles,recuperados,muertos,infectados_totales
0.05,0.0,0.0,99.95,0.0,0.0,23.0
0.12,0.0,0.0,99.88,0.0,0.0,59.0
0.22,0.0,0.0,99.78,0.0,0.0,108.33
0.4,0.0,0.0,99.6,0.0,0.0,198.33
0.62,0.0,0.0,99.38,0.0,0.0,311.0
0.91,0.0,0.0,99.09,0.0,0.0,454.0
1.3,0.0,0.0,98.7,0.0,0.0,650.67
1.74,0.04,0.01,98.22,0.0,0.0,891.67
2.26,0.09,0.03,97.62,0.0,0.0,1189.67
2.82,0.17,0.04,96.97,0.0,0.0,1516.67
3.37,0.3,0.1,96.23,0.0,0.0,1884.67
3.95,0.46,0.16,95.43,0.0,0.0,2287.0
4.57,0.67,0.24,94.53,0.0,0.0,2737.0
5.13,0.94,0.36,93.57,0.0,0.0,3216.67
5.72,1.3,0.48,92.5,0.0,0.0,3749.67
6.3,1.72,0.66,91.32,0.0,0.01,4340.33
6.87,2.17,0.85,90.1,0.0,0.01,4949.67
7.43,2.65,1.07,88.8,0.04,0.01,5598.0
7.96,3.15,1.32,87.46,0.09,0.02,6268.67
8.5,3.72,1.56,86.02,0.17,0.02,6988.0
9.0,4.28,1.83,84.57,0.3,0.02,7717.0
9.56,4.85,2.15,82.94,0.46,0.03,8529.33
9.93,5.5,2.48,81.39,0.67,0.04,9303.0
10.43,6.1,2.81,79.67,0.94,0.05,10163.67
10.77,6.66,3.18,78.04,1.3,0.06,10981.33
11.18,7.21,3.55,76.28,1.72,0.07,11858.33
11.52,7.79,3.94,74.5,2.17,0.08,12748.0
11.87,8.3,4.36,72.7,2.69,0.1,13651.33
12.05,8.88,4.81,70.89,3.25,0.11,14556.33
12.35,9.31,5.25,69.04,3.92,0.13,15478.0
12.57,9.84,5.73,67.11,4.62,0.14,16447.33
12.83,10.24,6.16,65.21,5.4,0.16,17397.33
13.0,10.64,6.59,63.29,6.31,0.18,18356.67
13.17,11.01,7.02,61.33,7.26,0.2,19333.33
13.28,11.36,7.42,59.42,8.29,0.23,20289.67
13.39,11.62,7.86,57.49,9.38,0.25,21253.0
13.42,11.89,8.21,55.62,10.57,0.28,22187.67
13.34,12.25,8.55,53.76,11.79,0.3,23117.67
13.29,12.45,8.88,51.91,13.14,0.33,24043.33
13.2,12.74,9.16,50.09,14.45,0.36,24956.33
13.02,12.9,9.49,48.32,15.89,0.38,25842.33
12.93,13.13,9.74,46.5,17.29,0.42,26752.33
12.73,13.24,9.97,44.76,18.85,0.45,27618.0
12.53,13.3,10.18,43.09,20.41,0.48,28452.67
12.31,13.37,10.36,41.45,22.0,0.51,29274.67
12.06,13.44,10.53,39.85,23.58,0.54,30075.0
11.8,13.43,10.67,38.28,25.23,0.58,30858.0
11.53,13.29,10.8,36.78,27.0,0.6,31608.0
11.12,13.24,10.9,35.38,28.74,0.63,32310.0
10.77,13.11,10.9,33.99,30.56,0.67,33004.0
10.43,12.91,10.93,32.67,32.36,0.7,33665.33
10.06,12.69,10.91,31.39,34.21,0.74,34305.33
9.7,12.49,10.86,30.15,36.03,0.78,34924.33
9.29,12.28,10.82,28.99,37.81,0.81,35504.67
9.0,12.01,10.73,27.78,39.63,0.85,36108.33
8.72,11.7,10.59,26.66,41.44,0.89,36672.0
8.4,11.39,10.4,25.59,43.29,0.94,37206.0
8.08,11.05,10.28,24.59,45.03,0.97,37703.33
7.78,10.65,10.12,23.61,46.84,1.0,38195.67
7.52,10.29,9.92,22.63,48.6,1.03,38684.33
7.3,9.95,9.72,21.7,50.28,1.06,39152.33
6.98,9.63,9.51,20.8,51.99,1.09,39599.0
6.68,9.27,9.31,19.97,53.65,1.12,40013.0
6.48,8.91,9.07,19.11,55.29,1.15,40444.33
6.32,8.56,8.81,18.28,56.86,1.18,40861.67
6.12,8.27,8.56,17.49,58.35,1.2,41253.67
5.88,7.98,8.31,16.75,59.85,1.22,41623.0
5.68,7.72,8.08,16.02,61.26,1.24,41991.67
5.5,7.46,7.82,15.3,62.64,1.27,42349.67
5.31,7.17,7.56,14.67,64.01,1.29,42666.0
5.08,6.96,7.33,14.03,65.29,1.31,42986.33
4.84,6.71,7.08,13.43,66.6,1.33,43284.0
4.69,6.48,6.82,12.81,67.85,1.36,43596.67
4.5,6.27,6.58,12.26,69.02,1.38,43871.0
4.36,6.08,6.34,11.66,70.17,1.4,44172.0
4.16,5.88,6.13,11.14,71.28,1.41,44430.67
4.04,5.63,5.92,10.63,72.36,1.43,44684.67
3.87,5.43,5.71,10.16,73.39,1.45,44922.0
3.72,5.22,5.48,9.72,74.4,1.46,45142.0
3.54,5.08,5.28,9.27,75.35,1.48,45365.0
3.41,4.85,5.08,8.85,76.31,1.5,45574.0
3.22,4.71,4.92,8.43,77.2,1.51,45783.0
3.11,4.5,4.72,8.03,78.12,1.52,45983.33
2.97,4.34,4.52,7.66,78.97,1.54,46167.67
2.84,4.14,4.35,7.32,79.8,1.55,46342.33
2.75,3.95,4.21,6.97,80.56,1.56,46516.67
2.65,3.82,4.06,6.62,81.27,1.58,46691.0
2.57,3.66,3.91,6.28,81.99,1.6,46861.33
2.48,3.53,3.76,5.96,82.68,1.61,47022.33
2.43,3.35,3.64,5.6,83.36,1.61,47200.33
2.4,3.23,3.5,5.26,83.98,1.62,47370.0
2.37,3.05,3.35,4.95,84.65,1.63,47525.67
2.29,2.94,3.21,4.67,85.25,1.64,47663.0
2.23,2.82,3.09,4.39,85.83,1.64,47807.0
2.17,2.74,2.98,4.1,86.35,1.65,47948.0
2.13,2.65,2.88,3.83,86.85,1.66,48085.33
2.02,2.6,2.77,3.58,87.37,1.67,48209.67
1.93,2.55,2.67,3.33,87.85,1.67,48335.33
1.85,2.47,2.58,3.1,88.32,1.68,48448.67
1.8,2.38,2.5,2.87,88.75,1.69,48563.33
1.73,2.32,2.4,2.66,89.19,1.7,48671.0
1.67,2.26,2.33,2.44,89.59,1.71,48780.67
1.59,2.22,2.23,2.24,90.0,1.72,48879.67
1.53,2.14,2.15,2.05,90.4,1.73,48974.0
1.48,2.07,2.09,1.85,90.78,1.74,49074.67
1.43,2.01,2.02,1.67,91.13,1.74,49163.0
1.35,1.91,1.96,1.52,91.51,1.74,49240.67
1.3,1.83,1.88,1.35,91.88,1.75,49323.0
1.21,1.77,1.82,1.22,92.22,1.75,49387.67
1.15,1.73,1.75,1.09,92.52,1.76,49456.0
1.11,1.67,1.68,0.95,92.84,1.76,49527.0
1.02,1.61,1.64,0.83,93.14,1.77,49585.67
0.99,1.53,1.59,0.69,93.43,1.77,49656.67
0.95,1.48,1.52,0.57,93.7,1.77,49714.33
0.88,1.42,1.48,0.47,93.98,1.78,49762.67
0.83,1.35,1.43,0.4,94.22,1.78,49800.67
0.75,1.29,1.36,0.33,94.48,1.79,49833.0
0.66,1.23,1.3,0.28,94.73,1.79,49858.67
0.6,1.16,1.24,0.23,94.98,1.79,49885.67
0.51,1.11,1.2,0.18,95.21,1.8,49909.67
0.43,1.05,1.15,0.15,95.44,1.8,49927.33
0.36,0.97,1.1,0.11,95.65,1.8,49943.33
0.31,0.9,1.04,0.09,95.86,1.8,49955.33
0.26,0.82,0.99,0.07,96.04,1.81,49963.67
0.23,0.74,0.92,0.05,96.24,1.81,49972.67
0.19,0.69,0.87,0.03,96.39,1.81,49983.0
0.16,0.63,0.82,0.02,96.56,1.81,49989.0
0.13,0.55,0.76,0.01,96.72,1.82,49993.0
0.1,0.49,0.72,0.01,96.86,1.82,49994.67
0.08,0.41,0.66,0.0,97.02,1.82,49997.67
0.07,0.34,0.62,0.0,97.15,1.82,49999.33
0.05,0.29,0.57,0.0,97.26,1.83,50000.0
0.03,0.25,0.52,0.0,97.37,1.83,50000.0
0.02,0.22,0.47,0.0,97.46,1.83,50000.0
0.01,0.18,0.44,0.0,97.53,1.83,50000.0
0.01,0.15,0.39,0.0,97.62,1.83,50000.0
0.0,0.12,0.35,0.0,97.68,1.83,50000.0
0.0,0.1,0.32,0.0,97.74,1.84,50000.0
0.0,0.08,0.28,0.0,97.8,1.84,50000.0
0.0,0.07,0.24,0.0,97.85,1.84,50000.0
0.0,0.06,0.2,0.0,97.91,1.84,50000.0
0.0,0.04,0.16,0.0,97.96,1.84,50000.0
0.0,0.03,0.13,0.0,98.0,1.84,50000.0
0.0,0.02,0.11,0.0,98.03,1.84,50000.0
0.0,0.01,0.09,0.0,98.05,1.84,50000.0
0.0,0.01,0.08,0.0,98.07,1.84,50000.0
0.0,0.0,0.06,0.0,98.09,1.84,50000.0
0.0,0.0,0.05,0.0,98.11,1.84,50000.0
0.0,0.0,0.04,0.0,98.12,1.84,50000.0
0.0,0.0,0.03,0.0,98.13,1.84,50000.0
0.0,0.0,0.02,0.0,98.13,1.84,50000.0
0.0,0.0,0.02,0.0,98.14,1.84,50000.0
0.0,0.0,0.01,0.0,98.15,1.84,50000.0
0.0,0.0,0.01,0.0,98.15,1.84,50000.0
0.0,0.0,0.0,0.0,98.16,1.84,50000.0
0.0,0.0,0.0,0.0,98.16,1.84,50000.0
0.0,0.0,0.0,0.0,98.16,1.84,50000.0
0.0,0.0,0.0,0.0,98.16,1.84,50000.0
0.0,0.0,0.0,0.0,98.16,1.84,50000.0
0.0,0.0,0.0,0.0,98.16,1.84,50000.0
0.0,0.0,0.0,0.0,98.16,1.84,50000.0
0.0,0.0,0.0,0.0,98.16,1.84,50000.0
0.0,0.0,0.0,0.0,98.16,1.84,50000.0
0.0,0.0,0.0,0.0,98.16,1.84,50000.0
0.0,0.0,0.0,0.0,98.16,1.84,50000.0
0.0,0.0,0.0,0.0,98.16,1.84,50000.0
0.0,0.0,0.0,0.0,98.16,1.84,50000.0
0.0,0.0,0.0,0.0,98.16,1.84,50000.0
0.0,0.0,0.0,0.0,98.16,1.84,50000.0
0.0,0.0,0.0,0.0,98.16,1.84,50000.0
0.0,0.0,0.0,0.0,98.16,1.84,50000.0
0.0,0.0,0.0,0.0,98.16,1.84,50000.0
0.0,0.0,0.0,0.0,98.16,1.84,50000.0
0.0,0.0,0.0,0.0,98.16,1.84,50000.0
0.0,0.0,0.0,0.0,98.16,1.84,50000.0
0.0,0.0,0.0,0.0,98.16,1.84,50000.0
0.0,0.0,0.0,0.0,98.16,1.84,50000.0
0.0,0.0,0.0,0.0,98.16,1.84,50000.0
0.0,0.0,0.0,0.0,98.16,1.84,50000.0
0.0,0.0,0.0,0.0,98.16,1.84,50000.0
0.0,0.0,0.0,0.0,98.16,1.84,50000.0
0.0,0.0,0.0,0.0,98.16,1.84,50000.0
0.0,0.0,0.0,0.0,98.16,1.84,50000.0
0.0,0.0,0.0,0.0,98.16,1.84,50000.0
0.0,0.0,0.0,0.0,98.16,1.84,50000.0
0.0,0.0,0.0,0.0,98.16,1.84,50000.0
0.0,0.0,0.0,0.0,98.16,1.84,50000.0
0.0,0.0,0.0,0.0,98.16,1.84,50000.0
0.0,0.0,0.0,0.0,98.16,1.84,50000.0
0.0,0.0,0.0,0.0,98.16,1.84,50000.0
0.0,0.0,0.0,0.0,98.16,1.84,50000.0
0.0,0.0,0.0,0.0,98.16,1.84,50000.0
0.0,0.0,0.0,0.0,98.16,1.84,50000.0
0.0,0.0,0.0,0.0,98.16,1.84,50000.0
0.0,0.0,0.0,0.0,98.16,1.84,50000.0
0.0,0.0,0.0,0.0,98.16,1.84,50000.0
0.0,0.0,0.0,0.0,98.16,1.84,50000.0
0.0,0.0,0.0,0.0,98.16,1.84,50000.0
0.0,0.0,0.0,0.0,98.16,1.84,50000.0
0.0,0.0,0.0,0.0,98.16,1.84,50000.0
0.0,0.0,0.0,0.0,98.16,1.84,50000.0
0.0,0.0,0.0,0.0,98.16,1.84,50000.0
0.0,0.0,0.0,0.0,98.16,1.84,50000.0
0.0,0.0,0.0,0.0,98.16,1.84,50000.0
0.0,0.0,0.0,0.0,98.16,1.84,50000.0
0.0,0.0,0.0,0.0,98.16,1.84,50000.0
0.0,0.0,0.0,0.0,98.16,1.84,50000.0
0.0,0.0,0.0,0.0,98.16,1.84,50000.0
0.0,0.0,0.0,0.0,98.16,1.84,50000.0
0.0,0.0,0.0,0.0,98.16,1.84,50000.0
0.0,0.0,0.0,0.0,98.16,1.84,50000.0
0.0,0.0,0.0,0.0,98.16,1.84,50000.0
0.0,0.0,0.0,0.0,98.16,1.84,50000.0
0.0,0.0,0.0,0.0,98.16,1.84,50000.0
0.0,0.0,0.0,0.0,98.16,1.84,50000.0
0.0,0.0,0.0,0.0,98.16,1.84,50000.0
0.0,0.0,0.0,0.0,98.16,1.84,50000.0
0.0,0.0,0.0,0.0,98.16,1.84,50000.0
0.0,0.0,0.0,0.0,98.16,1.84,50000.0
0.0,0.0,0.0,0.0,98.16,1.84,50000.0
0.0,0.0,0.0,0.0,98.16,1.84,50000.0
0.0,0.0,0.0,0.0,98.16,1.84,50000.0
0.0,0.0,0.0,0.0,98.16,1.84,50000.0
0.0,0.0,0.0,0.0,98.16,1.84,50000.0
0.0,0.0,0.0,0.0,98.16,1.84,50000.0
0.0,0.0,0.0,0.0,98.16,1.84,50000.0
0.0,0.0,0.0,0.0,98.16,1.84,50000.0
0.0,0.0,0.0,0.0,98.16,1.84,50000.0
0.0,0.0,0.0,0.0,98.16,1.84,50000.0
0.0,0.0,0.0,0.0,98.16,1.84,50000.0
0.0,0.0,0.0,0.0,98.16,1.84,50000.0
0.0,0.0,0.0,0.0,98.16,1.84,50000.0
0.0,0.0,0.0,0.0,98.16,1.84,50000.0
0.0,0.0,0.0,0.0,98.16,1.84,50000.0
0.0,0.0,0.0,0.0,98.16,1.84,50000.0
0.0,0.0,0.0,0.0,98.16,1.84,50000.0
0.0,0.0,0.0,0.0,98.16,1.84,50000.0
0.0,0.0,0.0,0.0,98.16,1.84,50000.0
0.0,0.0,0.0,0.0,98.16,1.84,50000.0
0.0,0.0,0.0,0.0,98.16,1.84,50000.0
0.0,0.0,0.0,0.0,98.16,1.84,50000.0
0.0,0.0,0.0,0.0,98.16,1.84,50000.0
0.0,0.0,0.0,0.0,98.16,1.84,50000.0
0.0,0.0,0.0,0.0,98.16,1.84,50000.0
0.0,0.0,0.0,0.0,98.16,1.84,50000.0
0.0,0.0,0.0,0.0,98.16,1.84,50000.0
0.0,0.0,0.0,0.0,98.16,1.84,50000.0
0.0,0.0,0.0,0.0,98.16,1.84,50000.0
0.0,0.0,0.0,0.0,98.16,1.84,50000.0
0.0,0.0,0.0,0.0,98.16,1.84,50000.0
0.0,0.0,0.0,0.0,98.16,1.84,50000.0
0.0,0.0,0.0,0.0,98.16,1.84,50000.0
0.0,0.0,0.0,0.0,98.16,1.84,50000.0
0.0,0.0,0.0,0.0,98.16,1.84,50000.0
0.0,0.0,0.0,0.0,98.16,1.84,50000.0
0.0,0.0,0.0,0.0,98.16,1.84,50000.0
0.0,0.0,0.0,0.0,98.16,1.84,50000.0
0.0,0.0,0.0,0.0,98.16,1.84,50000.0
0.0,0.0,0.0,0.0,98.16,1.84,50000.0
0.0,0.0,0.0,0.0,98.16,1.84,50000.0
0.0,0.0,0.0,0.0,98.16,1.84,50000.0
0.0,0.0,0.0,0.0,98.16,1.84,50000.0
0.0,0.0,0.0,0.0,98.16,1.84,50000.0
0.0,0.0,0.0,0.0,98.16,1.84,50000.0
0.0,0.0,0.0,0.0,98.16,1.84,50000.0
0.0,0.0,0.0,0.0,98.16,1.84,50000.0
0.0,0.0,0.0,0.0,98.16,1.84,50000.0
0.0,0.0,0.0,0.0,98.16,1.84,50000.0
0.0,0.0,0.0,0.0,98.16,1.84,50000.0
0.0,0.0,0.0,0.0,98.16,1.84,50000.0
0.0,0.0,0.0,0.0,98.16,1.84,50000.0
0.0,0.0,0.0,0.0,98.16,1.84,50000.0
0.0,0.0,0.0,0.0,98.16,1.84,50000.0
0.0,0.0,0.0,0.0,98.16,1.84,50000.0
0.0,0.0,0.0,0.0,98.16,1.84,50000.0
0.0,0.0,0.0,0.0,98.16,1.84,50000.0
0.0,0.0,0.0,0.0,98.16,1.84,50000.0
0.0,0.0,0.0,0.0,98.16,1.84,50000.0
0.0,0.0,0.0,0.0,98.16,1.84,50000.0
0.0,0.0,0.0,0.0,98.16,1.84,50000.0
0.0,0.0,0.0,0.0,98.16,1.84,50000.0
0.0,0.0,0.0,0.0,98.16,1.84,50000.0
0.0,0.0,0.0,0.0,98.16,1.84,50000.0
0.0,0.0,0.0,0.0,98.16,1.84,50000.0
0.0,0.0,0.0,0.0,98.16,1.84,50000.0
0.0,0.0,0.0,0.0,98.16,1.84,50000.0
0.0,0.0,0.0,0.0,98.16,1.84,50000.0
0.0,0.0,0.0,0.0,98.16,1.84,50000.0
0.0,0.0,0.0,0.0,98.16,1.84,50000.0
0.0,0.0,0.0,0.0,98.16,1.84,50000.0
0.0,0.0,0.0,0.0,98.16,1.84,50000.0
0.0,0.0,0.0,0.0,98.16,1.84,50000.0
0.0,0.0,0.0,0.0,98.16,1.84,50000.0
0.0,0.0,0.0,0.0,98.16,1.84,50000.0
0.0,0.0,0.0,0.0,98.16,1.84,50000.0
0.0,0.0,0.0,0.0,98.16,1.84,50000.0
0.0,0.0,0.0,0.0,98.16,1.84,50000.0
0.0,0.0,0.0,0.0,98.16,1.84,50000.0
0.0,0.0,0.0,0.0,98.16,1.84,50000.0