incubando,i_mild,i_grave,susceptibles,recuperados,muertos,infectados_totales
0.11,0.0,0.0,99.89,0.0,0.0,56.0
0.26,0.0,0.0,99.74,0.0,0.0,130.6
0.52,0.0,0.0,99.48,0.0,0.0,258.8
0.91,0.0,0.0,99.09,0.0,0.0,453.4
1.48,0.0,0.0,98.52,0.0,0.0,739.0
2.26,0.0,0.0,97.74,0.0,0.0,1128.4
3.22,0.0,0.0,96.78,0.0,0.0,1607.6
4.28,0.07,0.04,95.61,0.0,0.0,2194.8
5.46,0.18,0.08,94.27,0.0,0.0,2863.0
6.8,0.36,0.16,92.68,0.0,0.0,3659.8
8.26,0.63,0.28,90.83,0.0,0.0,4585.2
9.69,1.03,0.45,88.83,0.0,0.0,5585.6
11.11,1.58,0.67,86.63,0.0,0.0,6683.0
12.6,2.28,0.93,84.19,0.0,0.01,7906.8
14.0,3.09,1.29,81.61,0.0,0.01,9195.8
15.45,4.03,1.68,78.82,0.0,0.01,10589.6
16.8,5.17,2.13,75.88,0.0,0.02,12059.0
18.04,6.4,2.67,72.79,0.07,0.03,13606.6
19.22,7.71,3.25,69.61,0.18,0.03,15194.0
20.34,9.07,3.9,66.29,0.36,0.04,16852.6
21.27,10.56,4.57,62.91,0.63,0.06,18543.2
22.11,11.98,5.32,59.5,1.03,0.07,20248.6
22.75,13.41,6.11,56.07,1.58,0.08,21964.0
23.28,14.79,6.94,52.6,2.28,0.1,23698.8
23.56,16.21,7.79,49.23,3.09,0.13,25385.8
23.83,17.53,8.68,45.78,4.03,0.15,27109.2
23.96,18.75,9.61,42.34,5.17,0.18,28831.0
23.84,19.85,10.55,39.07,6.48,0.21,30463.0
23.63,20.86,11.47,35.87,7.92,0.24,32063.8
23.33,21.75,12.41,32.74,9.5,0.27,33628.2
22.83,22.43,13.32,29.78,11.33,0.32,35112.2
22.27,23.01,14.14,26.96,13.27,0.35,36520.6
21.47,23.44,14.98,24.31,15.41,0.39,37843.8
20.41,23.77,15.75,21.93,17.7,0.44,39034.8
19.33,23.84,16.43,19.74,20.17,0.49,40128.8
18.09,23.82,16.98,17.78,22.78,0.54,41108.8
16.78,23.67,17.47,15.97,25.51,0.6,42017.0
15.49,23.35,17.86,14.29,28.35,0.66,42855.4
14.2,22.95,18.1,12.76,31.28,0.71,43619.0
12.92,22.39,18.27,11.39,34.26,0.77,44305.2
11.76,21.63,18.3,10.17,37.31,0.82,44915.0
10.69,20.76,18.26,9.05,40.36,0.88,45474.4
9.77,19.73,18.06,8.01,43.48,0.94,45994.2
8.87,18.59,17.79,7.1,46.66,1.0,46450.4
8.02,17.49,17.42,6.27,49.74,1.06,46865.4
7.25,16.34,16.99,5.51,52.81,1.1,47243.4
6.55,15.12,16.47,4.84,55.87,1.15,47581.4
5.9,13.89,15.89,4.27,58.84,1.21,47867.4
5.29,12.68,15.24,3.76,61.77,1.26,48121.6
4.74,11.54,14.58,3.28,64.56,1.31,48361.8
4.23,10.5,13.87,2.87,67.18,1.35,48565.0
3.8,9.54,13.12,2.46,69.68,1.39,48767.6
3.4,8.69,12.4,2.11,71.97,1.43,48944.8
3.04,7.9,11.57,1.79,74.22,1.47,49102.6
2.77,7.13,10.73,1.5,76.37,1.5,49251.4
2.51,6.39,9.94,1.25,78.39,1.53,49374.8
2.25,5.75,9.16,1.03,80.26,1.56,49484.4
2.03,5.18,8.38,0.84,81.98,1.58,49580.4
1.78,4.66,7.65,0.69,83.62,1.61,49656.0
1.55,4.18,6.99,0.56,85.09,1.64,49721.6
1.36,3.76,6.32,0.44,86.47,1.66,49781.4
1.16,3.39,5.74,0.34,87.7,1.68,49831.0
0.99,3.03,5.19,0.26,88.84,1.69,49871.0
0.84,2.69,4.69,0.19,89.88,1.71,49904.0
0.7,2.41,4.24,0.14,90.8,1.72,49931.8
0.59,2.16,3.81,0.1,91.62,1.73,49951.0
0.49,1.9,3.43,0.07,92.36,1.74,49965.2
0.39,1.69,3.09,0.04,93.03,1.75,49978.0
0.31,1.48,2.77,0.03,93.65,1.76,49986.4
0.24,1.29,2.5,0.01,94.18,1.77,49993.4
0.19,1.11,2.21,0.01,94.7,1.78,49997.2
0.13,0.95,1.97,0.0,95.16,1.78,49998.2
0.1,0.8,1.74,0.0,95.57,1.79,50000.0
0.07,0.67,1.53,0.0,95.94,1.79,50000.0
0.04,0.55,1.36,0.0,96.24,1.8,50000.0
0.03,0.46,1.22,0.0,96.5,1.8,50000.0
0.01,0.38,1.07,0.0,96.73,1.81,50000.0
0.01,0.3,0.95,0.0,96.94,1.81,50000.0
0.0,0.23,0.83,0.0,97.11,1.82,50000.0
0.0,0.18,0.72,0.0,97.29,1.82,50000.0
0.0,0.13,0.61,0.0,97.44,1.82,50000.0
0.0,0.09,0.52,0.0,97.56,1.82,50000.0
0.0,0.07,0.43,0.0,97.68,1.82,50000.0
0.0,0.05,0.36,0.0,97.77,1.82,50000.0
0.0,0.03,0.3,0.0,97.85,1.82,50000.0
0.0,0.02,0.24,0.0,97.91,1.83,50000.0
0.0,0.01,0.2,0.0,97.97,1.83,50000.0
0.0,0.0,0.16,0.0,98.01,1.83,50000.0
0.0,0.0,0.12,0.0,98.05,1.83,50000.0
0.0,0.0,0.09,0.0,98.08,1.83,50000.0
0.0,0.0,0.08,0.0,98.09,1.83,50000.0
0.0,0.0,0.06,0.0,98.11,1.83,50000.0
0.0,0.0,0.04,0.0,98.13,1.83,50000.0
0.0,0.0,0.03,0.0,98.14,1.83,50000.0
0.0,0.0,0.02,0.0,98.15,1.83,50000.0
0.0,0.0,0.01,0.0,98.16,1.83,50000.0
0.0,0.0,0.01,0.0,98.16,1.83,50000.0
0.0,0.0,0.0,0.0,98.17,1.83,50000.0
0.0,0.0,0.0,0.0,98.17,1.83,50000.0
0.0,0.0,0.0,0.0,98.17,1.83,50000.0
0.0,0.0,0.0,0.0,98.17,1.83,50000.0
0.0,0.0,0.0,0.0,98.17,1.83,50000.0
0.0,0.0,0.0,0.0,98.17,1.83,50000.0
0.0,0.0,0.0,0.0,98.17,1.83,50000.0
0.0,0.0,0.0,0.0,98.17,1.83,50000.0
0.0,0.0,0.0,0.0,98.17,1.83,50000.0
0.0,0.0,0.0,0.0,98.17,1.83,50000.0
0.0,0.0,0.0,0.0,98.17,1.83,50000.0
0.0,0.0,0.0,0.0,98.17,1.83,50000.0
0.0,0.0,0.0,0.0,98.17,1.83,50000.0
0.0,0.0,0.0,0.0,98.17,1.83,50000.0
0.0,0.0,0.0,0.0,98.17,1.83,50000.0
0.0,0.0,0.0,0.0,98.17,1.83,50000.0
0.0,0.0,0.0,0.0,98.17,1.83,50000.0
0.0,0.0,0.0,0.0,98.17,1.83,50000.0
0.0,0.0,0.0,0.0,98.17,1.83,50000.0
0.0,0.0,0.0,0.0,98.17,1.83,50000.0
0.0,0.0,0.0,0.0,98.17,1.83,50000.0
0.0,0.0,0.0,0.0,98.17,1.83,50000.0
0.0,0.0,0.0,0.0,98.17,1.83,50000.0
0.0,0.0,0.0,0.0,98.17,1.83,50000.0
0.0,0.0,0.0,0.0,98.17,1.83,50000.0
0.0,0.0,0.0,0.0,98.17,1.83,50000.0
0.0,0.0,0.0,0.0,98.17,1.83,50000.0
0.0,0.0,0.0,0.0,98.17,1.83,50000.0
0.0,0.0,0.0,0.0,98.17,1.83,50000.0
0.0,0.0,0.0,0.0,98.17,1.83,50000.0
0.0,0.0,0.0,0.0,98.17,1.83,50000.0
0.0,0.0,0.0,0.0,98.17,1.83,50000.0
0.0,0.0,0.0,0.0,98.17,1.83,50000.0
0.0,0.0,0.0,0.0,98.17,1.83,50000.0
0.0,0.0,0.0,0.0,98.17,1.83,50000.0
0.0,0.0,0.0,0.0,98.17,1.83,50000.0
0.0,0.0,0.0,0.0,98.17,1.83,50000.0
0.0,0.0,0.0,0.0,98.17,1.83,50000.0
0.0,0.0,0.0,0.0,98.17,1.83,50000.0
0.0,0.0,0.0,0.0,98.17,1.83,50000.0
0.0,0.0,0.0,0.0,98.17,1.83,50000.0
0.0,0.0,0.0,0.0,98.17,1.83,50000.0
0.0,0.0,0.0,0.0,98.17,1.83,50000.0
0.0,0.0,0.0,0.0,98.17,1.83,50000.0
0.0,0.0,0.0,0.0,98.17,1.83,50000.0
0.0,0.0,0.0,0.0,98.17,1.83,50000.0
0.0,0.0,0.0,0.0,98.17,1.83,50000.0
0.0,0.0,0.0,0.0,98.17,1.83,50000.0
0.0,0.0,0.0,0.0,98.17,1.83,50000.0
0.0,0.0,0.0,0.0,98.17,1.83,50000.0
0.0,0.0,0.0,0.0,98.17,1.83,50000.0
0.0,0.0,0.0,0.0,98.17,1.83,50000.0
0.0,0.0,0.0,0.0,98.17,1.83,50000.0
0.0,0.0,0.0,0.0,98.17,1.83,50000.0
0.0,0.0,0.0,0.0,98.17,1.83,50000.0
0.0,0.0,0.0,0.0,98.17,1.83,50000.0
0.0,0.0,0.0,0.0,98.17,1.83,50000.0
0.0,0.0,0.0,0.0,98.17,1.83,50000.0
0.0,0.0,0.0,0.0,98.17,1.83,50000.0
0.0,0.0,0.0,0.0,98.17,1.83,50000.0
0.0,0.0,0.0,0.0,98.17,1.83,50000.0
0.0,0.0,0.0,0.0,98.17,1.83,50000.0
0.0,0.0,0.0,0.0,98.17,1.83,50000.0
0.0,0.0,0.0,0.0,98.17,1.83,50000.0
0.0,0.0,0.0,0.0,98.17,1.83,50000.0
0.0,0.0,0.0,0.0,98.17,1.83,50000.0
0.0,0.0,0.0,0.0,98.17,1.83,50000.0
0.0,0.0,0.0,0.0,98.17,1.83,50000.0
0.0,0.0,0.0,0.0,98.17,1.83,50000.0
0.0,0.0,0.0,0.0,98.17,1.83,50000.0
0.0,0.0,0.0,0.0,98.17,1.83,50000.0
0.0,0.0,0.0,0.0,98.17,1.83,50000.0
0.0,0.0,0.0,0.0,98.17,1.83,50000.0
0.0,0.0,0.0,0.0,98.17,1.83,50000.0
0.0,0.0,0.0,0.0,98.17,1.83,50000.0
0.0,0.0,0.0,0.0,98.17,1.83,50000.0
0.0,0.0,0.0,0.0,98.17,1.83,50000.0
0.0,0.0,0.0,0.0,98.17,1.83,50000.0
0.0,0.0,0.0,0.0,98.17,1.83,50000.0
0.0,0.0,0.0,0.0,98.17,1.83,50000.0
0.0,0.0,0.0,0.0,98.17,1.83,50000.0
0.0,0.0,0.0,0.0,98.17,1.83,50000.0
0.0,0.0,0.0,0.0,98.17,1.83,50000.0
0.0,0.0,0.0,0.0,98.17,1.83,50000.0
0.0,0.0,0.0,0.0,98.17,1.83,50000.0
0.0,0.0,0.0,0.0,98.17,1.83,50000.0
0.0,0.0,0.0,0.0,98.17,1.83,50000.0
0.0,0.0,0.0,0.0,98.17,1.83,50000.0
0.0,0.0,0.0,0.0,98.17,1.83,50000.0
0.0,0.0,0.0,0.0,98.17,1.83,50000.0
0.0,0.0,0.0,0.0,98.17,1.83,50000.0
0.0,0.0,0.0,0.0,98.17,1.83,50000.0
0.0,0.0,0.0,0.0,98.17,1.83,50000.0
0.0,0.0,0.0,0.0,98.17,1.83,50000.0
0.0,0.0,0.0,0.0,98.17,1.83,50000.0
0.0,0.0,0.0,0.0,98.17,1.83,50000.0
0.0,0.0,0.0,0.0,98.17,1.83,50000.0
0.0,0.0,0.0,0.0,98.17,1.83,50000.0
0.0,0.0,0.0,0.0,98.17,1.83,50000.0
0.0,0.0,0.0,0.0,98.17,1.83,50000.0
0.0,0.0,0.0,0.0,98.17,1.83,50000.0
0.0,0.0,0.0,0.0,98.17,1.83,50000.0
0.0,0.0,0.0,0.0,98.17,1.83,50000.0
0.0,0.0,0.0,0.0,98.17,1.83,50000.0
0.0,0.0,0.0,0.0,98.17,1.83,50000.0
0.0,0.0,0.0,0.0,98.17,1.83,50000.0
0.0,0.0,0.0,0.0,98.17,1.83,50000.0
0.0,0.0,0.0,0.0,98.17,1.83,50000.0
0.0,0.0,0.0,0.0,98.17,1.83,50000.0
0.0,0.0,0.0,0.0,98.17,1.83,50000.0
0.0,0.0,0.0,0.0,98.17,1.83,50000.0
0.0,0.0,0.0,0.0,98.17,1.83,50000.0
0.0,0.0,0.0,0.0,98.17,1.83,50000.0
0.0,0.0,0.0,0.0,98.17,1.83,50000.0
0.0,0.0,0.0,0.0,98.17,1.83,50000.0
0.0,0.0,0.0,0.0,98.17,1.83,50000.0
0.0,0.0,0.0,0.0,98.17,1.83,50000.0
0.0,0.0,0.0,0.0,98.17,1.83,50000.0
0.0,0.0,0.0,0.0,98.17,1.83,50000.0
0.0,0.0,0.0,0.0,98.17,1.83,50000.0
0.0,0.0,0.0,0.0,98.17,1.83,50000.0
0.0,0.0,0.0,0.0,98.17,1.83,50000.0
0.0,0.0,0.0,0.0,98.17,1.83,50000.0
0.0,0.0,0.0,0.0,98.17,1.83,50000.0
0.0,0.0,0.0,0.0,98.17,1.83,50000.0
0.0,0.0,0.0,0.0,98.17,1.83,50000.0
0.0,0.0,0.0,0.0,98.17,1.83,50000.0
0.0,0.0,0.0,0.0,98.17,1.83,50000.0
0.0,0.0,0.0,0.0,98.17,1.83,50000.0
0.0,0.0,0.0,0.0,98.17,1.83,50000.0
0.0,0.0,0.0,0.0,98.17,1.83,50000.0
0.0,0.0,0.0,0.0,98.17,1.83,50000.0
0.0,0.0,0.0,0.0,98.17,1.83,50000.0
0.0,0.0,0.0,0.0,98.17,1.83,50000.0
0.0,0.0,0.0,0.0,98.17,1.83,50000.0
0.0,0.0,0.0,0.0,98.17,1.83,50000.0
0.0,0.0,0.0,0.0,98.17,1.83,50000.0
0.0,0.0,0.0,0.0,98.17,1.83,50000.0
0.0,0.0,0.0,0.0,98.17,1.83,50000.0
0.0,0.0,0.0,0.0,98.17,1.83,50000.0
0.0,0.0,0.0,0.0,98.17,1.83,50000.0
0.0,0.0,0.0,0.0,98.17,1.83,50000.0
0.0,0.0,0.0,0.0,98.17,1.83,50000.0
0.0,0.0,0.0,0.0,98.17,1.83,50000.0
0.0,0.0,0.0,0.0,98.17,1.83,50000.0
0.0,0.0,0.0,0.0,98.17,1.83,50000.0
0.0,0.0,0.0,0.0,98.17,1.83,50000.0
0.0,0.0,0.0,0.0,98.17,1.83,50000.0
0.0,0.0,0.0,0.0,98.17,1.83,50000.0
0.0,0.0,0.0,0.0,98.17,1.83,50000.0
0.0,0.0,0.0,0.0,98.17,1.83,50000.0
0.0,0.0,0.0,0.0,98.17,1.83,50000.0
0.0,0.0,0.0,0.0,98.17,1.83,50000.0
0.0,0.0,0.0,0.0,98.17,1.83,50000.0
0.0,0.0,0.0,0.0,98.17,1.83,50000.0
0.0,0.0,0.0,0.0,98.17,1.83,50000.0
0.0,0.0,0.0,0.0,98.17,1.83,50000.0
0.0,0.0,0.0,0.0,98.17,1.83,50000.0
0.0,0.0,0.0,0.0,98.17,1.83,50000.0
0.0,0.0,0.0,0.0,98.17,1.83,50000.0
0.0,0.0,0.0,0.0,98.17,1.83,50000.0
0.0,0.0,0.0,0.0,98.17,1.83,50000.0
0.0,0.0,0.0,0.0,98.17,1.83,50000.0
0.0,0.0,0.0,0.0,98.17,1.83,50000.0
0.0,0.0,0.0,0.0,98.17,1.83,50000.0
0.0,0.0,0.0,0.0,98.17,1.83,50000.0
0.0,0.0,0.0,0.0,98.17,1.83,50000.0
0.0,0.0,0.0,0.0,98.17,1.83,50000.0
0.0,0.0,0.0,0.0,98.17,1.83,50000.0
0.0,0.0,0.0,0.0,98.17,1.83,50000.0
0.0,0.0,0.0,0.0,98.17,1.83,50000.0
0.0,0.0,0.0,0.0,98.17,1.83,50000.0
0.0,0.0,0.0,0.0,98.17,1.83,50000.0
0.0,0.0,0.0,0.0,98.17,1.83,50000.0
0.0,0.0,0.0,0.0,98.17,1.83,50000.0
0.0,0.0,0.0,0.0,98.17,1.83,50000.0
0.0,0.0,0.0,0.0,98.17,1.83,50000.0
0.0,0.0,0.0,0.0,98.17,1.83,50000.0
0.0,0.0,0.0,0.0,98.17,1.83,50000.0
0.0,0.0,0.0,0.0,98.17,1.83,50000.0
0.0,0.0,0.0,0.0,98.17,1.83,50000.0
0.0,0.0,0.0,0.0,98.17,1.83,50000.0
0.0,0.0,0.0,0.0,98.17,1.83,50000.0
0.0,0.0,0.0,0.0,98.17,1.83,50000.0
0.0,0.0,0.0,0.0,98.17,1.83,50000.0
0.0,0.0,0.0,0.0,98.17,1.83,50000.0
0.0,0.0,0.0,0.0,98.17,1.83,50000.0
0.0,0.0,0.0,0.0,98.17,1.83,50000.0
0.0,0.0,0.0,0.0,98.17,1.83,50000.0
0.0,0.0,0.0,0.0,98.17,1.83,50000.0
0.0,0.0,0.0,0.0,98.17,1.83,50000.0
0.0,0.0,0.0,0.0,98.17,1.83,50000.0
0.0,0.0,0.0,0.0,98.17,1.83,50000.0
0.0,0.0,0.0,0.0,98.17,1.83,50000.0
0.0,0.0,0.0,0.0,98.17,1.83,50000.0
0.0,0.0,0.0,0.0,98.17,1.83,50000.0
0.0,0.0,0.0,0.0,98.17,1.83,50000.0
0.0,0.0,0.0,0.0,98.17,1.83,50000.0
0.0,0.0,0.0,0.0,98.17,1.83,50000.0
0.0,0.0,0.0,0.0,98.17,1.83,50000.0
0.0,0.0,0.0,0.0,98.17,1.83,50000.0
0.0,0.0,0.0,0.0,98.17,1.83,50000.0