incubando,i_mild,i_grave,susceptibles,recuperados,muertos
0.88,0.0,0.0,99.12,0.0,0.0
2.31,0.0,0.0,97.69,0.0,0.0
5.53,0.0,0.0,94.47,0.0,0.0
12.51,0.0,0.0,87.49,0.0,0.0
26.5,0.0,0.0,73.5,0.0,0.0
49.83,0.0,0.0,50.17,0.0,0.0
77.44,0.0,0.0,22.56,0.0,0.0
94.24,0.62,0.25,4.88,0.0,0.0
97.32,1.64,0.67,0.38,0.0,0.0
94.47,3.92,1.61,0.01,0.0,0.0
87.49,8.86,3.63,0.0,0.0,0.01
73.5,18.75,7.73,0.0,0.0,0.02
50.17,35.25,14.53,0.0,0.0,0.04
22.56,54.79,22.56,0.0,0.0,0.09
4.88,67.37,27.59,0.0,0.0,0.16
0.38,70.55,28.82,0.0,0.0,0.25
0.01,70.81,28.84,0.0,0.0,0.34
0.0,70.19,28.76,0.0,0.62,0.43
0.0,69.18,28.68,0.0,1.64,0.51
0.0,66.9,28.59,0.0,3.92,0.6
0.0,61.95,28.5,0.0,8.86,0.68
0.0,52.06,28.41,0.0,18.75,0.77
0.0,35.56,28.32,0.0,35.25,0.86
0.0,16.02,28.24,0.0,54.79,0.95
0.0,3.44,28.15,0.0,67.37,1.03
0.0,0.26,28.07,0.0,70.55,1.12
0.0,0.0,27.98,0.0,70.81,1.2
0.0,0.0,27.9,0.0,70.81,1.29
0.0,0.0,27.58,0.0,71.05,1.37
0.0,0.0,27.11,0.0,71.44,1.45
0.0,0.0,26.15,0.0,72.32,1.53
0.0,0.0,24.17,0.0,74.22,1.61
0.0,0.0,20.24,0.0,78.08,1.68
0.0,0.0,13.78,0.0,84.48,1.74
0.0,0.0,6.16,0.0,92.06,1.78
0.0,0.0,1.36,0.0,96.85,1.8
0.0,0.0,0.11,0.0,98.09,1.8
0.0,0.0,0.0,0.0,98.2,1.8
0.0,0.0,0.0,0.0,98.2,1.8
0.0,0.0,0.0,0.0,98.2,1.8
0.0,0.0,0.0,0.0,98.2,1.8
0.0,0.0,0.0,0.0,98.2,1.8
0.0,0.0,0.0,0.0,98.2,1.8
0.0,0.0,0.0,0.0,98.2,1.8
0.0,0.0,0.0,0.0,98.2,1.8
0.0,0.0,0.0,0.0,98.2,1.8
0.0,0.0,0.0,0.0,98.2,1.8
0.0,0.0,0.0,0.0,98.2,1.8
0.0,0.0,0.0,0.0,98.2,1.8
0.0,0.0,0.0,0.0,98.2,1.8
0.0,0.0,0.0,0.0,98.2,1.8
0.0,0.0,0.0,0.0,98.2,1.8
0.0,0.0,0.0,0.0,98.2,1.8
0.0,0.0,0.0,0.0,98.2,1.8
0.0,0.0,0.0,0.0,98.2,1.8
0.0,0.0,0.0,0.0,98.2,1.8
0.0,0.0,0.0,0.0,98.2,1.8
0.0,0.0,0.0,0.0,98.2,1.8
0.0,0.0,0.0,0.0,98.2,1.8
0.0,0.0,0.0,0.0,98.2,1.8
0.0,0.0,0.0,0.0,98.2,1.8
0.0,0.0,0.0,0.0,98.2,1.8
0.0,0.0,0.0,0.0,98.2,1.8
0.0,0.0,0.0,0.0,98.2,1.8
0.0,0.0,0.0,0.0,98.2,1.8
0.0,0.0,0.0,0.0,98.2,1.8
0.0,0.0,0.0,0.0,98.2,1.8
0.0,0.0,0.0,0.0,98.2,1.8
0.0,0.0,0.0,0.0,98.2,1.8
0.0,0.0,0.0,0.0,98.2,1.8
0.0,0.0,0.0,0.0,98.2,1.8
0.0,0.0,0.0,0.0,98.2,1.8
0.0,0.0,0.0,0.0,98.2,1.8
0.0,0.0,0.0,0.0,98.2,1.8
0.0,0.0,0.0,0.0,98.2,1.8
0.0,0.0,0.0,0.0,98.2,1.8
0.0,0.0,0.0,0.0,98.2,1.8
0.0,0.0,0.0,0.0,98.2,1.8
0.0,0.0,0.0,0.0,98.2,1.8
0.0,0.0,0.0,0.0,98.2,1.8
0.0,0.0,0.0,0.0,98.2,1.8
0.0,0.0,0.0,0.0,98.2,1.8
0.0,0.0,0.0,0.0,98.2,1.8
0.0,0.0,0.0,0.0,98.2,1.8
0.0,0.0,0.0,0.0,98.2,1.8
0.0,0.0,0.0,0.0,98.2,1.8
0.0,0.0,0.0,0.0,98.2,1.8
0.0,0.0,0.0,0.0,98.2,1.8
0.0,0.0,0.0,0.0,98.2,1.8
0.0,0.0,0.0,0.0,98.2,1.8
0.0,0.0,0.0,0.0,98.2,1.8
0.0,0.0,0.0,0.0,98.2,1.8
0.0,0.0,0.0,0.0,98.2,1.8
0.0,0.0,0.0,0.0,98.2,1.8
0.0,0.0,0.0,0.0,98.2,1.8
0.0,0.0,0.0,0.0,98.2,1.8
0.0,0.0,0.0,0.0,98.2,1.8
0.0,0.0,0.0,0.0,98.2,1.8
0.0,0.0,0.0,0.0,98.2,1.8
0.0,0.0,0.0,0.0,98.2,1.8
0.0,0.0,0.0,0.0,98.2,1.8
0.0,0.0,0.0,0.0,98.2,1.8
0.0,0.0,0.0,0.0,98.2,1.8
0.0,0.0,0.0,0.0,98.2,1.8
0.0,0.0,0.0,0.0,98.2,1.8
0.0,0.0,0.0,0.0,98.2,1.8
0.0,0.0,0.0,0.0,98.2,1.8
0.0,0.0,0.0,0.0,98.2,1.8
0.0,0.0,0.0,0.0,98.2,1.8
0.0,0.0,0.0,0.0,98.2,1.8
0.0,0.0,0.0,0.0,98.2,1.8
0.0,0.0,0.0,0.0,98.2,1.8
0.0,0.0,0.0,0.0,98.2,1.8
0.0,0.0,0.0,0.0,98.2,1.8
0.0,0.0,0.0,0.0,98.2,1.8
0.0,0.0,0.0,0.0,98.2,1.8
0.0,0.0,0.0,0.0,98.2,1.8
0.0,0.0,0.0,0.0,98.2,1.8
0.0,0.0,0.0,0.0,98.2,1.8
0.0,0.0,0.0,0.0,98.2,1.8
0.0,0.0,0.0,0.0,98.2,1.8
0.0,0.0,0.0,0.0,98.2,1.8
0.0,0.0,0.0,0.0,98.2,1.8
0.0,0.0,0.0,0.0,98.2,1.8
0.0,0.0,0.0,0.0,98.2,1.8
0.0,0.0,0.0,0.0,98.2,1.8
0.0,0.0,0.0,0.0,98.2,1.8
0.0,0.0,0.0,0.0,98.2,1.8
0.0,0.0,0.0,0.0,98.2,1.8
0.0,0.0,0.0,0.0,98.2,1.8
0.0,0.0,0.0,0.0,98.2,1.8
0.0,0.0,0.0,0.0,98.2,1.8
0.0,0.0,0.0,0.0,98.2,1.8
0.0,0.0,0.0,0.0,98.2,1.8
0.0,0.0,0.0,0.0,98.2,1.8
0.0,0.0,0.0,0.0,98.2,1.8
0.0,0.0,0.0,0.0,98.2,1.8
0.0,0.0,0.0,0.0,98.2,1.8
0.0,0.0,0.0,0.0,98.2,1.8
0.0,0.0,0.0,0.0,98.2,1.8
0.0,0.0,0.0,0.0,98.2,1.8
0.0,0.0,0.0,0.0,98.2,1.8
0.0,0.0,0.0,0.0,98.2,1.8
0.0,0.0,0.0,0.0,98.2,1.8
0.0,0.0,0.0,0.0,98.2,1.8
0.0,0.0,0.0,0.0,98.2,1.8
0.0,0.0,0.0,0.0,98.2,1.8
0.0,0.0,0.0,0.0,98.2,1.8
0.0,0.0,0.0,0.0,98.2,1.8
0.0,0.0,0.0,0.0,98.2,1.8
0.0,0.0,0.0,0.0,98.2,1.8
0.0,0.0,0.0,0.0,98.2,1.8
0.0,0.0,0.0,0.0,98.2,1.8
0.0,0.0,0.0,0.0,98.2,1.8
0.0,0.0,0.0,0.0,98.2,1.8
0.0,0.0,0.0,0.0,98.2,1.8
0.0,0.0,0.0,0.0,98.2,1.8
0.0,0.0,0.0,0.0,98.2,1.8
0.0,0.0,0.0,0.0,98.2,1.8
0.0,0.0,0.0,0.0,98.2,1.8
0.0,0.0,0.0,0.0,98.2,1.8
0.0,0.0,0.0,0.0,98.2,1.8
0.0,0.0,0.0,0.0,98.2,1.8
0.0,0.0,0.0,0.0,98.2,1.8
0.0,0.0,0.0,0.0,98.2,1.8
0.0,0.0,0.0,0.0,98.2,1.8
0.0,0.0,0.0,0.0,98.2,1.8
0.0,0.0,0.0,0.0,98.2,1.8
0.0,0.0,0.0,0.0,98.2,1.8
0.0,0.0,0.0,0.0,98.2,1.8
0.0,0.0,0.0,0.0,98.2,1.8
0.0,0.0,0.0,0.0,98.2,1.8
0.0,0.0,0.0,0.0,98.2,1.8
0.0,0.0,0.0,0.0,98.2,1.8
0.0,0.0,0.0,0.0,98.2,1.8
0.0,0.0,0.0,0.0,98.2,1.8
0.0,0.0,0.0,0.0,98.2,1.8
0.0,0.0,0.0,0.0,98.2,1.8
0.0,0.0,0.0,0.0,98.2,1.8
0.0,0.0,0.0,0.0,98.2,1.8
0.0,0.0,0.0,0.0,98.2,1.8
0.0,0.0,0.0,0.0,98.2,1.8
0.0,0.0,0.0,0.0,98.2,1.8
0.0,0.0,0.0,0.0,98.2,1.8
0.0,0.0,0.0,0.0,98.2,1.8
0.0,0.0,0.0,0.0,98.2,1.8
0.0,0.0,0.0,0.0,98.2,1.8
0.0,0.0,0.0,0.0,98.2,1.8
0.0,0.0,0.0,0.0,98.2,1.8
0.0,0.0,0.0,0.0,98.2,1.8
0.0,0.0,0.0,0.0,98.2,1.8
0.0,0.0,0.0,0.0,98.2,1.8
0.0,0.0,0.0,0.0,98.2,1.8
0.0,0.0,0.0,0.0,98.2,1.8
0.0,0.0,0.0,0.0,98.2,1.8
0.0,0.0,0.0,0.0,98.2,1.8
0.0,0.0,0.0,0.0,98.2,1.8
0.0,0.0,0.0,0.0,98.2,1.8
0.0,0.0,0.0,0.0,98.2,1.8
0.0,0.0,0.0,0.0,98.2,1.8
0.0,0.0,0.0,0.0,98.2,1.8
0.0,0.0,0.0,0.0,98.2,1.8
0.0,0.0,0.0,0.0,98.2,1.8
0.0,0.0,0.0,0.0,98.2,1.8
0.0,0.0,0.0,0.0,98.2,1.8
0.0,0.0,0.0,0.0,98.2,1.8
0.0,0.0,0.0,0.0,98.2,1.8
0.0,0.0,0.0,0.0,98.2,1.8
0.0,0.0,0.0,0.0,98.2,1.8
0.0,0.0,0.0,0.0,98.2,1.8
0.0,0.0,0.0,0.0,98.2,1.8
0.0,0.0,0.0,0.0,98.2,1.8
0.0,0.0,0.0,0.0,98.2,1.8
0.0,0.0,0.0,0.0,98.2,1.8
0.0,0.0,0.0,0.0,98.2,1.8
0.0,0.0,0.0,0.0,98.2,1.8
0.0,0.0,0.0,0.0,98.2,1.8
0.0,0.0,0.0,0.0,98.2,1.8
0.0,0.0,0.0,0.0,98.2,1.8
0.0,0.0,0.0,0.0,98.2,1.8
0.0,0.0,0.0,0.0,98.2,1.8
0.0,0.0,0.0,0.0,98.2,1.8
0.0,0.0,0.0,0.0,98.2,1.8
0.0,0.0,0.0,0.0,98.2,1.8
0.0,0.0,0.0,0.0,98.2,1.8
0.0,0.0,0.0,0.0,98.2,1.8
0.0,0.0,0.0,0.0,98.2,1.8
0.0,0.0,0.0,0.0,98.2,1.8
0.0,0.0,0.0,0.0,98.2,1.8
0.0,0.0,0.0,0.0,98.2,1.8
0.0,0.0,0.0,0.0,98.2,1.8
0.0,0.0,0.0,0.0,98.2,1.8
0.0,0.0,0.0,0.0,98.2,1.8
0.0,0.0,0.0,0.0,98.2,1.8
0.0,0.0,0.0,0.0,98.2,1.8
0.0,0.0,0.0,0.0,98.2,1.8
0.0,0.0,0.0,0.0,98.2,1.8
0.0,0.0,0.0,0.0,98.2,1.8
0.0,0.0,0.0,0.0,98.2,1.8
0.0,0.0,0.0,0.0,98.2,1.8
0.0,0.0,0.0,0.0,98.2,1.8
0.0,0.0,0.0,0.0,98.2,1.8
0.0,0.0,0.0,0.0,98.2,1.8
0.0,0.0,0.0,0.0,98.2,1.8
0.0,0.0,0.0,0.0,98.2,1.8
0.0,0.0,0.0,0.0,98.2,1.8
0.0,0.0,0.0,0.0,98.2,1.8
0.0,0.0,0.0,0.0,98.2,1.8
0.0,0.0,0.0,0.0,98.2,1.8
0.0,0.0,0.0,0.0,98.2,1.8
0.0,0.0,0.0,0.0,98.2,1.8
0.0,0.0,0.0,0.0,98.2,1.8
0.0,0.0,0.0,0.0,98.2,1.8
0.0,0.0,0.0,0.0,98.2,1.8
0.0,0.0,0.0,0.0,98.2,1.8
0.0,0.0,0.0,0.0,98.2,1.8
0.0,0.0,0.0,0.0,98.2,1.8
0.0,0.0,0.0,0.0,98.2,1.8
0.0,0.0,0.0,0.0,98.2,1.8
0.0,0.0,0.0,0.0,98.2,1.8
0.0,0.0,0.0,0.0,98.2,1.8
0.0,0.0,0.0,0.0,98.2,1.8
0.0,0.0,0.0,0.0,98.2,1.8
0.0,0.0,0.0,0.0,98.2,1.8
0.0,0.0,0.0,0.0,98.2,1.8
0.0,0.0,0.0,0.0,98.2,1.8
0.0,0.0,0.0,0.0,98.2,1.8
0.0,0.0,0.0,0.0,98.2,1.8
0.0,0.0,0.0,0.0,98.2,1.8
0.0,0.0,0.0,0.0,98.2,1.8
0.0,0.0,0.0,0.0,98.2,1.8
0.0,0.0,0.0,0.0,98.2,1.8
0.0,0.0,0.0,0.0,98.2,1.8
0.0,0.0,0.0,0.0,98.2,1.8
0.0,0.0,0.0,0.0,98.2,1.8
0.0,0.0,0.0,0.0,98.2,1.8
0.0,0.0,0.0,0.0,98.2,1.8
0.0,0.0,0.0,0.0,98.2,1.8
0.0,0.0,0.0,0.0,98.2,1.8
0.0,0.0,0.0,0.0,98.2,1.8
0.0,0.0,0.0,0.0,98.2,1.8
0.0,0.0,0.0,0.0,98.2,1.8
0.0,0.0,0.0,0.0,98.2,1.8
0.0,0.0,0.0,0.0,98.2,1.8
0.0,0.0,0.0,0.0,98.2,1.8
0.0,0.0,0.0,0.0,98.2,1.8
0.0,0.0,0.0,0.0,98.2,1.8
0.0,0.0,0.0,0.0,98.2,1.8
0.0,0.0,0.0,0.0,98.2,1.8
0.0,0.0,0.0,0.0,98.2,1.8
0.0,0.0,0.0,0.0,98.2,1.8
0.0,0.0,0.0,0.0,98.2,1.8
0.0,0.0,0.0,0.0,98.2,1.8
0.0,0.0,0.0,0.0,98.2,1.8
0.0,0.0,0.0,0.0,98.2,1.8
0.0,0.0,0.0,0.0,98.2,1.8
0.0,0.0,0.0,0.0,98.2,1.8
0.0,0.0,0.0,0.0,98.2,1.8
0.0,0.0,0.0,0.0,98.2,1.8
0.0,0.0,0.0,0.0,98.2,1.8
0.0,0.0,0.0,0.0,98.2,1.8
0.0,0.0,0.0,0.0,98.2,1.8
0.0,0.0,0.0,0.0,98.2,1.8
0.0,0.0,0.0,0.0,98.2,1.8
0.0,0.0,0.0,0.0,98.2,1.8
0.0,0.0,0.0,0.0,98.2,1.8
0.0,0.0,0.0,0.0,98.2,1.8
0.0,0.0,0.0,0.0,98.2,1.8
0.0,0.0,0.0,0.0,98.2,1.8
0.0,0.0,0.0,0.0,98.2,1.8
0.0,0.0,0.0,0.0,98.2,1.8
0.0,0.0,0.0,0.0,98.2,1.8
0.0,0.0,0.0,0.0,98.2,1.8
0.0,0.0,0.0,0.0,98.2,1.8
0.0,0.0,0.0,0.0,98.2,1.8
0.0,0.0,0.0,0.0,98.2,1.8
0.0,0.0,0.0,0.0,98.2,1.8
0.0,0.0,0.0,0.0,98.2,1.8
0.0,0.0,0.0,0.0,98.2,1.8
0.0,0.0,0.0,0.0,98.2,1.8
0.0,0.0,0.0,0.0,98.2,1.8
0.0,0.0,0.0,0.0,98.2,1.8
0.0,0.0,0.0,0.0,98.2,1.8
0.0,0.0,0.0,0.0,98.2,1.8
0.0,0.0,0.0,0.0,98.2,1.8
0.0,0.0,0.0,0.0,98.2,1.8
0.0,0.0,0.0,0.0,98.2,1.8
0.0,0.0,0.0,0.0,98.2,1.8
0.0,0.0,0.0,0.0,98.2,1.8
0.0,0.0,0.0,0.0,98.2,1.8
0.0,0.0,0.0,0.0,98.2,1.8
0.0,0.0,0.0,0.0,98.2,1.8
0.0,0.0,0.0,0.0,98.2,1.8
0.0,0.0,0.0,0.0,98.2,1.8
0.0,0.0,0.0,0.0,98.2,1.8
0.0,0.0,0.0,0.0,98.2,1.8
0.0,0.0,0.0,0.0,98.2,1.8
0.0,0.0,0.0,0.0,98.2,1.8
0.0,0.0,0.0,0.0,98.2,1.8
0.0,0.0,0.0,0.0,98.2,1.8
0.0,0.0,0.0,0.0,98.2,1.8
0.0,0.0,0.0,0.0,98.2,1.8
0.0,0.0,0.0,0.0,98.2,1.8
0.0,0.0,0.0,0.0,98.2,1.8
0.0,0.0,0.0,0.0,98.2,1.8
0.0,0.0,0.0,0.0,98.2,1.8
0.0,0.0,0.0,0.0,98.2,1.8
0.0,0.0,0.0,0.0,98.2,1.8
0.0,0.0,0.0,0.0,98.2,1.8
0.0,0.0,0.0,0.0,98.2,1.8
0.0,0.0,0.0,0.0,98.2,1.8
0.0,0.0,0.0,0.0,98.2,1.8
0.0,0.0,0.0,0.0,98.2,1.8
0.0,0.0,0.0,0.0,98.2,1.8
0.0,0.0,0.0,0.0,98.2,1.8
0.0,0.0,0.0,0.0,98.2,1.8
0.0,0.0,0.0,0.0,98.2,1.8
0.0,0.0,0.0,0.0,98.2,1.8
0.0,0.0,0.0,0.0,98.2,1.8
0.0,0.0,0.0,0.0,98.2,1.8
0.0,0.0,0.0,0.0,98.2,1.8
0.0,0.0,0.0,0.0,98.2,1.8
0.0,0.0,0.0,0.0,98.2,1.8
0.0,0.0,0.0,0.0,98.2,1.8
0.0,0.0,0.0,0.0,98.2,1.8