incubando,i_mild,i_grave,susceptibles,recuperados,muertos
1.01,0.0,0.0,98.99,0.0,0.0
2.68,0.0,0.0,97.32,0.0,0.0
7.07,0.0,0.0,92.93,0.0,0.0
17.77,0.0,0.0,82.23,0.0,0.0
39.98,0.0,0.0,60.02,0.0,0.0
72.36,0.0,0.0,27.64,0.0,0.0
95.18,0.0,0.0,4.82,0.0,0.0
98.85,0.7,0.31,0.14,0.0,0.0
97.32,1.87,0.8,0.0,0.0,0.0
92.93,4.96,2.11,0.0,0.0,0.0
82.23,12.53,5.23,0.0,0.0,0.01
60.02,28.27,11.68,0.0,0.0,0.03
27.64,51.19,21.11,0.0,0.0,0.06
4.82,67.32,27.74,0.0,0.0,0.12
0.14,70.62,29.02,0.0,0.0,0.21
0.0,70.72,28.98,0.0,0.0,0.3
0.0,70.72,28.9,0.0,0.0,0.38
0.0,70.02,28.81,0.0,0.7,0.47
0.0,68.85,28.71,0.0,1.87,0.57
0.0,65.76,28.63,0.0,4.96,0.65
0.0,58.19,28.54,0.0,12.53,0.74
0.0,42.45,28.45,0.0,28.27,0.83
0.0,19.53,28.36,0.0,51.19,0.92
0.0,3.41,28.27,0.0,67.32,1.01
0.0,0.1,28.18,0.0,70.62,1.1
0.0,0.0,28.11,0.0,70.72,1.17
0.0,0.0,28.02,0.0,70.72,1.26
0.0,0.0,27.94,0.0,70.72,1.34
0.0,0.0,27.55,0.0,71.01,1.44
0.0,0.0,27.0,0.0,71.47,1.53
0.0,0.0,25.68,0.0,72.7,1.62
0.0,0.0,22.68,0.0,75.62,1.7
0.0,0.0,16.56,0.0,81.68,1.76
0.0,0.0,7.63,0.0,90.57,1.81
0.0,0.0,1.33,0.0,96.84,1.83
0.0,0.0,0.04,0.0,98.13,1.83
0.0,0.0,0.0,0.0,98.17,1.83
0.0,0.0,0.0,0.0,98.17,1.83
0.0,0.0,0.0,0.0,98.17,1.83
0.0,0.0,0.0,0.0,98.17,1.83
0.0,0.0,0.0,0.0,98.17,1.83
0.0,0.0,0.0,0.0,98.17,1.83
0.0,0.0,0.0,0.0,98.17,1.83
0.0,0.0,0.0,0.0,98.17,1.83
0.0,0.0,0.0,0.0,98.17,1.83
0.0,0.0,0.0,0.0,98.17,1.83
0.0,0.0,0.0,0.0,98.17,1.83
0.0,0.0,0.0,0.0,98.17,1.83
0.0,0.0,0.0,0.0,98.17,1.83
0.0,0.0,0.0,0.0,98.17,1.83
0.0,0.0,0.0,0.0,98.17,1.83
0.0,0.0,0.0,0.0,98.17,1.83
0.0,0.0,0.0,0.0,98.17,1.83
0.0,0.0,0.0,0.0,98.17,1.83
0.0,0.0,0.0,0.0,98.17,1.83
0.0,0.0,0.0,0.0,98.17,1.83
0.0,0.0,0.0,0.0,98.17,1.83
0.0,0.0,0.0,0.0,98.17,1.83
0.0,0.0,0.0,0.0,98.17,1.83
0.0,0.0,0.0,0.0,98.17,1.83
0.0,0.0,0.0,0.0,98.17,1.83
0.0,0.0,0.0,0.0,98.17,1.83
0.0,0.0,0.0,0.0,98.17,1.83
0.0,0.0,0.0,0.0,98.17,1.83
0.0,0.0,0.0,0.0,98.17,1.83
0.0,0.0,0.0,0.0,98.17,1.83
0.0,0.0,0.0,0.0,98.17,1.83
0.0,0.0,0.0,0.0,98.17,1.83
0.0,0.0,0.0,0.0,98.17,1.83
0.0,0.0,0.0,0.0,98.17,1.83
0.0,0.0,0.0,0.0,98.17,1.83
0.0,0.0,0.0,0.0,98.17,1.83
0.0,0.0,0.0,0.0,98.17,1.83
0.0,0.0,0.0,0.0,98.17,1.83
0.0,0.0,0.0,0.0,98.17,1.83
0.0,0.0,0.0,0.0,98.17,1.83
0.0,0.0,0.0,0.0,98.17,1.83
0.0,0.0,0.0,0.0,98.17,1.83
0.0,0.0,0.0,0.0,98.17,1.83
0.0,0.0,0.0,0.0,98.17,1.83
0.0,0.0,0.0,0.0,98.17,1.83
0.0,0.0,0.0,0.0,98.17,1.83
0.0,0.0,0.0,0.0,98.17,1.83
0.0,0.0,0.0,0.0,98.17,1.83
0.0,0.0,0.0,0.0,98.17,1.83
0.0,0.0,0.0,0.0,98.17,1.83
0.0,0.0,0.0,0.0,98.17,1.83
0.0,0.0,0.0,0.0,98.17,1.83
0.0,0.0,0.0,0.0,98.17,1.83
0.0,0.0,0.0,0.0,98.17,1.83
0.0,0.0,0.0,0.0,98.17,1.83
0.0,0.0,0.0,0.0,98.17,1.83
0.0,0.0,0.0,0.0,98.17,1.83
0.0,0.0,0.0,0.0,98.17,1.83
0.0,0.0,0.0,0.0,98.17,1.83
0.0,0.0,0.0,0.0,98.17,1.83
0.0,0.0,0.0,0.0,98.17,1.83
0.0,0.0,0.0,0.0,98.17,1.83
0.0,0.0,0.0,0.0,98.17,1.83
0.0,0.0,0.0,0.0,98.17,1.83
0.0,0.0,0.0,0.0,98.17,1.83
0.0,0.0,0.0,0.0,98.17,1.83
0.0,0.0,0.0,0.0,98.17,1.83
0.0,0.0,0.0,0.0,98.17,1.83
0.0,0.0,0.0,0.0,98.17,1.83
0.0,0.0,0.0,0.0,98.17,1.83
0.0,0.0,0.0,0.0,98.17,1.83
0.0,0.0,0.0,0.0,98.17,1.83
0.0,0.0,0.0,0.0,98.17,1.83
0.0,0.0,0.0,0.0,98.17,1.83
0.0,0.0,0.0,0.0,98.17,1.83
0.0,0.0,0.0,0.0,98.17,1.83
0.0,0.0,0.0,0.0,98.17,1.83
0.0,0.0,0.0,0.0,98.17,1.83
0.0,0.0,0.0,0.0,98.17,1.83
0.0,0.0,0.0,0.0,98.17,1.83
0.0,0.0,0.0,0.0,98.17,1.83
0.0,0.0,0.0,0.0,98.17,1.83
0.0,0.0,0.0,0.0,98.17,1.83
0.0,0.0,0.0,0.0,98.17,1.83
0.0,0.0,0.0,0.0,98.17,1.83
0.0,0.0,0.0,0.0,98.17,1.83
0.0,0.0,0.0,0.0,98.17,1.83
0.0,0.0,0.0,0.0,98.17,1.83
0.0,0.0,0.0,0.0,98.17,1.83
0.0,0.0,0.0,0.0,98.17,1.83
0.0,0.0,0.0,0.0,98.17,1.83
0.0,0.0,0.0,0.0,98.17,1.83
0.0,0.0,0.0,0.0,98.17,1.83
0.0,0.0,0.0,0.0,98.17,1.83
0.0,0.0,0.0,0.0,98.17,1.83
0.0,0.0,0.0,0.0,98.17,1.83
0.0,0.0,0.0,0.0,98.17,1.83
0.0,0.0,0.0,0.0,98.17,1.83
0.0,0.0,0.0,0.0,98.17,1.83
0.0,0.0,0.0,0.0,98.17,1.83
0.0,0.0,0.0,0.0,98.17,1.83
0.0,0.0,0.0,0.0,98.17,1.83
0.0,0.0,0.0,0.0,98.17,1.83
0.0,0.0,0.0,0.0,98.17,1.83
0.0,0.0,0.0,0.0,98.17,1.83
0.0,0.0,0.0,0.0,98.17,1.83
0.0,0.0,0.0,0.0,98.17,1.83
0.0,0.0,0.0,0.0,98.17,1.83
0.0,0.0,0.0,0.0,98.17,1.83
0.0,0.0,0.0,0.0,98.17,1.83
0.0,0.0,0.0,0.0,98.17,1.83
0.0,0.0,0.0,0.0,98.17,1.83
0.0,0.0,0.0,0.0,98.17,1.83
0.0,0.0,0.0,0.0,98.17,1.83
0.0,0.0,0.0,0.0,98.17,1.83
0.0,0.0,0.0,0.0,98.17,1.83
0.0,0.0,0.0,0.0,98.17,1.83
0.0,0.0,0.0,0.0,98.17,1.83
0.0,0.0,0.0,0.0,98.17,1.83
0.0,0.0,0.0,0.0,98.17,1.83
0.0,0.0,0.0,0.0,98.17,1.83
0.0,0.0,0.0,0.0,98.17,1.83
0.0,0.0,0.0,0.0,98.17,1.83
0.0,0.0,0.0,0.0,98.17,1.83
0.0,0.0,0.0,0.0,98.17,1.83
0.0,0.0,0.0,0.0,98.17,1.83
0.0,0.0,0.0,0.0,98.17,1.83
0.0,0.0,0.0,0.0,98.17,1.83
0.0,0.0,0.0,0.0,98.17,1.83
0.0,0.0,0.0,0.0,98.17,1.83
0.0,0.0,0.0,0.0,98.17,1.83
0.0,0.0,0.0,0.0,98.17,1.83
0.0,0.0,0.0,0.0,98.17,1.83
0.0,0.0,0.0,0.0,98.17,1.83
0.0,0.0,0.0,0.0,98.17,1.83
0.0,0.0,0.0,0.0,98.17,1.83
0.0,0.0,0.0,0.0,98.17,1.83
0.0,0.0,0.0,0.0,98.17,1.83
0.0,0.0,0.0,0.0,98.17,1.83
0.0,0.0,0.0,0.0,98.17,1.83
0.0,0.0,0.0,0.0,98.17,1.83
0.0,0.0,0.0,0.0,98.17,1.83
0.0,0.0,0.0,0.0,98.17,1.83
0.0,0.0,0.0,0.0,98.17,1.83
0.0,0.0,0.0,0.0,98.17,1.83
0.0,0.0,0.0,0.0,98.17,1.83
0.0,0.0,0.0,0.0,98.17,1.83
0.0,0.0,0.0,0.0,98.17,1.83
0.0,0.0,0.0,0.0,98.17,1.83
0.0,0.0,0.0,0.0,98.17,1.83
0.0,0.0,0.0,0.0,98.17,1.83
0.0,0.0,0.0,0.0,98.17,1.83
0.0,0.0,0.0,0.0,98.17,1.83
0.0,0.0,0.0,0.0,98.17,1.83
0.0,0.0,0.0,0.0,98.17,1.83
0.0,0.0,0.0,0.0,98.17,1.83
0.0,0.0,0.0,0.0,98.17,1.83
0.0,0.0,0.0,0.0,98.17,1.83
0.0,0.0,0.0,0.0,98.17,1.83
0.0,0.0,0.0,0.0,98.17,1.83
0.0,0.0,0.0,0.0,98.17,1.83
0.0,0.0,0.0,0.0,98.17,1.83
0.0,0.0,0.0,0.0,98.17,1.83
0.0,0.0,0.0,0.0,98.17,1.83
0.0,0.0,0.0,0.0,98.17,1.83
0.0,0.0,0.0,0.0,98.17,1.83
0.0,0.0,0.0,0.0,98.17,1.83
0.0,0.0,0.0,0.0,98.17,1.83
0.0,0.0,0.0,0.0,98.17,1.83
0.0,0.0,0.0,0.0,98.17,1.83
0.0,0.0,0.0,0.0,98.17,1.83
0.0,0.0,0.0,0.0,98.17,1.83
0.0,0.0,0.0,0.0,98.17,1.83
0.0,0.0,0.0,0.0,98.17,1.83
0.0,0.0,0.0,0.0,98.17,1.83
0.0,0.0,0.0,0.0,98.17,1.83
0.0,0.0,0.0,0.0,98.17,1.83
0.0,0.0,0.0,0.0,98.17,1.83
0.0,0.0,0.0,0.0,98.17,1.83
0.0,0.0,0.0,0.0,98.17,1.83
0.0,0.0,0.0,0.0,98.17,1.83
0.0,0.0,0.0,0.0,98.17,1.83
0.0,0.0,0.0,0.0,98.17,1.83
0.0,0.0,0.0,0.0,98.17,1.83
0.0,0.0,0.0,0.0,98.17,1.83
0.0,0.0,0.0,0.0,98.17,1.83
0.0,0.0,0.0,0.0,98.17,1.83
0.0,0.0,0.0,0.0,98.17,1.83
0.0,0.0,0.0,0.0,98.17,1.83
0.0,0.0,0.0,0.0,98.17,1.83
0.0,0.0,0.0,0.0,98.17,1.83
0.0,0.0,0.0,0.0,98.17,1.83
0.0,0.0,0.0,0.0,98.17,1.83
0.0,0.0,0.0,0.0,98.17,1.83
0.0,0.0,0.0,0.0,98.17,1.83
0.0,0.0,0.0,0.0,98.17,1.83
0.0,0.0,0.0,0.0,98.17,1.83
0.0,0.0,0.0,0.0,98.17,1.83
0.0,0.0,0.0,0.0,98.17,1.83
0.0,0.0,0.0,0.0,98.17,1.83
0.0,0.0,0.0,0.0,98.17,1.83
0.0,0.0,0.0,0.0,98.17,1.83
0.0,0.0,0.0,0.0,98.17,1.83
0.0,0.0,0.0,0.0,98.17,1.83
0.0,0.0,0.0,0.0,98.17,1.83
0.0,0.0,0.0,0.0,98.17,1.83
0.0,0.0,0.0,0.0,98.17,1.83
0.0,0.0,0.0,0.0,98.17,1.83
0.0,0.0,0.0,0.0,98.17,1.83
0.0,0.0,0.0,0.0,98.17,1.83
0.0,0.0,0.0,0.0,98.17,1.83
0.0,0.0,0.0,0.0,98.17,1.83
0.0,0.0,0.0,0.0,98.17,1.83
0.0,0.0,0.0,0.0,98.17,1.83
0.0,0.0,0.0,0.0,98.17,1.83
0.0,0.0,0.0,0.0,98.17,1.83
0.0,0.0,0.0,0.0,98.17,1.83
0.0,0.0,0.0,0.0,98.17,1.83
0.0,0.0,0.0,0.0,98.17,1.83
0.0,0.0,0.0,0.0,98.17,1.83
0.0,0.0,0.0,0.0,98.17,1.83
0.0,0.0,0.0,0.0,98.17,1.83
0.0,0.0,0.0,0.0,98.17,1.83
0.0,0.0,0.0,0.0,98.17,1.83
0.0,0.0,0.0,0.0,98.17,1.83
0.0,0.0,0.0,0.0,98.17,1.83
0.0,0.0,0.0,0.0,98.17,1.83
0.0,0.0,0.0,0.0,98.17,1.83
0.0,0.0,0.0,0.0,98.17,1.83
0.0,0.0,0.0,0.0,98.17,1.83
0.0,0.0,0.0,0.0,98.17,1.83
0.0,0.0,0.0,0.0,98.17,1.83
0.0,0.0,0.0,0.0,98.17,1.83
0.0,0.0,0.0,0.0,98.17,1.83
0.0,0.0,0.0,0.0,98.17,1.83
0.0,0.0,0.0,0.0,98.17,1.83
0.0,0.0,0.0,0.0,98.17,1.83
0.0,0.0,0.0,0.0,98.17,1.83
0.0,0.0,0.0,0.0,98.17,1.83
0.0,0.0,0.0,0.0,98.17,1.83
0.0,0.0,0.0,0.0,98.17,1.83
0.0,0.0,0.0,0.0,98.17,1.83
0.0,0.0,0.0,0.0,98.17,1.83
0.0,0.0,0.0,0.0,98.17,1.83
0.0,0.0,0.0,0.0,98.17,1.83
0.0,0.0,0.0,0.0,98.17,1.83
0.0,0.0,0.0,0.0,98.17,1.83
0.0,0.0,0.0,0.0,98.17,1.83
0.0,0.0,0.0,0.0,98.17,1.83
0.0,0.0,0.0,0.0,98.17,1.83
0.0,0.0,0.0,0.0,98.17,1.83
0.0,0.0,0.0,0.0,98.17,1.83
0.0,0.0,0.0,0.0,98.17,1.83
0.0,0.0,0.0,0.0,98.17,1.83
0.0,0.0,0.0,0.0,98.17,1.83
0.0,0.0,0.0,0.0,98.17,1.83
0.0,0.0,0.0,0.0,98.17,1.83
0.0,0.0,0.0,0.0,98.17,1.83
0.0,0.0,0.0,0.0,98.17,1.83
0.0,0.0,0.0,0.0,98.17,1.83
0.0,0.0,0.0,0.0,98.17,1.83
0.0,0.0,0.0,0.0,98.17,1.83
0.0,0.0,0.0,0.0,98.17,1.83
0.0,0.0,0.0,0.0,98.17,1.83
0.0,0.0,0.0,0.0,98.17,1.83
0.0,0.0,0.0,0.0,98.17,1.83
0.0,0.0,0.0,0.0,98.17,1.83
0.0,0.0,0.0,0.0,98.17,1.83
0.0,0.0,0.0,0.0,98.17,1.83
0.0,0.0,0.0,0.0,98.17,1.83
0.0,0.0,0.0,0.0,98.17,1.83
0.0,0.0,0.0,0.0,98.17,1.83
0.0,0.0,0.0,0.0,98.17,1.83
0.0,0.0,0.0,0.0,98.17,1.83
0.0,0.0,0.0,0.0,98.17,1.83
0.0,0.0,0.0,0.0,98.17,1.83
0.0,0.0,0.0,0.0,98.17,1.83
0.0,0.0,0.0,0.0,98.17,1.83
0.0,0.0,0.0,0.0,98.17,1.83
0.0,0.0,0.0,0.0,98.17,1.83
0.0,0.0,0.0,0.0,98.17,1.83
0.0,0.0,0.0,0.0,98.17,1.83
0.0,0.0,0.0,0.0,98.17,1.83
0.0,0.0,0.0,0.0,98.17,1.83
0.0,0.0,0.0,0.0,98.17,1.83
0.0,0.0,0.0,0.0,98.17,1.83
0.0,0.0,0.0,0.0,98.17,1.83
0.0,0.0,0.0,0.0,98.17,1.83
0.0,0.0,0.0,0.0,98.17,1.83
0.0,0.0,0.0,0.0,98.17,1.83
0.0,0.0,0.0,0.0,98.17,1.83
0.0,0.0,0.0,0.0,98.17,1.83
0.0,0.0,0.0,0.0,98.17,1.83
0.0,0.0,0.0,0.0,98.17,1.83
0.0,0.0,0.0,0.0,98.17,1.83
0.0,0.0,0.0,0.0,98.17,1.83
0.0,0.0,0.0,0.0,98.17,1.83
0.0,0.0,0.0,0.0,98.17,1.83
0.0,0.0,0.0,0.0,98.17,1.83
0.0,0.0,0.0,0.0,98.17,1.83
0.0,0.0,0.0,0.0,98.17,1.83
0.0,0.0,0.0,0.0,98.17,1.83
0.0,0.0,0.0,0.0,98.17,1.83
0.0,0.0,0.0,0.0,98.17,1.83
0.0,0.0,0.0,0.0,98.17,1.83
0.0,0.0,0.0,0.0,98.17,1.83
0.0,0.0,0.0,0.0,98.17,1.83
0.0,0.0,0.0,0.0,98.17,1.83
0.0,0.0,0.0,0.0,98.17,1.83
0.0,0.0,0.0,0.0,98.17,1.83
0.0,0.0,0.0,0.0,98.17,1.83
0.0,0.0,0.0,0.0,98.17,1.83
0.0,0.0,0.0,0.0,98.17,1.83
0.0,0.0,0.0,0.0,98.17,1.83
0.0,0.0,0.0,0.0,98.17,1.83
0.0,0.0,0.0,0.0,98.17,1.83
0.0,0.0,0.0,0.0,98.17,1.83
0.0,0.0,0.0,0.0,98.17,1.83
0.0,0.0,0.0,0.0,98.17,1.83
0.0,0.0,0.0,0.0,98.17,1.83
0.0,0.0,0.0,0.0,98.17,1.83
0.0,0.0,0.0,0.0,98.17,1.83
0.0,0.0,0.0,0.0,98.17,1.83
0.0,0.0,0.0,0.0,98.17,1.83
0.0,0.0,0.0,0.0,98.17,1.83
0.0,0.0,0.0,0.0,98.17,1.83
0.0,0.0,0.0,0.0,98.17,1.83
0.0,0.0,0.0,0.0,98.17,1.83
0.0,0.0,0.0,0.0,98.17,1.83