incubando,i_mild,i_grave,susceptibles,recuperados,muertos
1.11,0.0,0.0,98.89,0.0,0.0
2.61,0.0,0.0,97.39,0.0,0.0
3.41,0.0,0.0,96.59,0.0,0.0
4.79,0.0,0.0,95.22,0.0,0.0
6.15,0.0,0.0,93.85,0.0,0.0
10.82,0.0,0.0,89.18,0.0,0.0
12.83,0.0,0.0,87.17,0.0,0.0
21.32,0.8,0.31,77.57,0.0,0.0
27.4,1.85,0.76,69.98,0.0,0.0
34.48,2.42,0.99,62.11,0.0,0.0
36.9,3.4,1.38,58.31,0.0,0.01
39.34,4.37,1.77,54.52,0.0,0.01
37.24,7.66,3.14,51.94,0.0,0.01
37.48,9.07,3.73,49.69,0.0,0.02
29.42,15.88,6.52,48.16,0.0,0.04
26.06,21.23,8.73,43.92,0.0,0.06
22.11,26.81,10.99,40.01,0.0,0.09
21.99,28.71,12.07,36.32,0.8,0.12
25.03,30.35,13.13,29.49,1.85,0.15
23.8,31.59,13.85,28.14,2.42,0.19
22.48,32.21,14.47,27.21,3.4,0.23
21.32,32.34,14.87,26.84,4.37,0.27
17.63,32.03,16.07,26.29,7.66,0.32
13.84,33.39,17.17,26.16,9.07,0.37
10.23,29.18,18.2,26.09,15.88,0.42
3.45,28.64,20.17,26.04,21.23,0.48
2.12,24.01,20.5,26.02,26.81,0.53
1.2,21.98,20.71,26.01,29.51,0.6
0.84,19.56,20.46,25.99,32.49,0.66
0.31,18.12,20.13,25.99,34.73,0.72
0.18,16.63,19.89,25.98,36.54,0.78
0.11,15.59,19.47,25.98,38.01,0.85
0.06,12.63,19.06,25.98,41.36,0.9
0.04,9.87,17.73,25.98,45.41,0.96
0.03,7.29,17.12,25.98,48.58,1.01
0.02,2.48,14.44,25.98,56.01,1.07
0.01,1.53,12.3,25.98,59.07,1.11
0.01,0.88,10.11,25.97,61.89,1.14
0.01,0.61,9.05,25.97,63.2,1.17
0.0,0.22,7.98,25.97,64.62,1.2
0.0,0.13,7.25,25.97,65.42,1.22
0.0,0.07,6.62,25.97,66.09,1.24
0.0,0.04,6.18,25.97,66.53,1.27
0.0,0.03,4.99,25.97,67.72,1.29
0.0,0.02,3.9,25.97,68.8,1.3
0.0,0.01,2.87,25.97,69.83,1.31
0.0,0.01,0.96,25.97,71.74,1.32
0.0,0.01,0.59,25.97,72.11,1.32
0.0,0.0,0.33,25.97,72.37,1.32
0.0,0.0,0.24,25.97,72.46,1.32
0.0,0.0,0.09,25.97,72.61,1.32
0.0,0.0,0.06,25.97,72.65,1.32
0.0,0.0,0.04,25.97,72.67,1.32
0.0,0.0,0.02,25.97,72.68,1.32
0.0,0.0,0.01,25.97,72.69,1.32
0.0,0.0,0.01,25.97,72.69,1.32
0.0,0.0,0.01,25.97,72.7,1.32
0.0,0.0,0.01,25.97,72.7,1.32
0.0,0.0,0.0,25.97,72.7,1.32
0.0,0.0,0.0,25.97,72.7,1.32
0.0,0.0,0.0,25.97,72.7,1.32
0.0,0.0,0.0,25.97,72.7,1.32
0.0,0.0,0.0,25.97,72.7,1.32
0.0,0.0,0.0,25.97,72.7,1.32
0.0,0.0,0.0,25.97,72.7,1.32
0.0,0.0,0.0,25.97,72.7,1.32
0.0,0.0,0.0,25.97,72.7,1.32
0.0,0.0,0.0,25.97,72.7,1.32
0.0,0.0,0.0,25.97,72.7,1.32
0.0,0.0,0.0,25.97,72.7,1.32
0.0,0.0,0.0,25.97,72.7,1.32
0.0,0.0,0.0,25.97,72.7,1.32
0.0,0.0,0.0,25.97,72.7,1.32
0.0,0.0,0.0,25.97,72.7,1.32
0.0,0.0,0.0,25.97,72.7,1.32
0.0,0.0,0.0,25.97,72.7,1.32
0.0,0.0,0.0,25.97,72.7,1.32
0.0,0.0,0.0,25.97,72.7,1.32
0.0,0.0,0.0,25.97,72.7,1.32
0.0,0.0,0.0,25.97,72.7,1.32
0.0,0.0,0.0,25.97,72.7,1.32
0.0,0.0,0.0,25.97,72.7,1.32
0.0,0.0,0.0,25.97,72.7,1.32
0.0,0.0,0.0,25.97,72.7,1.32
0.0,0.0,0.0,25.97,72.7,1.32
0.0,0.0,0.0,25.97,72.7,1.32
0.0,0.0,0.0,25.97,72.7,1.32
0.0,0.0,0.0,25.97,72.7,1.32
0.0,0.0,0.0,25.97,72.7,1.32
0.0,0.0,0.0,25.97,72.7,1.32
0.0,0.0,0.0,25.97,72.7,1.32
0.0,0.0,0.0,25.97,72.7,1.32
0.0,0.0,0.0,25.97,72.7,1.32
0.0,0.0,0.0,25.97,72.7,1.32
0.0,0.0,0.0,25.97,72.7,1.32
0.0,0.0,0.0,25.97,72.7,1.32
0.0,0.0,0.0,25.97,72.7,1.32
0.0,0.0,0.0,25.97,72.7,1.32
0.0,0.0,0.0,25.97,72.7,1.32
0.0,0.0,0.0,25.97,72.7,1.32
0.0,0.0,0.0,25.97,72.7,1.32
0.0,0.0,0.0,25.97,72.7,1.32
0.0,0.0,0.0,25.97,72.7,1.32
0.0,0.0,0.0,25.97,72.7,1.32
0.0,0.0,0.0,25.97,72.7,1.32
0.0,0.0,0.0,25.97,72.7,1.32
0.0,0.0,0.0,25.97,72.7,1.32
0.0,0.0,0.0,25.97,72.7,1.32
0.0,0.0,0.0,25.97,72.7,1.32
0.0,0.0,0.0,25.97,72.7,1.32
0.0,0.0,0.0,25.97,72.7,1.32
0.0,0.0,0.0,25.97,72.7,1.32
0.0,0.0,0.0,25.97,72.7,1.32
0.0,0.0,0.0,25.97,72.7,1.32
0.0,0.0,0.0,25.97,72.7,1.32
0.0,0.0,0.0,25.97,72.7,1.32
0.0,0.0,0.0,25.97,72.7,1.32
0.0,0.0,0.0,25.97,72.7,1.32
0.0,0.0,0.0,25.97,72.7,1.32
0.0,0.0,0.0,25.97,72.7,1.32
0.0,0.0,0.0,25.97,72.7,1.32
0.0,0.0,0.0,25.97,72.7,1.32
0.0,0.0,0.0,25.97,72.7,1.32
0.0,0.0,0.0,25.97,72.7,1.32
0.0,0.0,0.0,25.97,72.7,1.32
0.0,0.0,0.0,25.97,72.7,1.32
0.0,0.0,0.0,25.97,72.7,1.32
0.0,0.0,0.0,25.97,72.7,1.32
0.0,0.0,0.0,25.97,72.7,1.32
0.0,0.0,0.0,25.97,72.7,1.32
0.0,0.0,0.0,25.97,72.7,1.32
0.0,0.0,0.0,25.97,72.7,1.32
0.0,0.0,0.0,25.97,72.7,1.32
0.0,0.0,0.0,25.97,72.7,1.32
0.0,0.0,0.0,25.97,72.7,1.32
0.0,0.0,0.0,25.97,72.7,1.32
0.0,0.0,0.0,25.97,72.7,1.32
0.0,0.0,0.0,25.97,72.7,1.32
0.0,0.0,0.0,25.97,72.7,1.32
0.0,0.0,0.0,25.97,72.7,1.32
0.0,0.0,0.0,25.97,72.7,1.32
0.0,0.0,0.0,25.97,72.7,1.32
0.0,0.0,0.0,25.97,72.7,1.32
0.0,0.0,0.0,25.97,72.7,1.32
0.0,0.0,0.0,25.97,72.7,1.32
0.0,0.0,0.0,25.97,72.7,1.32
0.0,0.0,0.0,25.97,72.7,1.32
0.0,0.0,0.0,25.97,72.7,1.32
0.0,0.0,0.0,25.97,72.7,1.32
0.0,0.0,0.0,25.97,72.7,1.32
0.0,0.0,0.0,25.97,72.7,1.32
0.0,0.0,0.0,25.97,72.7,1.32
0.0,0.0,0.0,25.97,72.7,1.32
0.0,0.0,0.0,25.97,72.7,1.32
0.0,0.0,0.0,25.97,72.7,1.32
0.0,0.0,0.0,25.97,72.7,1.32
0.0,0.0,0.0,25.97,72.7,1.32
0.0,0.0,0.0,25.97,72.7,1.32
0.0,0.0,0.0,25.97,72.7,1.32
0.0,0.0,0.0,25.97,72.7,1.32
0.0,0.0,0.0,25.97,72.7,1.32
0.0,0.0,0.0,25.97,72.7,1.32
0.0,0.0,0.0,25.97,72.7,1.32
0.0,0.0,0.0,25.97,72.7,1.32
0.0,0.0,0.0,25.97,72.7,1.32
0.0,0.0,0.0,25.97,72.7,1.32
0.0,0.0,0.0,25.97,72.7,1.32
0.0,0.0,0.0,25.97,72.7,1.32
0.0,0.0,0.0,25.97,72.7,1.32
0.0,0.0,0.0,25.97,72.7,1.32
0.0,0.0,0.0,25.97,72.7,1.32
0.0,0.0,0.0,25.97,72.7,1.32
0.0,0.0,0.0,25.97,72.7,1.32
0.0,0.0,0.0,25.97,72.7,1.32
0.0,0.0,0.0,25.97,72.7,1.32
0.0,0.0,0.0,25.97,72.7,1.32
0.0,0.0,0.0,25.97,72.7,1.32
0.0,0.0,0.0,25.97,72.7,1.32
0.0,0.0,0.0,25.97,72.7,1.32
0.0,0.0,0.0,25.97,72.7,1.32
0.0,0.0,0.0,25.97,72.7,1.32
0.0,0.0,0.0,25.97,72.7,1.32
0.0,0.0,0.0,25.97,72.7,1.32
0.0,0.0,0.0,25.97,72.7,1.32
0.0,0.0,0.0,25.97,72.7,1.32
0.0,0.0,0.0,25.97,72.7,1.32
0.0,0.0,0.0,25.97,72.7,1.32
0.0,0.0,0.0,25.97,72.7,1.32
0.0,0.0,0.0,25.97,72.7,1.32
0.0,0.0,0.0,25.97,72.7,1.32
0.0,0.0,0.0,25.97,72.7,1.32
0.0,0.0,0.0,25.97,72.7,1.32
0.0,0.0,0.0,25.97,72.7,1.32
0.0,0.0,0.0,25.97,72.7,1.32
0.0,0.0,0.0,25.97,72.7,1.32
0.0,0.0,0.0,25.97,72.7,1.32
0.0,0.0,0.0,25.97,72.7,1.32
0.0,0.0,0.0,25.97,72.7,1.32
0.0,0.0,0.0,25.97,72.7,1.32
0.0,0.0,0.0,25.97,72.7,1.32
0.0,0.0,0.0,25.97,72.7,1.32
0.0,0.0,0.0,25.97,72.7,1.32
0.0,0.0,0.0,25.97,72.7,1.32
0.0,0.0,0.0,25.97,72.7,1.32
0.0,0.0,0.0,25.97,72.7,1.32
0.0,0.0,0.0,25.97,72.7,1.32
0.0,0.0,0.0,25.97,72.7,1.32
0.0,0.0,0.0,25.97,72.7,1.32
0.0,0.0,0.0,25.97,72.7,1.32
0.0,0.0,0.0,25.97,72.7,1.32
0.0,0.0,0.0,25.97,72.7,1.32
0.0,0.0,0.0,25.97,72.7,1.32
0.0,0.0,0.0,25.97,72.7,1.32
0.0,0.0,0.0,25.97,72.7,1.32
0.0,0.0,0.0,25.97,72.7,1.32
0.0,0.0,0.0,25.97,72.7,1.32
0.0,0.0,0.0,25.97,72.7,1.32
0.0,0.0,0.0,25.97,72.7,1.32
0.0,0.0,0.0,25.97,72.7,1.32
0.0,0.0,0.0,25.97,72.7,1.32
0.0,0.0,0.0,25.97,72.7,1.32
0.0,0.0,0.0,25.97,72.7,1.32
0.0,0.0,0.0,25.97,72.7,1.32
0.0,0.0,0.0,25.97,72.7,1.32
0.0,0.0,0.0,25.97,72.7,1.32
0.0,0.0,0.0,25.97,72.7,1.32
0.0,0.0,0.0,25.97,72.7,1.32
0.0,0.0,0.0,25.97,72.7,1.32
0.0,0.0,0.0,25.97,72.7,1.32
0.0,0.0,0.0,25.97,72.7,1.32
0.0,0.0,0.0,25.97,72.7,1.32
0.0,0.0,0.0,25.97,72.7,1.32
0.0,0.0,0.0,25.97,72.7,1.32
0.0,0.0,0.0,25.97,72.7,1.32
0.0,0.0,0.0,25.97,72.7,1.32
0.0,0.0,0.0,25.97,72.7,1.32
0.0,0.0,0.0,25.97,72.7,1.32
0.0,0.0,0.0,25.97,72.7,1.32
0.0,0.0,0.0,25.97,72.7,1.32
0.0,0.0,0.0,25.97,72.7,1.32
0.0,0.0,0.0,25.97,72.7,1.32
0.0,0.0,0.0,25.97,72.7,1.32
0.0,0.0,0.0,25.97,72.7,1.32
0.0,0.0,0.0,25.97,72.7,1.32
0.0,0.0,0.0,25.97,72.7,1.32
0.0,0.0,0.0,25.97,72.7,1.32
0.0,0.0,0.0,25.97,72.7,1.32
0.0,0.0,0.0,25.97,72.7,1.32
0.0,0.0,0.0,25.97,72.7,1.32
0.0,0.0,0.0,25.97,72.7,1.32
0.0,0.0,0.0,25.97,72.7,1.32
0.0,0.0,0.0,25.97,72.7,1.32
0.0,0.0,0.0,25.97,72.7,1.32
0.0,0.0,0.0,25.97,72.7,1.32
0.0,0.0,0.0,25.97,72.7,1.32
0.0,0.0,0.0,25.97,72.7,1.32
0.0,0.0,0.0,25.97,72.7,1.32
0.0,0.0,0.0,25.97,72.7,1.32
0.0,0.0,0.0,25.97,72.7,1.32
0.0,0.0,0.0,25.97,72.7,1.32
0.0,0.0,0.0,25.97,72.7,1.32
0.0,0.0,0.0,25.97,72.7,1.32
0.0,0.0,0.0,25.97,72.7,1.32
0.0,0.0,0.0,25.97,72.7,1.32
0.0,0.0,0.0,25.97,72.7,1.32
0.0,0.0,0.0,25.97,72.7,1.32
0.0,0.0,0.0,25.97,72.7,1.32
0.0,0.0,0.0,25.97,72.7,1.32
0.0,0.0,0.0,25.97,72.7,1.32
0.0,0.0,0.0,25.97,72.7,1.32
0.0,0.0,0.0,25.97,72.7,1.32
0.0,0.0,0.0,25.97,72.7,1.32
0.0,0.0,0.0,25.97,72.7,1.32
0.0,0.0,0.0,25.97,72.7,1.32
0.0,0.0,0.0,25.97,72.7,1.32
0.0,0.0,0.0,25.97,72.7,1.32
0.0,0.0,0.0,25.97,72.7,1.32
0.0,0.0,0.0,25.97,72.7,1.32
0.0,0.0,0.0,25.97,72.7,1.32
0.0,0.0,0.0,25.97,72.7,1.32
0.0,0.0,0.0,25.97,72.7,1.32
0.0,0.0,0.0,25.97,72.7,1.32
0.0,0.0,0.0,25.97,72.7,1.32
0.0,0.0,0.0,25.97,72.7,1.32
0.0,0.0,0.0,25.97,72.7,1.32
0.0,0.0,0.0,25.97,72.7,1.32
0.0,0.0,0.0,25.97,72.7,1.32
0.0,0.0,0.0,25.97,72.7,1.32
0.0,0.0,0.0,25.97,72.7,1.32
0.0,0.0,0.0,25.97,72.7,1.32
0.0,0.0,0.0,25.97,72.7,1.32
0.0,0.0,0.0,25.97,72.7,1.32
0.0,0.0,0.0,25.97,72.7,1.32
0.0,0.0,0.0,25.97,72.7,1.32
0.0,0.0,0.0,25.97,72.7,1.32
0.0,0.0,0.0,25.97,72.7,1.32
0.0,0.0,0.0,25.97,72.7,1.32
0.0,0.0,0.0,25.97,72.7,1.32
0.0,0.0,0.0,25.97,72.7,1.32
0.0,0.0,0.0,25.97,72.7,1.32
0.0,0.0,0.0,25.97,72.7,1.32
0.0,0.0,0.0,25.97,72.7,1.32
0.0,0.0,0.0,25.97,72.7,1.32
0.0,0.0,0.0,25.97,72.7,1.32
0.0,0.0,0.0,25.97,72.7,1.32
0.0,0.0,0.0,25.97,72.7,1.32
0.0,0.0,0.0,25.97,72.7,1.32
0.0,0.0,0.0,25.97,72.7,1.32
0.0,0.0,0.0,25.97,72.7,1.32
0.0,0.0,0.0,25.97,72.7,1.32
0.0,0.0,0.0,25.97,72.7,1.32
0.0,0.0,0.0,25.97,72.7,1.32
0.0,0.0,0.0,25.97,72.7,1.32
0.0,0.0,0.0,25.97,72.7,1.32
0.0,0.0,0.0,25.97,72.7,1.32
0.0,0.0,0.0,25.97,72.7,1.32
0.0,0.0,0.0,25.97,72.7,1.32
0.0,0.0,0.0,25.97,72.7,1.32
0.0,0.0,0.0,25.97,72.7,1.32
0.0,0.0,0.0,25.97,72.7,1.32
0.0,0.0,0.0,25.97,72.7,1.32
0.0,0.0,0.0,25.97,72.7,1.32
0.0,0.0,0.0,25.97,72.7,1.32
0.0,0.0,0.0,25.97,72.7,1.32
0.0,0.0,0.0,25.97,72.7,1.32
0.0,0.0,0.0,25.97,72.7,1.32
0.0,0.0,0.0,25.97,72.7,1.32
0.0,0.0,0.0,25.97,72.7,1.32
0.0,0.0,0.0,25.97,72.7,1.32
0.0,0.0,0.0,25.97,72.7,1.32
0.0,0.0,0.0,25.97,72.7,1.32
0.0,0.0,0.0,25.97,72.7,1.32
0.0,0.0,0.0,25.97,72.7,1.32
0.0,0.0,0.0,25.97,72.7,1.32
0.0,0.0,0.0,25.97,72.7,1.32
0.0,0.0,0.0,25.97,72.7,1.32
0.0,0.0,0.0,25.97,72.7,1.32
0.0,0.0,0.0,25.97,72.7,1.32
0.0,0.0,0.0,25.97,72.7,1.32
0.0,0.0,0.0,25.97,72.7,1.32
0.0,0.0,0.0,25.97,72.7,1.32
0.0,0.0,0.0,25.97,72.7,1.32
0.0,0.0,0.0,25.97,72.7,1.32
0.0,0.0,0.0,25.97,72.7,1.32
0.0,0.0,0.0,25.97,72.7,1.32
0.0,0.0,0.0,25.97,72.7,1.32
0.0,0.0,0.0,25.97,72.7,1.32
0.0,0.0,0.0,25.97,72.7,1.32
0.0,0.0,0.0,25.97,72.7,1.32
0.0,0.0,0.0,25.97,72.7,1.32
0.0,0.0,0.0,25.97,72.7,1.32
0.0,0.0,0.0,25.97,72.7,1.32
0.0,0.0,0.0,25.97,72.7,1.32
0.0,0.0,0.0,25.97,72.7,1.32
0.0,0.0,0.0,25.97,72.7,1.32
0.0,0.0,0.0,25.97,72.7,1.32
0.0,0.0,0.0,25.97,72.7,1.32
0.0,0.0,0.0,25.97,72.7,1.32
0.0,0.0,0.0,25.97,72.7,1.32
0.0,0.0,0.0,25.97,72.7,1.32
0.0,0.0,0.0,25.97,72.7,1.32
0.0,0.0,0.0,25.97,72.7,1.32
0.0,0.0,0.0,25.97,72.7,1.32
0.0,0.0,0.0,25.97,72.7,1.32
0.0,0.0,0.0,25.97,72.7,1.32