incubando,i_mild,i_grave,susceptibles,recuperados,muertos
1.08,0.0,0.0,98.92,0.0,0.0
2.74,0.0,0.0,97.26,0.0,0.0
5.87,0.0,0.0,94.13,0.0,0.0
11.54,0.0,0.0,88.46,0.0,0.0
21.48,0.0,0.0,78.52,0.0,0.0
37.19,0.0,0.0,62.81,0.0,0.0
58.26,0.0,0.0,41.74,0.0,0.0
78.49,0.78,0.29,20.44,0.0,0.0
90.82,1.96,0.78,6.44,0.0,0.0
93.01,4.17,1.7,1.12,0.0,0.0
88.34,8.2,3.33,0.12,0.0,0.01
78.52,15.22,6.24,0.01,0.0,0.02
62.81,26.38,10.78,0.0,0.0,0.04
41.74,41.25,16.94,0.0,0.0,0.07
20.44,56.31,23.13,0.0,0.0,0.12
6.44,66.25,27.1,0.0,0.0,0.2
1.12,70.05,28.55,0.0,0.0,0.28
0.12,69.98,28.75,0.0,0.78,0.37
0.01,68.88,28.7,0.0,1.96,0.46
0.0,66.68,28.61,0.0,4.17,0.55
0.0,62.65,28.52,0.0,8.2,0.63
0.0,55.62,28.44,0.0,15.22,0.72
0.0,44.47,28.36,0.0,26.38,0.8
0.0,29.6,28.27,0.0,41.25,0.89
0.0,14.54,28.17,0.0,56.31,0.98
0.0,4.59,28.09,0.0,66.25,1.07
0.0,0.8,28.0,0.0,70.05,1.15
0.0,0.08,27.91,0.0,70.76,1.25
0.0,0.01,27.55,0.0,71.12,1.33
0.0,0.0,27.0,0.0,71.58,1.42
0.0,0.0,26.06,0.0,72.44,1.49
0.0,0.0,24.45,0.0,73.98,1.57
0.0,0.0,21.64,0.0,76.72,1.65
0.0,0.0,17.29,0.0,81.0,1.71
0.0,0.0,11.44,0.0,86.8,1.76
0.0,0.0,5.55,0.0,92.66,1.8
0.0,0.0,1.73,0.0,96.45,1.82
0.0,0.0,0.3,0.0,97.87,1.82
0.0,0.0,0.03,0.0,98.15,1.82
0.0,0.0,0.0,0.0,98.17,1.82
0.0,0.0,0.0,0.0,98.18,1.82
0.0,0.0,0.0,0.0,98.18,1.82
0.0,0.0,0.0,0.0,98.18,1.82
0.0,0.0,0.0,0.0,98.18,1.82
0.0,0.0,0.0,0.0,98.18,1.82
0.0,0.0,0.0,0.0,98.18,1.82
0.0,0.0,0.0,0.0,98.18,1.82
0.0,0.0,0.0,0.0,98.18,1.82
0.0,0.0,0.0,0.0,98.18,1.82
0.0,0.0,0.0,0.0,98.18,1.82
0.0,0.0,0.0,0.0,98.18,1.82
0.0,0.0,0.0,0.0,98.18,1.82
0.0,0.0,0.0,0.0,98.18,1.82
0.0,0.0,0.0,0.0,98.18,1.82
0.0,0.0,0.0,0.0,98.18,1.82
0.0,0.0,0.0,0.0,98.18,1.82
0.0,0.0,0.0,0.0,98.18,1.82
0.0,0.0,0.0,0.0,98.18,1.82
0.0,0.0,0.0,0.0,98.18,1.82
0.0,0.0,0.0,0.0,98.18,1.82
0.0,0.0,0.0,0.0,98.18,1.82
0.0,0.0,0.0,0.0,98.18,1.82
0.0,0.0,0.0,0.0,98.18,1.82
0.0,0.0,0.0,0.0,98.18,1.82
0.0,0.0,0.0,0.0,98.18,1.82
0.0,0.0,0.0,0.0,98.18,1.82
0.0,0.0,0.0,0.0,98.18,1.82
0.0,0.0,0.0,0.0,98.18,1.82
0.0,0.0,0.0,0.0,98.18,1.82
0.0,0.0,0.0,0.0,98.18,1.82
0.0,0.0,0.0,0.0,98.18,1.82
0.0,0.0,0.0,0.0,98.18,1.82
0.0,0.0,0.0,0.0,98.18,1.82
0.0,0.0,0.0,0.0,98.18,1.82
0.0,0.0,0.0,0.0,98.18,1.82
0.0,0.0,0.0,0.0,98.18,1.82
0.0,0.0,0.0,0.0,98.18,1.82
0.0,0.0,0.0,0.0,98.18,1.82
0.0,0.0,0.0,0.0,98.18,1.82
0.0,0.0,0.0,0.0,98.18,1.82
0.0,0.0,0.0,0.0,98.18,1.82
0.0,0.0,0.0,0.0,98.18,1.82
0.0,0.0,0.0,0.0,98.18,1.82
0.0,0.0,0.0,0.0,98.18,1.82
0.0,0.0,0.0,0.0,98.18,1.82
0.0,0.0,0.0,0.0,98.18,1.82
0.0,0.0,0.0,0.0,98.18,1.82
0.0,0.0,0.0,0.0,98.18,1.82
0.0,0.0,0.0,0.0,98.18,1.82
0.0,0.0,0.0,0.0,98.18,1.82
0.0,0.0,0.0,0.0,98.18,1.82
0.0,0.0,0.0,0.0,98.18,1.82
0.0,0.0,0.0,0.0,98.18,1.82
0.0,0.0,0.0,0.0,98.18,1.82
0.0,0.0,0.0,0.0,98.18,1.82
0.0,0.0,0.0,0.0,98.18,1.82
0.0,0.0,0.0,0.0,98.18,1.82
0.0,0.0,0.0,0.0,98.18,1.82
0.0,0.0,0.0,0.0,98.18,1.82
0.0,0.0,0.0,0.0,98.18,1.82
0.0,0.0,0.0,0.0,98.18,1.82
0.0,0.0,0.0,0.0,98.18,1.82
0.0,0.0,0.0,0.0,98.18,1.82
0.0,0.0,0.0,0.0,98.18,1.82
0.0,0.0,0.0,0.0,98.18,1.82
0.0,0.0,0.0,0.0,98.18,1.82
0.0,0.0,0.0,0.0,98.18,1.82
0.0,0.0,0.0,0.0,98.18,1.82
0.0,0.0,0.0,0.0,98.18,1.82
0.0,0.0,0.0,0.0,98.18,1.82
0.0,0.0,0.0,0.0,98.18,1.82
0.0,0.0,0.0,0.0,98.18,1.82
0.0,0.0,0.0,0.0,98.18,1.82
0.0,0.0,0.0,0.0,98.18,1.82
0.0,0.0,0.0,0.0,98.18,1.82
0.0,0.0,0.0,0.0,98.18,1.82
0.0,0.0,0.0,0.0,98.18,1.82
0.0,0.0,0.0,0.0,98.18,1.82
0.0,0.0,0.0,0.0,98.18,1.82
0.0,0.0,0.0,0.0,98.18,1.82
0.0,0.0,0.0,0.0,98.18,1.82
0.0,0.0,0.0,0.0,98.18,1.82
0.0,0.0,0.0,0.0,98.18,1.82
0.0,0.0,0.0,0.0,98.18,1.82
0.0,0.0,0.0,0.0,98.18,1.82
0.0,0.0,0.0,0.0,98.18,1.82
0.0,0.0,0.0,0.0,98.18,1.82
0.0,0.0,0.0,0.0,98.18,1.82
0.0,0.0,0.0,0.0,98.18,1.82
0.0,0.0,0.0,0.0,98.18,1.82
0.0,0.0,0.0,0.0,98.18,1.82
0.0,0.0,0.0,0.0,98.18,1.82
0.0,0.0,0.0,0.0,98.18,1.82
0.0,0.0,0.0,0.0,98.18,1.82
0.0,0.0,0.0,0.0,98.18,1.82
0.0,0.0,0.0,0.0,98.18,1.82
0.0,0.0,0.0,0.0,98.18,1.82
0.0,0.0,0.0,0.0,98.18,1.82
0.0,0.0,0.0,0.0,98.18,1.82
0.0,0.0,0.0,0.0,98.18,1.82
0.0,0.0,0.0,0.0,98.18,1.82
0.0,0.0,0.0,0.0,98.18,1.82
0.0,0.0,0.0,0.0,98.18,1.82
0.0,0.0,0.0,0.0,98.18,1.82
0.0,0.0,0.0,0.0,98.18,1.82
0.0,0.0,0.0,0.0,98.18,1.82
0.0,0.0,0.0,0.0,98.18,1.82
0.0,0.0,0.0,0.0,98.18,1.82
0.0,0.0,0.0,0.0,98.18,1.82
0.0,0.0,0.0,0.0,98.18,1.82
0.0,0.0,0.0,0.0,98.18,1.82
0.0,0.0,0.0,0.0,98.18,1.82
0.0,0.0,0.0,0.0,98.18,1.82
0.0,0.0,0.0,0.0,98.18,1.82
0.0,0.0,0.0,0.0,98.18,1.82
0.0,0.0,0.0,0.0,98.18,1.82
0.0,0.0,0.0,0.0,98.18,1.82
0.0,0.0,0.0,0.0,98.18,1.82
0.0,0.0,0.0,0.0,98.18,1.82
0.0,0.0,0.0,0.0,98.18,1.82
0.0,0.0,0.0,0.0,98.18,1.82
0.0,0.0,0.0,0.0,98.18,1.82
0.0,0.0,0.0,0.0,98.18,1.82
0.0,0.0,0.0,0.0,98.18,1.82
0.0,0.0,0.0,0.0,98.18,1.82
0.0,0.0,0.0,0.0,98.18,1.82
0.0,0.0,0.0,0.0,98.18,1.82
0.0,0.0,0.0,0.0,98.18,1.82
0.0,0.0,0.0,0.0,98.18,1.82
0.0,0.0,0.0,0.0,98.18,1.82
0.0,0.0,0.0,0.0,98.18,1.82
0.0,0.0,0.0,0.0,98.18,1.82
0.0,0.0,0.0,0.0,98.18,1.82
0.0,0.0,0.0,0.0,98.18,1.82
0.0,0.0,0.0,0.0,98.18,1.82
0.0,0.0,0.0,0.0,98.18,1.82
0.0,0.0,0.0,0.0,98.18,1.82
0.0,0.0,0.0,0.0,98.18,1.82
0.0,0.0,0.0,0.0,98.18,1.82
0.0,0.0,0.0,0.0,98.18,1.82
0.0,0.0,0.0,0.0,98.18,1.82
0.0,0.0,0.0,0.0,98.18,1.82
0.0,0.0,0.0,0.0,98.18,1.82
0.0,0.0,0.0,0.0,98.18,1.82
0.0,0.0,0.0,0.0,98.18,1.82
0.0,0.0,0.0,0.0,98.18,1.82
0.0,0.0,0.0,0.0,98.18,1.82
0.0,0.0,0.0,0.0,98.18,1.82
0.0,0.0,0.0,0.0,98.18,1.82
0.0,0.0,0.0,0.0,98.18,1.82
0.0,0.0,0.0,0.0,98.18,1.82
0.0,0.0,0.0,0.0,98.18,1.82
0.0,0.0,0.0,0.0,98.18,1.82
0.0,0.0,0.0,0.0,98.18,1.82
0.0,0.0,0.0,0.0,98.18,1.82
0.0,0.0,0.0,0.0,98.18,1.82
0.0,0.0,0.0,0.0,98.18,1.82
0.0,0.0,0.0,0.0,98.18,1.82
0.0,0.0,0.0,0.0,98.18,1.82
0.0,0.0,0.0,0.0,98.18,1.82
0.0,0.0,0.0,0.0,98.18,1.82
0.0,0.0,0.0,0.0,98.18,1.82
0.0,0.0,0.0,0.0,98.18,1.82
0.0,0.0,0.0,0.0,98.18,1.82
0.0,0.0,0.0,0.0,98.18,1.82
0.0,0.0,0.0,0.0,98.18,1.82
0.0,0.0,0.0,0.0,98.18,1.82
0.0,0.0,0.0,0.0,98.18,1.82
0.0,0.0,0.0,0.0,98.18,1.82
0.0,0.0,0.0,0.0,98.18,1.82
0.0,0.0,0.0,0.0,98.18,1.82
0.0,0.0,0.0,0.0,98.18,1.82
0.0,0.0,0.0,0.0,98.18,1.82
0.0,0.0,0.0,0.0,98.18,1.82
0.0,0.0,0.0,0.0,98.18,1.82
0.0,0.0,0.0,0.0,98.18,1.82
0.0,0.0,0.0,0.0,98.18,1.82
0.0,0.0,0.0,0.0,98.18,1.82
0.0,0.0,0.0,0.0,98.18,1.82
0.0,0.0,0.0,0.0,98.18,1.82
0.0,0.0,0.0,0.0,98.18,1.82
0.0,0.0,0.0,0.0,98.18,1.82
0.0,0.0,0.0,0.0,98.18,1.82
0.0,0.0,0.0,0.0,98.18,1.82
0.0,0.0,0.0,0.0,98.18,1.82
0.0,0.0,0.0,0.0,98.18,1.82
0.0,0.0,0.0,0.0,98.18,1.82
0.0,0.0,0.0,0.0,98.18,1.82
0.0,0.0,0.0,0.0,98.18,1.82
0.0,0.0,0.0,0.0,98.18,1.82
0.0,0.0,0.0,0.0,98.18,1.82
0.0,0.0,0.0,0.0,98.18,1.82
0.0,0.0,0.0,0.0,98.18,1.82
0.0,0.0,0.0,0.0,98.18,1.82
0.0,0.0,0.0,0.0,98.18,1.82
0.0,0.0,0.0,0.0,98.18,1.82
0.0,0.0,0.0,0.0,98.18,1.82
0.0,0.0,0.0,0.0,98.18,1.82
0.0,0.0,0.0,0.0,98.18,1.82
0.0,0.0,0.0,0.0,98.18,1.82
0.0,0.0,0.0,0.0,98.18,1.82
0.0,0.0,0.0,0.0,98.18,1.82
0.0,0.0,0.0,0.0,98.18,1.82
0.0,0.0,0.0,0.0,98.18,1.82
0.0,0.0,0.0,0.0,98.18,1.82
0.0,0.0,0.0,0.0,98.18,1.82
0.0,0.0,0.0,0.0,98.18,1.82
0.0,0.0,0.0,0.0,98.18,1.82
0.0,0.0,0.0,0.0,98.18,1.82
0.0,0.0,0.0,0.0,98.18,1.82
0.0,0.0,0.0,0.0,98.18,1.82
0.0,0.0,0.0,0.0,98.18,1.82
0.0,0.0,0.0,0.0,98.18,1.82
0.0,0.0,0.0,0.0,98.18,1.82
0.0,0.0,0.0,0.0,98.18,1.82
0.0,0.0,0.0,0.0,98.18,1.82
0.0,0.0,0.0,0.0,98.18,1.82
0.0,0.0,0.0,0.0,98.18,1.82
0.0,0.0,0.0,0.0,98.18,1.82
0.0,0.0,0.0,0.0,98.18,1.82
0.0,0.0,0.0,0.0,98.18,1.82
0.0,0.0,0.0,0.0,98.18,1.82
0.0,0.0,0.0,0.0,98.18,1.82
0.0,0.0,0.0,0.0,98.18,1.82
0.0,0.0,0.0,0.0,98.18,1.82
0.0,0.0,0.0,0.0,98.18,1.82
0.0,0.0,0.0,0.0,98.18,1.82
0.0,0.0,0.0,0.0,98.18,1.82
0.0,0.0,0.0,0.0,98.18,1.82
0.0,0.0,0.0,0.0,98.18,1.82
0.0,0.0,0.0,0.0,98.18,1.82
0.0,0.0,0.0,0.0,98.18,1.82
0.0,0.0,0.0,0.0,98.18,1.82
0.0,0.0,0.0,0.0,98.18,1.82
0.0,0.0,0.0,0.0,98.18,1.82
0.0,0.0,0.0,0.0,98.18,1.82
0.0,0.0,0.0,0.0,98.18,1.82
0.0,0.0,0.0,0.0,98.18,1.82
0.0,0.0,0.0,0.0,98.18,1.82
0.0,0.0,0.0,0.0,98.18,1.82
0.0,0.0,0.0,0.0,98.18,1.82
0.0,0.0,0.0,0.0,98.18,1.82
0.0,0.0,0.0,0.0,98.18,1.82
0.0,0.0,0.0,0.0,98.18,1.82
0.0,0.0,0.0,0.0,98.18,1.82
0.0,0.0,0.0,0.0,98.18,1.82
0.0,0.0,0.0,0.0,98.18,1.82
0.0,0.0,0.0,0.0,98.18,1.82
0.0,0.0,0.0,0.0,98.18,1.82
0.0,0.0,0.0,0.0,98.18,1.82
0.0,0.0,0.0,0.0,98.18,1.82
0.0,0.0,0.0,0.0,98.18,1.82
0.0,0.0,0.0,0.0,98.18,1.82
0.0,0.0,0.0,0.0,98.18,1.82
0.0,0.0,0.0,0.0,98.18,1.82
0.0,0.0,0.0,0.0,98.18,1.82
0.0,0.0,0.0,0.0,98.18,1.82
0.0,0.0,0.0,0.0,98.18,1.82
0.0,0.0,0.0,0.0,98.18,1.82
0.0,0.0,0.0,0.0,98.18,1.82
0.0,0.0,0.0,0.0,98.18,1.82
0.0,0.0,0.0,0.0,98.18,1.82
0.0,0.0,0.0,0.0,98.18,1.82
0.0,0.0,0.0,0.0,98.18,1.82
0.0,0.0,0.0,0.0,98.18,1.82
0.0,0.0,0.0,0.0,98.18,1.82
0.0,0.0,0.0,0.0,98.18,1.82
0.0,0.0,0.0,0.0,98.18,1.82
0.0,0.0,0.0,0.0,98.18,1.82
0.0,0.0,0.0,0.0,98.18,1.82
0.0,0.0,0.0,0.0,98.18,1.82
0.0,0.0,0.0,0.0,98.18,1.82
0.0,0.0,0.0,0.0,98.18,1.82
0.0,0.0,0.0,0.0,98.18,1.82
0.0,0.0,0.0,0.0,98.18,1.82
0.0,0.0,0.0,0.0,98.18,1.82
0.0,0.0,0.0,0.0,98.18,1.82
0.0,0.0,0.0,0.0,98.18,1.82
0.0,0.0,0.0,0.0,98.18,1.82
0.0,0.0,0.0,0.0,98.18,1.82
0.0,0.0,0.0,0.0,98.18,1.82
0.0,0.0,0.0,0.0,98.18,1.82
0.0,0.0,0.0,0.0,98.18,1.82
0.0,0.0,0.0,0.0,98.18,1.82
0.0,0.0,0.0,0.0,98.18,1.82
0.0,0.0,0.0,0.0,98.18,1.82
0.0,0.0,0.0,0.0,98.18,1.82
0.0,0.0,0.0,0.0,98.18,1.82
0.0,0.0,0.0,0.0,98.18,1.82
0.0,0.0,0.0,0.0,98.18,1.82
0.0,0.0,0.0,0.0,98.18,1.82
0.0,0.0,0.0,0.0,98.18,1.82
0.0,0.0,0.0,0.0,98.18,1.82
0.0,0.0,0.0,0.0,98.18,1.82
0.0,0.0,0.0,0.0,98.18,1.82
0.0,0.0,0.0,0.0,98.18,1.82
0.0,0.0,0.0,0.0,98.18,1.82
0.0,0.0,0.0,0.0,98.18,1.82
0.0,0.0,0.0,0.0,98.18,1.82
0.0,0.0,0.0,0.0,98.18,1.82
0.0,0.0,0.0,0.0,98.18,1.82
0.0,0.0,0.0,0.0,98.18,1.82
0.0,0.0,0.0,0.0,98.18,1.82
0.0,0.0,0.0,0.0,98.18,1.82
0.0,0.0,0.0,0.0,98.18,1.82
0.0,0.0,0.0,0.0,98.18,1.82
0.0,0.0,0.0,0.0,98.18,1.82
0.0,0.0,0.0,0.0,98.18,1.82
0.0,0.0,0.0,0.0,98.18,1.82
0.0,0.0,0.0,0.0,98.18,1.82
0.0,0.0,0.0,0.0,98.18,1.82
0.0,0.0,0.0,0.0,98.18,1.82
0.0,0.0,0.0,0.0,98.18,1.82
0.0,0.0,0.0,0.0,98.18,1.82
0.0,0.0,0.0,0.0,98.18,1.82
0.0,0.0,0.0,0.0,98.18,1.82
0.0,0.0,0.0,0.0,98.18,1.82
0.0,0.0,0.0,0.0,98.18,1.82
0.0,0.0,0.0,0.0,98.18,1.82
0.0,0.0,0.0,0.0,98.18,1.82
0.0,0.0,0.0,0.0,98.18,1.82
0.0,0.0,0.0,0.0,98.18,1.82
0.0,0.0,0.0,0.0,98.18,1.82
0.0,0.0,0.0,0.0,98.18,1.82
0.0,0.0,0.0,0.0,98.18,1.82