incubando,i_mild,i_grave,susceptibles,recuperados,muertos
0.98,0.0,0.0,99.02,0.0,0.0
2.6,0.0,0.0,97.4,0.0,0.0
5.35,0.0,0.0,94.65,0.0,0.0
9.57,0.0,0.0,90.43,0.0,0.0
15.15,0.0,0.0,84.85,0.0,0.0
22.03,0.0,0.0,77.97,0.0,0.0
30.0,0.0,0.0,70.0,0.0,0.0
37.76,0.69,0.29,61.26,0.0,0.0
45.14,1.83,0.77,52.26,0.0,0.0
51.27,3.78,1.57,43.38,0.0,0.0
55.32,6.74,2.82,35.11,0.0,0.01
57.3,10.68,4.45,27.55,0.0,0.02
56.92,15.55,6.44,21.05,0.0,0.03
54.39,21.16,8.78,15.61,0.0,0.05
49.98,27.32,11.33,11.28,0.0,0.08
44.3,33.69,13.94,7.96,0.0,0.11
37.9,39.96,16.5,5.48,0.0,0.16
31.36,45.12,18.87,3.74,0.69,0.21
25.02,49.31,21.05,2.53,1.83,0.27
19.32,51.95,22.88,1.73,3.78,0.33
14.43,52.85,24.39,1.18,6.74,0.4
10.46,51.98,25.57,0.82,10.68,0.48
7.38,49.47,26.47,0.57,15.55,0.56
5.07,45.61,27.11,0.41,21.16,0.63
3.44,40.67,27.55,0.3,27.32,0.72
2.3,35.15,27.82,0.22,33.69,0.8
1.57,29.45,27.97,0.16,39.96,0.89
1.06,23.98,28.06,0.12,45.81,0.97
0.74,18.9,27.8,0.08,51.41,1.06
0.52,14.49,27.34,0.06,56.45,1.15
0.37,10.75,26.55,0.04,61.07,1.22
0.28,7.75,25.34,0.02,65.31,1.3
0.21,5.46,23.75,0.01,69.2,1.38
0.16,3.74,21.8,0.01,72.83,1.46
0.12,2.56,19.54,0.0,76.26,1.53
0.08,1.73,17.06,0.0,79.54,1.58
0.06,1.19,14.54,0.0,82.58,1.64
0.04,0.82,12.06,0.0,85.41,1.68
0.02,0.57,9.75,0.0,87.94,1.72
0.01,0.4,7.63,0.0,90.21,1.74
0.01,0.28,5.83,0.0,92.11,1.77
0.0,0.21,4.33,0.0,93.67,1.78
0.0,0.16,3.14,0.0,94.91,1.8
0.0,0.12,2.21,0.0,95.86,1.81
0.0,0.09,1.53,0.0,96.57,1.81
0.0,0.06,1.04,0.0,97.08,1.82
0.0,0.04,0.7,0.0,97.44,1.82
0.0,0.03,0.48,0.0,97.67,1.83
0.0,0.02,0.32,0.0,97.84,1.83
0.0,0.01,0.22,0.0,97.94,1.83
0.0,0.01,0.15,0.0,98.01,1.83
0.0,0.0,0.11,0.0,98.06,1.83
0.0,0.0,0.08,0.0,98.09,1.83
0.0,0.0,0.06,0.0,98.11,1.83
0.0,0.0,0.04,0.0,98.12,1.83
0.0,0.0,0.03,0.0,98.14,1.83
0.0,0.0,0.02,0.0,98.15,1.83
0.0,0.0,0.02,0.0,98.15,1.83
0.0,0.0,0.01,0.0,98.16,1.83
0.0,0.0,0.01,0.0,98.16,1.83
0.0,0.0,0.0,0.0,98.17,1.83
0.0,0.0,0.0,0.0,98.17,1.83
0.0,0.0,0.0,0.0,98.17,1.83
0.0,0.0,0.0,0.0,98.17,1.83
0.0,0.0,0.0,0.0,98.17,1.83
0.0,0.0,0.0,0.0,98.17,1.83
0.0,0.0,0.0,0.0,98.17,1.83
0.0,0.0,0.0,0.0,98.17,1.83
0.0,0.0,0.0,0.0,98.17,1.83
0.0,0.0,0.0,0.0,98.17,1.83
0.0,0.0,0.0,0.0,98.17,1.83
0.0,0.0,0.0,0.0,98.17,1.83
0.0,0.0,0.0,0.0,98.17,1.83
0.0,0.0,0.0,0.0,98.17,1.83
0.0,0.0,0.0,0.0,98.17,1.83
0.0,0.0,0.0,0.0,98.17,1.83
0.0,0.0,0.0,0.0,98.17,1.83
0.0,0.0,0.0,0.0,98.17,1.83
0.0,0.0,0.0,0.0,98.17,1.83
0.0,0.0,0.0,0.0,98.17,1.83
0.0,0.0,0.0,0.0,98.17,1.83
0.0,0.0,0.0,0.0,98.17,1.83
0.0,0.0,0.0,0.0,98.17,1.83
0.0,0.0,0.0,0.0,98.17,1.83
0.0,0.0,0.0,0.0,98.17,1.83
0.0,0.0,0.0,0.0,98.17,1.83
0.0,0.0,0.0,0.0,98.17,1.83
0.0,0.0,0.0,0.0,98.17,1.83
0.0,0.0,0.0,0.0,98.17,1.83
0.0,0.0,0.0,0.0,98.17,1.83
0.0,0.0,0.0,0.0,98.17,1.83
0.0,0.0,0.0,0.0,98.17,1.83
0.0,0.0,0.0,0.0,98.17,1.83
0.0,0.0,0.0,0.0,98.17,1.83
0.0,0.0,0.0,0.0,98.17,1.83
0.0,0.0,0.0,0.0,98.17,1.83
0.0,0.0,0.0,0.0,98.17,1.83
0.0,0.0,0.0,0.0,98.17,1.83
0.0,0.0,0.0,0.0,98.17,1.83
0.0,0.0,0.0,0.0,98.17,1.83
0.0,0.0,0.0,0.0,98.17,1.83
0.0,0.0,0.0,0.0,98.17,1.83
0.0,0.0,0.0,0.0,98.17,1.83
0.0,0.0,0.0,0.0,98.17,1.83
0.0,0.0,0.0,0.0,98.17,1.83
0.0,0.0,0.0,0.0,98.17,1.83
0.0,0.0,0.0,0.0,98.17,1.83
0.0,0.0,0.0,0.0,98.17,1.83
0.0,0.0,0.0,0.0,98.17,1.83
0.0,0.0,0.0,0.0,98.17,1.83
0.0,0.0,0.0,0.0,98.17,1.83
0.0,0.0,0.0,0.0,98.17,1.83
0.0,0.0,0.0,0.0,98.17,1.83
0.0,0.0,0.0,0.0,98.17,1.83
0.0,0.0,0.0,0.0,98.17,1.83
0.0,0.0,0.0,0.0,98.17,1.83
0.0,0.0,0.0,0.0,98.17,1.83
0.0,0.0,0.0,0.0,98.17,1.83
0.0,0.0,0.0,0.0,98.17,1.83
0.0,0.0,0.0,0.0,98.17,1.83
0.0,0.0,0.0,0.0,98.17,1.83
0.0,0.0,0.0,0.0,98.17,1.83
0.0,0.0,0.0,0.0,98.17,1.83
0.0,0.0,0.0,0.0,98.17,1.83
0.0,0.0,0.0,0.0,98.17,1.83
0.0,0.0,0.0,0.0,98.17,1.83
0.0,0.0,0.0,0.0,98.17,1.83
0.0,0.0,0.0,0.0,98.17,1.83
0.0,0.0,0.0,0.0,98.17,1.83
0.0,0.0,0.0,0.0,98.17,1.83
0.0,0.0,0.0,0.0,98.17,1.83
0.0,0.0,0.0,0.0,98.17,1.83
0.0,0.0,0.0,0.0,98.17,1.83
0.0,0.0,0.0,0.0,98.17,1.83
0.0,0.0,0.0,0.0,98.17,1.83
0.0,0.0,0.0,0.0,98.17,1.83
0.0,0.0,0.0,0.0,98.17,1.83
0.0,0.0,0.0,0.0,98.17,1.83
0.0,0.0,0.0,0.0,98.17,1.83
0.0,0.0,0.0,0.0,98.17,1.83
0.0,0.0,0.0,0.0,98.17,1.83
0.0,0.0,0.0,0.0,98.17,1.83
0.0,0.0,0.0,0.0,98.17,1.83
0.0,0.0,0.0,0.0,98.17,1.83
0.0,0.0,0.0,0.0,98.17,1.83
0.0,0.0,0.0,0.0,98.17,1.83
0.0,0.0,0.0,0.0,98.17,1.83
0.0,0.0,0.0,0.0,98.17,1.83
0.0,0.0,0.0,0.0,98.17,1.83
0.0,0.0,0.0,0.0,98.17,1.83
0.0,0.0,0.0,0.0,98.17,1.83
0.0,0.0,0.0,0.0,98.17,1.83
0.0,0.0,0.0,0.0,98.17,1.83
0.0,0.0,0.0,0.0,98.17,1.83
0.0,0.0,0.0,0.0,98.17,1.83
0.0,0.0,0.0,0.0,98.17,1.83
0.0,0.0,0.0,0.0,98.17,1.83
0.0,0.0,0.0,0.0,98.17,1.83
0.0,0.0,0.0,0.0,98.17,1.83
0.0,0.0,0.0,0.0,98.17,1.83
0.0,0.0,0.0,0.0,98.17,1.83
0.0,0.0,0.0,0.0,98.17,1.83
0.0,0.0,0.0,0.0,98.17,1.83
0.0,0.0,0.0,0.0,98.17,1.83
0.0,0.0,0.0,0.0,98.17,1.83
0.0,0.0,0.0,0.0,98.17,1.83
0.0,0.0,0.0,0.0,98.17,1.83
0.0,0.0,0.0,0.0,98.17,1.83
0.0,0.0,0.0,0.0,98.17,1.83
0.0,0.0,0.0,0.0,98.17,1.83
0.0,0.0,0.0,0.0,98.17,1.83
0.0,0.0,0.0,0.0,98.17,1.83
0.0,0.0,0.0,0.0,98.17,1.83
0.0,0.0,0.0,0.0,98.17,1.83
0.0,0.0,0.0,0.0,98.17,1.83
0.0,0.0,0.0,0.0,98.17,1.83
0.0,0.0,0.0,0.0,98.17,1.83
0.0,0.0,0.0,0.0,98.17,1.83
0.0,0.0,0.0,0.0,98.17,1.83
0.0,0.0,0.0,0.0,98.17,1.83
0.0,0.0,0.0,0.0,98.17,1.83
0.0,0.0,0.0,0.0,98.17,1.83
0.0,0.0,0.0,0.0,98.17,1.83
0.0,0.0,0.0,0.0,98.17,1.83
0.0,0.0,0.0,0.0,98.17,1.83
0.0,0.0,0.0,0.0,98.17,1.83
0.0,0.0,0.0,0.0,98.17,1.83
0.0,0.0,0.0,0.0,98.17,1.83
0.0,0.0,0.0,0.0,98.17,1.83
0.0,0.0,0.0,0.0,98.17,1.83
0.0,0.0,0.0,0.0,98.17,1.83
0.0,0.0,0.0,0.0,98.17,1.83
0.0,0.0,0.0,0.0,98.17,1.83
0.0,0.0,0.0,0.0,98.17,1.83
0.0,0.0,0.0,0.0,98.17,1.83
0.0,0.0,0.0,0.0,98.17,1.83
0.0,0.0,0.0,0.0,98.17,1.83
0.0,0.0,0.0,0.0,98.17,1.83
0.0,0.0,0.0,0.0,98.17,1.83
0.0,0.0,0.0,0.0,98.17,1.83
0.0,0.0,0.0,0.0,98.17,1.83
0.0,0.0,0.0,0.0,98.17,1.83
0.0,0.0,0.0,0.0,98.17,1.83
0.0,0.0,0.0,0.0,98.17,1.83
0.0,0.0,0.0,0.0,98.17,1.83
0.0,0.0,0.0,0.0,98.17,1.83
0.0,0.0,0.0,0.0,98.17,1.83
0.0,0.0,0.0,0.0,98.17,1.83
0.0,0.0,0.0,0.0,98.17,1.83
0.0,0.0,0.0,0.0,98.17,1.83
0.0,0.0,0.0,0.0,98.17,1.83
0.0,0.0,0.0,0.0,98.17,1.83
0.0,0.0,0.0,0.0,98.17,1.83
0.0,0.0,0.0,0.0,98.17,1.83
0.0,0.0,0.0,0.0,98.17,1.83
0.0,0.0,0.0,0.0,98.17,1.83
0.0,0.0,0.0,0.0,98.17,1.83
0.0,0.0,0.0,0.0,98.17,1.83
0.0,0.0,0.0,0.0,98.17,1.83
0.0,0.0,0.0,0.0,98.17,1.83
0.0,0.0,0.0,0.0,98.17,1.83
0.0,0.0,0.0,0.0,98.17,1.83
0.0,0.0,0.0,0.0,98.17,1.83
0.0,0.0,0.0,0.0,98.17,1.83
0.0,0.0,0.0,0.0,98.17,1.83
0.0,0.0,0.0,0.0,98.17,1.83
0.0,0.0,0.0,0.0,98.17,1.83
0.0,0.0,0.0,0.0,98.17,1.83
0.0,0.0,0.0,0.0,98.17,1.83
0.0,0.0,0.0,0.0,98.17,1.83
0.0,0.0,0.0,0.0,98.17,1.83
0.0,0.0,0.0,0.0,98.17,1.83
0.0,0.0,0.0,0.0,98.17,1.83
0.0,0.0,0.0,0.0,98.17,1.83
0.0,0.0,0.0,0.0,98.17,1.83
0.0,0.0,0.0,0.0,98.17,1.83
0.0,0.0,0.0,0.0,98.17,1.83
0.0,0.0,0.0,0.0,98.17,1.83
0.0,0.0,0.0,0.0,98.17,1.83
0.0,0.0,0.0,0.0,98.17,1.83
0.0,0.0,0.0,0.0,98.17,1.83
0.0,0.0,0.0,0.0,98.17,1.83
0.0,0.0,0.0,0.0,98.17,1.83
0.0,0.0,0.0,0.0,98.17,1.83
0.0,0.0,0.0,0.0,98.17,1.83
0.0,0.0,0.0,0.0,98.17,1.83
0.0,0.0,0.0,0.0,98.17,1.83
0.0,0.0,0.0,0.0,98.17,1.83
0.0,0.0,0.0,0.0,98.17,1.83
0.0,0.0,0.0,0.0,98.17,1.83
0.0,0.0,0.0,0.0,98.17,1.83
0.0,0.0,0.0,0.0,98.17,1.83
0.0,0.0,0.0,0.0,98.17,1.83
0.0,0.0,0.0,0.0,98.17,1.83
0.0,0.0,0.0,0.0,98.17,1.83
0.0,0.0,0.0,0.0,98.17,1.83
0.0,0.0,0.0,0.0,98.17,1.83
0.0,0.0,0.0,0.0,98.17,1.83
0.0,0.0,0.0,0.0,98.17,1.83
0.0,0.0,0.0,0.0,98.17,1.83
0.0,0.0,0.0,0.0,98.17,1.83
0.0,0.0,0.0,0.0,98.17,1.83
0.0,0.0,0.0,0.0,98.17,1.83
0.0,0.0,0.0,0.0,98.17,1.83
0.0,0.0,0.0,0.0,98.17,1.83
0.0,0.0,0.0,0.0,98.17,1.83
0.0,0.0,0.0,0.0,98.17,1.83
0.0,0.0,0.0,0.0,98.17,1.83
0.0,0.0,0.0,0.0,98.17,1.83
0.0,0.0,0.0,0.0,98.17,1.83
0.0,0.0,0.0,0.0,98.17,1.83
0.0,0.0,0.0,0.0,98.17,1.83
0.0,0.0,0.0,0.0,98.17,1.83
0.0,0.0,0.0,0.0,98.17,1.83
0.0,0.0,0.0,0.0,98.17,1.83
0.0,0.0,0.0,0.0,98.17,1.83
0.0,0.0,0.0,0.0,98.17,1.83
0.0,0.0,0.0,0.0,98.17,1.83
0.0,0.0,0.0,0.0,98.17,1.83
0.0,0.0,0.0,0.0,98.17,1.83
0.0,0.0,0.0,0.0,98.17,1.83
0.0,0.0,0.0,0.0,98.17,1.83
0.0,0.0,0.0,0.0,98.17,1.83
0.0,0.0,0.0,0.0,98.17,1.83
0.0,0.0,0.0,0.0,98.17,1.83
0.0,0.0,0.0,0.0,98.17,1.83
0.0,0.0,0.0,0.0,98.17,1.83
0.0,0.0,0.0,0.0,98.17,1.83
0.0,0.0,0.0,0.0,98.17,1.83
0.0,0.0,0.0,0.0,98.17,1.83
0.0,0.0,0.0,0.0,98.17,1.83
0.0,0.0,0.0,0.0,98.17,1.83
0.0,0.0,0.0,0.0,98.17,1.83
0.0,0.0,0.0,0.0,98.17,1.83
0.0,0.0,0.0,0.0,98.17,1.83
0.0,0.0,0.0,0.0,98.17,1.83
0.0,0.0,0.0,0.0,98.17,1.83
0.0,0.0,0.0,0.0,98.17,1.83
0.0,0.0,0.0,0.0,98.17,1.83
0.0,0.0,0.0,0.0,98.17,1.83
0.0,0.0,0.0,0.0,98.17,1.83
0.0,0.0,0.0,0.0,98.17,1.83
0.0,0.0,0.0,0.0,98.17,1.83
0.0,0.0,0.0,0.0,98.17,1.83
0.0,0.0,0.0,0.0,98.17,1.83
0.0,0.0,0.0,0.0,98.17,1.83
0.0,0.0,0.0,0.0,98.17,1.83
0.0,0.0,0.0,0.0,98.17,1.83
0.0,0.0,0.0,0.0,98.17,1.83
0.0,0.0,0.0,0.0,98.17,1.83
0.0,0.0,0.0,0.0,98.17,1.83
0.0,0.0,0.0,0.0,98.17,1.83
0.0,0.0,0.0,0.0,98.17,1.83
0.0,0.0,0.0,0.0,98.17,1.83
0.0,0.0,0.0,0.0,98.17,1.83
0.0,0.0,0.0,0.0,98.17,1.83
0.0,0.0,0.0,0.0,98.17,1.83
0.0,0.0,0.0,0.0,98.17,1.83
0.0,0.0,0.0,0.0,98.17,1.83
0.0,0.0,0.0,0.0,98.17,1.83
0.0,0.0,0.0,0.0,98.17,1.83
0.0,0.0,0.0,0.0,98.17,1.83
0.0,0.0,0.0,0.0,98.17,1.83
0.0,0.0,0.0,0.0,98.17,1.83
0.0,0.0,0.0,0.0,98.17,1.83
0.0,0.0,0.0,0.0,98.17,1.83
0.0,0.0,0.0,0.0,98.17,1.83
0.0,0.0,0.0,0.0,98.17,1.83
0.0,0.0,0.0,0.0,98.17,1.83
0.0,0.0,0.0,0.0,98.17,1.83
0.0,0.0,0.0,0.0,98.17,1.83
0.0,0.0,0.0,0.0,98.17,1.83
0.0,0.0,0.0,0.0,98.17,1.83
0.0,0.0,0.0,0.0,98.17,1.83
0.0,0.0,0.0,0.0,98.17,1.83
0.0,0.0,0.0,0.0,98.17,1.83
0.0,0.0,0.0,0.0,98.17,1.83
0.0,0.0,0.0,0.0,98.17,1.83
0.0,0.0,0.0,0.0,98.17,1.83
0.0,0.0,0.0,0.0,98.17,1.83
0.0,0.0,0.0,0.0,98.17,1.83
0.0,0.0,0.0,0.0,98.17,1.83
0.0,0.0,0.0,0.0,98.17,1.83
0.0,0.0,0.0,0.0,98.17,1.83
0.0,0.0,0.0,0.0,98.17,1.83
0.0,0.0,0.0,0.0,98.17,1.83
0.0,0.0,0.0,0.0,98.17,1.83
0.0,0.0,0.0,0.0,98.17,1.83
0.0,0.0,0.0,0.0,98.17,1.83
0.0,0.0,0.0,0.0,98.17,1.83
0.0,0.0,0.0,0.0,98.17,1.83
0.0,0.0,0.0,0.0,98.17,1.83
0.0,0.0,0.0,0.0,98.17,1.83
0.0,0.0,0.0,0.0,98.17,1.83
0.0,0.0,0.0,0.0,98.17,1.83
0.0,0.0,0.0,0.0,98.17,1.83
0.0,0.0,0.0,0.0,98.17,1.83
0.0,0.0,0.0,0.0,98.17,1.83
0.0,0.0,0.0,0.0,98.17,1.83
0.0,0.0,0.0,0.0,98.17,1.83
0.0,0.0,0.0,0.0,98.17,1.83
0.0,0.0,0.0,0.0,98.17,1.83
0.0,0.0,0.0,0.0,98.17,1.83
0.0,0.0,0.0,0.0,98.17,1.83
0.0,0.0,0.0,0.0,98.17,1.83