incubando,i_mild,i_grave,susceptibles,recuperados,muertos
1.02,0.0,0.0,98.98,0.0,0.0
2.71,0.0,0.0,97.29,0.0,0.0
4.04,0.0,0.0,95.96,0.0,0.0
5.57,0.0,0.0,94.43,0.0,0.0
7.36,0.0,0.0,92.64,0.0,0.0
9.42,0.0,0.0,90.58,0.0,0.0
11.79,0.0,0.0,88.21,0.0,0.0
13.43,0.72,0.3,85.55,0.0,0.0
14.74,1.91,0.8,82.55,0.0,0.0
16.7,2.84,1.2,79.26,0.0,0.0
18.83,3.92,1.64,75.6,0.0,0.01
20.99,5.19,2.16,71.65,0.0,0.01
23.11,6.64,2.76,67.47,0.0,0.02
25.25,8.32,3.44,62.96,0.0,0.03
27.17,10.19,4.22,58.38,0.0,0.04
28.86,12.32,5.08,53.7,0.0,0.05
30.25,14.66,6.02,49.01,0.0,0.06
31.34,16.54,7.06,44.26,0.72,0.08
32.05,18.15,8.19,39.6,1.91,0.1
32.34,20.18,9.39,35.13,2.84,0.13
32.0,22.28,10.68,30.96,3.92,0.16
31.36,24.26,11.98,27.02,5.19,0.19
30.29,26.12,13.32,23.4,6.64,0.22
28.91,27.75,14.65,20.1,8.32,0.26
27.17,29.23,16.02,17.08,10.19,0.31
25.15,30.36,17.36,14.45,12.32,0.35
23.01,31.18,18.62,12.12,14.66,0.41
20.89,31.54,19.78,10.07,17.26,0.47
18.67,31.52,20.59,8.35,20.34,0.52
16.51,31.12,21.12,6.89,23.77,0.58
14.41,30.26,21.66,5.68,27.33,0.65
12.42,29.16,22.04,4.66,31.0,0.72
10.64,27.72,22.25,3.8,34.8,0.78
9.04,26.06,22.29,3.08,38.68,0.85
7.57,24.16,22.17,2.5,42.68,0.92
6.31,22.1,21.88,2.04,46.68,0.99
5.23,19.98,21.43,1.67,50.64,1.06
4.31,17.88,20.82,1.37,54.5,1.12
3.52,15.82,20.05,1.15,58.28,1.18
2.83,13.87,19.17,0.97,61.92,1.24
2.26,12.05,18.18,0.83,65.4,1.29
1.8,10.31,17.06,0.7,68.78,1.35
1.42,8.77,15.89,0.62,71.9,1.4
1.11,7.38,14.66,0.55,74.84,1.45
0.87,6.14,13.41,0.5,77.58,1.5
0.68,5.09,12.11,0.46,80.11,1.54
0.54,4.18,10.82,0.43,82.45,1.57
0.42,3.43,9.6,0.4,84.54,1.61
0.31,2.79,8.46,0.39,86.41,1.64
0.24,2.24,7.38,0.37,88.1,1.66
0.19,1.78,6.38,0.37,89.61,1.68
0.14,1.4,5.47,0.36,90.93,1.7
0.1,1.11,4.65,0.36,92.06,1.72
0.08,0.87,3.92,0.35,93.04,1.73
0.05,0.68,3.28,0.35,93.89,1.74
0.04,0.53,2.72,0.35,94.61,1.75
0.03,0.42,2.24,0.35,95.21,1.76
0.02,0.32,1.84,0.34,95.71,1.77
0.02,0.24,1.5,0.34,96.13,1.78
0.01,0.18,1.22,0.34,96.46,1.78
0.01,0.14,0.98,0.34,96.75,1.78
0.01,0.11,0.78,0.34,96.98,1.79
0.0,0.08,0.61,0.34,97.18,1.79
0.0,0.06,0.48,0.34,97.33,1.79
0.0,0.04,0.37,0.34,97.45,1.79
0.0,0.03,0.29,0.34,97.54,1.79
0.0,0.02,0.23,0.34,97.61,1.79
0.0,0.02,0.18,0.34,97.67,1.79
0.0,0.01,0.14,0.34,97.71,1.8
0.0,0.01,0.1,0.34,97.75,1.8
0.0,0.01,0.08,0.34,97.77,1.8
0.0,0.0,0.06,0.34,97.8,1.8
0.0,0.0,0.05,0.34,97.81,1.8
0.0,0.0,0.04,0.34,97.82,1.8
0.0,0.0,0.03,0.34,97.83,1.8
0.0,0.0,0.02,0.34,97.84,1.8
0.0,0.0,0.01,0.34,97.85,1.8
0.0,0.0,0.01,0.34,97.85,1.8
0.0,0.0,0.01,0.34,97.85,1.8
0.0,0.0,0.01,0.34,97.85,1.8
0.0,0.0,0.0,0.34,97.86,1.8
0.0,0.0,0.0,0.34,97.86,1.8
0.0,0.0,0.0,0.34,97.86,1.8
0.0,0.0,0.0,0.34,97.86,1.8
0.0,0.0,0.0,0.34,97.86,1.8
0.0,0.0,0.0,0.34,97.86,1.8
0.0,0.0,0.0,0.34,97.86,1.8
0.0,0.0,0.0,0.34,97.86,1.8
0.0,0.0,0.0,0.34,97.86,1.8
0.0,0.0,0.0,0.34,97.86,1.8
0.0,0.0,0.0,0.34,97.86,1.8
0.0,0.0,0.0,0.34,97.86,1.8
0.0,0.0,0.0,0.34,97.86,1.8
0.0,0.0,0.0,0.34,97.86,1.8
0.0,0.0,0.0,0.34,97.86,1.8
0.0,0.0,0.0,0.34,97.86,1.8
0.0,0.0,0.0,0.34,97.86,1.8
0.0,0.0,0.0,0.34,97.86,1.8
0.0,0.0,0.0,0.34,97.86,1.8
0.0,0.0,0.0,0.34,97.86,1.8
0.0,0.0,0.0,0.34,97.86,1.8
0.0,0.0,0.0,0.34,97.86,1.8
0.0,0.0,0.0,0.34,97.86,1.8
0.0,0.0,0.0,0.34,97.86,1.8
0.0,0.0,0.0,0.34,97.86,1.8
0.0,0.0,0.0,0.34,97.86,1.8
0.0,0.0,0.0,0.34,97.86,1.8
0.0,0.0,0.0,0.34,97.86,1.8
0.0,0.0,0.0,0.34,97.86,1.8
0.0,0.0,0.0,0.34,97.86,1.8
0.0,0.0,0.0,0.34,97.86,1.8
0.0,0.0,0.0,0.34,97.86,1.8
0.0,0.0,0.0,0.34,97.86,1.8
0.0,0.0,0.0,0.34,97.86,1.8
0.0,0.0,0.0,0.34,97.86,1.8
0.0,0.0,0.0,0.34,97.86,1.8
0.0,0.0,0.0,0.34,97.86,1.8
0.0,0.0,0.0,0.34,97.86,1.8
0.0,0.0,0.0,0.34,97.86,1.8
0.0,0.0,0.0,0.34,97.86,1.8
0.0,0.0,0.0,0.34,97.86,1.8
0.0,0.0,0.0,0.34,97.86,1.8
0.0,0.0,0.0,0.34,97.86,1.8
0.0,0.0,0.0,0.34,97.86,1.8
0.0,0.0,0.0,0.34,97.86,1.8
0.0,0.0,0.0,0.34,97.86,1.8
0.0,0.0,0.0,0.34,97.86,1.8
0.0,0.0,0.0,0.34,97.86,1.8
0.0,0.0,0.0,0.34,97.86,1.8
0.0,0.0,0.0,0.34,97.86,1.8
0.0,0.0,0.0,0.34,97.86,1.8
0.0,0.0,0.0,0.34,97.86,1.8
0.0,0.0,0.0,0.34,97.86,1.8
0.0,0.0,0.0,0.34,97.86,1.8
0.0,0.0,0.0,0.34,97.86,1.8
0.0,0.0,0.0,0.34,97.86,1.8
0.0,0.0,0.0,0.34,97.86,1.8
0.0,0.0,0.0,0.34,97.86,1.8
0.0,0.0,0.0,0.34,97.86,1.8
0.0,0.0,0.0,0.34,97.86,1.8
0.0,0.0,0.0,0.34,97.86,1.8
0.0,0.0,0.0,0.34,97.86,1.8
0.0,0.0,0.0,0.34,97.86,1.8
0.0,0.0,0.0,0.34,97.86,1.8
0.0,0.0,0.0,0.34,97.86,1.8
0.0,0.0,0.0,0.34,97.86,1.8
0.0,0.0,0.0,0.34,97.86,1.8
0.0,0.0,0.0,0.34,97.86,1.8
0.0,0.0,0.0,0.34,97.86,1.8
0.0,0.0,0.0,0.34,97.86,1.8
0.0,0.0,0.0,0.34,97.86,1.8
0.0,0.0,0.0,0.34,97.86,1.8
0.0,0.0,0.0,0.34,97.86,1.8
0.0,0.0,0.0,0.34,97.86,1.8
0.0,0.0,0.0,0.34,97.86,1.8
0.0,0.0,0.0,0.34,97.86,1.8
0.0,0.0,0.0,0.34,97.86,1.8
0.0,0.0,0.0,0.34,97.86,1.8
0.0,0.0,0.0,0.34,97.86,1.8
0.0,0.0,0.0,0.34,97.86,1.8
0.0,0.0,0.0,0.34,97.86,1.8
0.0,0.0,0.0,0.34,97.86,1.8
0.0,0.0,0.0,0.34,97.86,1.8
0.0,0.0,0.0,0.34,97.86,1.8
0.0,0.0,0.0,0.34,97.86,1.8
0.0,0.0,0.0,0.34,97.86,1.8
0.0,0.0,0.0,0.34,97.86,1.8
0.0,0.0,0.0,0.34,97.86,1.8
0.0,0.0,0.0,0.34,97.86,1.8
0.0,0.0,0.0,0.34,97.86,1.8
0.0,0.0,0.0,0.34,97.86,1.8
0.0,0.0,0.0,0.34,97.86,1.8
0.0,0.0,0.0,0.34,97.86,1.8
0.0,0.0,0.0,0.34,97.86,1.8
0.0,0.0,0.0,0.34,97.86,1.8
0.0,0.0,0.0,0.34,97.86,1.8
0.0,0.0,0.0,0.34,97.86,1.8
0.0,0.0,0.0,0.34,97.86,1.8
0.0,0.0,0.0,0.34,97.86,1.8
0.0,0.0,0.0,0.34,97.86,1.8
0.0,0.0,0.0,0.34,97.86,1.8
0.0,0.0,0.0,0.34,97.86,1.8
0.0,0.0,0.0,0.34,97.86,1.8
0.0,0.0,0.0,0.34,97.86,1.8
0.0,0.0,0.0,0.34,97.86,1.8
0.0,0.0,0.0,0.34,97.86,1.8
0.0,0.0,0.0,0.34,97.86,1.8
0.0,0.0,0.0,0.34,97.86,1.8
0.0,0.0,0.0,0.34,97.86,1.8
0.0,0.0,0.0,0.34,97.86,1.8
0.0,0.0,0.0,0.34,97.86,1.8
0.0,0.0,0.0,0.34,97.86,1.8
0.0,0.0,0.0,0.34,97.86,1.8
0.0,0.0,0.0,0.34,97.86,1.8
0.0,0.0,0.0,0.34,97.86,1.8
0.0,0.0,0.0,0.34,97.86,1.8
0.0,0.0,0.0,0.34,97.86,1.8
0.0,0.0,0.0,0.34,97.86,1.8
0.0,0.0,0.0,0.34,97.86,1.8
0.0,0.0,0.0,0.34,97.86,1.8
0.0,0.0,0.0,0.34,97.86,1.8
0.0,0.0,0.0,0.34,97.86,1.8
0.0,0.0,0.0,0.34,97.86,1.8
0.0,0.0,0.0,0.34,97.86,1.8
0.0,0.0,0.0,0.34,97.86,1.8
0.0,0.0,0.0,0.34,97.86,1.8
0.0,0.0,0.0,0.34,97.86,1.8
0.0,0.0,0.0,0.34,97.86,1.8
0.0,0.0,0.0,0.34,97.86,1.8
0.0,0.0,0.0,0.34,97.86,1.8
0.0,0.0,0.0,0.34,97.86,1.8
0.0,0.0,0.0,0.34,97.86,1.8
0.0,0.0,0.0,0.34,97.86,1.8
0.0,0.0,0.0,0.34,97.86,1.8
0.0,0.0,0.0,0.34,97.86,1.8
0.0,0.0,0.0,0.34,97.86,1.8
0.0,0.0,0.0,0.34,97.86,1.8
0.0,0.0,0.0,0.34,97.86,1.8
0.0,0.0,0.0,0.34,97.86,1.8
0.0,0.0,0.0,0.34,97.86,1.8
0.0,0.0,0.0,0.34,97.86,1.8
0.0,0.0,0.0,0.34,97.86,1.8
0.0,0.0,0.0,0.34,97.86,1.8
0.0,0.0,0.0,0.34,97.86,1.8
0.0,0.0,0.0,0.34,97.86,1.8
0.0,0.0,0.0,0.34,97.86,1.8
0.0,0.0,0.0,0.34,97.86,1.8
0.0,0.0,0.0,0.34,97.86,1.8
0.0,0.0,0.0,0.34,97.86,1.8
0.0,0.0,0.0,0.34,97.86,1.8
0.0,0.0,0.0,0.34,97.86,1.8
0.0,0.0,0.0,0.34,97.86,1.8
0.0,0.0,0.0,0.34,97.86,1.8
0.0,0.0,0.0,0.34,97.86,1.8
0.0,0.0,0.0,0.34,97.86,1.8
0.0,0.0,0.0,0.34,97.86,1.8
0.0,0.0,0.0,0.34,97.86,1.8
0.0,0.0,0.0,0.34,97.86,1.8
0.0,0.0,0.0,0.34,97.86,1.8
0.0,0.0,0.0,0.34,97.86,1.8
0.0,0.0,0.0,0.34,97.86,1.8
0.0,0.0,0.0,0.34,97.86,1.8
0.0,0.0,0.0,0.34,97.86,1.8
0.0,0.0,0.0,0.34,97.86,1.8
0.0,0.0,0.0,0.34,97.86,1.8
0.0,0.0,0.0,0.34,97.86,1.8
0.0,0.0,0.0,0.34,97.86,1.8
0.0,0.0,0.0,0.34,97.86,1.8
0.0,0.0,0.0,0.34,97.86,1.8
0.0,0.0,0.0,0.34,97.86,1.8
0.0,0.0,0.0,0.34,97.86,1.8
0.0,0.0,0.0,0.34,97.86,1.8
0.0,0.0,0.0,0.34,97.86,1.8
0.0,0.0,0.0,0.34,97.86,1.8
0.0,0.0,0.0,0.34,97.86,1.8
0.0,0.0,0.0,0.34,97.86,1.8
0.0,0.0,0.0,0.34,97.86,1.8
0.0,0.0,0.0,0.34,97.86,1.8
0.0,0.0,0.0,0.34,97.86,1.8
0.0,0.0,0.0,0.34,97.86,1.8
0.0,0.0,0.0,0.34,97.86,1.8
0.0,0.0,0.0,0.34,97.86,1.8
0.0,0.0,0.0,0.34,97.86,1.8
0.0,0.0,0.0,0.34,97.86,1.8
0.0,0.0,0.0,0.34,97.86,1.8
0.0,0.0,0.0,0.34,97.86,1.8
0.0,0.0,0.0,0.34,97.86,1.8
0.0,0.0,0.0,0.34,97.86,1.8
0.0,0.0,0.0,0.34,97.86,1.8
0.0,0.0,0.0,0.34,97.86,1.8
0.0,0.0,0.0,0.34,97.86,1.8
0.0,0.0,0.0,0.34,97.86,1.8
0.0,0.0,0.0,0.34,97.86,1.8
0.0,0.0,0.0,0.34,97.86,1.8
0.0,0.0,0.0,0.34,97.86,1.8
0.0,0.0,0.0,0.34,97.86,1.8
0.0,0.0,0.0,0.34,97.86,1.8
0.0,0.0,0.0,0.34,97.86,1.8
0.0,0.0,0.0,0.34,97.86,1.8
0.0,0.0,0.0,0.34,97.86,1.8
0.0,0.0,0.0,0.34,97.86,1.8
0.0,0.0,0.0,0.34,97.86,1.8
0.0,0.0,0.0,0.34,97.86,1.8
0.0,0.0,0.0,0.34,97.86,1.8
0.0,0.0,0.0,0.34,97.86,1.8
0.0,0.0,0.0,0.34,97.86,1.8
0.0,0.0,0.0,0.34,97.86,1.8
0.0,0.0,0.0,0.34,97.86,1.8
0.0,0.0,0.0,0.34,97.86,1.8
0.0,0.0,0.0,0.34,97.86,1.8
0.0,0.0,0.0,0.34,97.86,1.8
0.0,0.0,0.0,0.34,97.86,1.8
0.0,0.0,0.0,0.34,97.86,1.8
0.0,0.0,0.0,0.34,97.86,1.8
0.0,0.0,0.0,0.34,97.86,1.8
0.0,0.0,0.0,0.34,97.86,1.8
0.0,0.0,0.0,0.34,97.86,1.8
0.0,0.0,0.0,0.34,97.86,1.8
0.0,0.0,0.0,0.34,97.86,1.8
0.0,0.0,0.0,0.34,97.86,1.8
0.0,0.0,0.0,0.34,97.86,1.8
0.0,0.0,0.0,0.34,97.86,1.8
0.0,0.0,0.0,0.34,97.86,1.8
0.0,0.0,0.0,0.34,97.86,1.8
0.0,0.0,0.0,0.34,97.86,1.8
0.0,0.0,0.0,0.34,97.86,1.8
0.0,0.0,0.0,0.34,97.86,1.8
0.0,0.0,0.0,0.34,97.86,1.8
0.0,0.0,0.0,0.34,97.86,1.8
0.0,0.0,0.0,0.34,97.86,1.8
0.0,0.0,0.0,0.34,97.86,1.8
0.0,0.0,0.0,0.34,97.86,1.8
0.0,0.0,0.0,0.34,97.86,1.8
0.0,0.0,0.0,0.34,97.86,1.8
0.0,0.0,0.0,0.34,97.86,1.8
0.0,0.0,0.0,0.34,97.86,1.8
0.0,0.0,0.0,0.34,97.86,1.8
0.0,0.0,0.0,0.34,97.86,1.8
0.0,0.0,0.0,0.34,97.86,1.8
0.0,0.0,0.0,0.34,97.86,1.8
0.0,0.0,0.0,0.34,97.86,1.8
0.0,0.0,0.0,0.34,97.86,1.8
0.0,0.0,0.0,0.34,97.86,1.8
0.0,0.0,0.0,0.34,97.86,1.8
0.0,0.0,0.0,0.34,97.86,1.8
0.0,0.0,0.0,0.34,97.86,1.8
0.0,0.0,0.0,0.34,97.86,1.8
0.0,0.0,0.0,0.34,97.86,1.8
0.0,0.0,0.0,0.34,97.86,1.8
0.0,0.0,0.0,0.34,97.86,1.8
0.0,0.0,0.0,0.34,97.86,1.8
0.0,0.0,0.0,0.34,97.86,1.8
0.0,0.0,0.0,0.34,97.86,1.8
0.0,0.0,0.0,0.34,97.86,1.8
0.0,0.0,0.0,0.34,97.86,1.8
0.0,0.0,0.0,0.34,97.86,1.8
0.0,0.0,0.0,0.34,97.86,1.8
0.0,0.0,0.0,0.34,97.86,1.8
0.0,0.0,0.0,0.34,97.86,1.8
0.0,0.0,0.0,0.34,97.86,1.8
0.0,0.0,0.0,0.34,97.86,1.8
0.0,0.0,0.0,0.34,97.86,1.8
0.0,0.0,0.0,0.34,97.86,1.8
0.0,0.0,0.0,0.34,97.86,1.8
0.0,0.0,0.0,0.34,97.86,1.8
0.0,0.0,0.0,0.34,97.86,1.8
0.0,0.0,0.0,0.34,97.86,1.8
0.0,0.0,0.0,0.34,97.86,1.8
0.0,0.0,0.0,0.34,97.86,1.8
0.0,0.0,0.0,0.34,97.86,1.8
0.0,0.0,0.0,0.34,97.86,1.8
0.0,0.0,0.0,0.34,97.86,1.8
0.0,0.0,0.0,0.34,97.86,1.8
0.0,0.0,0.0,0.34,97.86,1.8
0.0,0.0,0.0,0.34,97.86,1.8
0.0,0.0,0.0,0.34,97.86,1.8
0.0,0.0,0.0,0.34,97.86,1.8
0.0,0.0,0.0,0.34,97.86,1.8
0.0,0.0,0.0,0.34,97.86,1.8
0.0,0.0,0.0,0.34,97.86,1.8
0.0,0.0,0.0,0.34,97.86,1.8
0.0,0.0,0.0,0.34,97.86,1.8
0.0,0.0,0.0,0.34,97.86,1.8
0.0,0.0,0.0,0.34,97.86,1.8
0.0,0.0,0.0,0.34,97.86,1.8