incubando,i_mild,i_grave,susceptibles,recuperados,muertos,infectados_totales
0.07,0.0,0.0,99.93,0.0,0.0,7.0
0.07,0.0,0.0,99.93,0.0,0.0,7.0
0.07,0.0,0.0,99.93,0.0,0.0,7.0
0.07,0.0,0.0,99.93,0.0,0.0,7.0
0.07,0.0,0.0,99.93,0.0,0.0,7.0
0.07,0.0,0.0,99.93,0.0,0.0,7.0
0.07,0.0,0.0,99.93,0.0,0.0,7.0
0.0,0.04,0.03,99.93,0.0,0.0,7.0
0.0,0.04,0.03,99.93,0.0,0.0,7.0
0.0,0.04,0.03,99.93,0.0,0.0,7.0
0.0,0.04,0.03,99.93,0.0,0.0,7.0
0.0,0.04,0.03,99.93,0.0,0.0,7.0
0.0,0.04,0.03,99.93,0.0,0.0,7.0
0.0,0.04,0.03,99.93,0.0,0.0,7.0
0.0,0.04,0.03,99.93,0.0,0.0,7.0
0.0,0.04,0.03,99.93,0.0,0.0,7.0
0.0,0.04,0.03,99.93,0.0,0.0,7.0
0.0,0.0,0.03,99.93,0.04,0.0,7.0
0.0,0.0,0.03,99.93,0.04,0.0,7.0
0.0,0.0,0.02,99.93,0.04,0.0,7.0
0.0,0.0,0.02,99.93,0.04,0.0,7.0
0.0,0.0,0.02,99.93,0.04,0.0,7.0
0.0,0.0,0.02,99.93,0.04,0.0,7.0
0.0,0.0,0.02,99.93,0.04,0.01,7.0
0.0,0.0,0.02,99.93,0.04,0.01,7.0
0.0,0.0,0.02,99.93,0.04,0.01,7.0
0.0,0.0,0.02,99.93,0.04,0.01,7.0
0.0,0.0,0.02,99.93,0.04,0.01,7.0
0.0,0.0,0.0,99.93,0.06,0.01,7.0
0.0,0.0,0.0,99.93,0.06,0.01,7.0
0.0,0.0,0.0,99.93,0.06,0.01,7.0
0.0,0.0,0.0,99.93,0.06,0.01,7.0
0.0,0.0,0.0,99.93,0.06,0.01,7.0
0.0,0.0,0.0,99.93,0.06,0.01,7.0
0.0,0.0,0.0,99.93,0.06,0.01,7.0
0.0,0.0,0.0,99.93,0.06,0.01,7.0
0.0,0.0,0.0,99.93,0.06,0.01,7.0
0.0,0.0,0.0,99.93,0.06,0.01,7.0
0.0,0.0,0.0,99.93,0.06,0.01,7.0
0.0,0.0,0.0,99.93,0.06,0.01,7.0
0.0,0.0,0.0,99.93,0.06,0.01,7.0
0.0,0.0,0.0,99.93,0.06,0.01,7.0
0.0,0.0,0.0,99.93,0.06,0.01,7.0
0.0,0.0,0.0,99.93,0.06,0.01,7.0
0.0,0.0,0.0,99.93,0.06,0.01,7.0
0.0,0.0,0.0,99.93,0.06,0.01,7.0
0.0,0.0,0.0,99.93,0.06,0.01,7.0
0.0,0.0,0.0,99.93,0.06,0.01,7.0
0.0,0.0,0.0,99.93,0.06,0.01,7.0
0.0,0.0,0.0,99.93,0.06,0.01,7.0
0.0,0.0,0.0,99.93,0.06,0.01,7.0
0.0,0.0,0.0,99.93,0.06,0.01,7.0
0.0,0.0,0.0,99.93,0.06,0.01,7.0
0.0,0.0,0.0,99.93,0.06,0.01,7.0
0.0,0.0,0.0,99.93,0.06,0.01,7.0
0.0,0.0,0.0,99.93,0.06,0.01,7.0
0.0,0.0,0.0,99.93,0.06,0.01,7.0
0.0,0.0,0.0,99.93,0.06,0.01,7.0
0.0,0.0,0.0,99.93,0.06,0.01,7.0
0.0,0.0,0.0,99.93,0.06,0.01,7.0
0.0,0.0,0.0,99.93,0.06,0.01,7.0
0.0,0.0,0.0,99.93,0.06,0.01,7.0
0.0,0.0,0.0,99.93,0.06,0.01,7.0
0.0,0.0,0.0,99.93,0.06,0.01,7.0
0.0,0.0,0.0,99.93,0.06,0.01,7.0
0.0,0.0,0.0,99.93,0.06,0.01,7.0
0.0,0.0,0.0,99.93,0.06,0.01,7.0
0.0,0.0,0.0,99.93,0.06,0.01,7.0
0.0,0.0,0.0,99.93,0.06,0.01,7.0
0.0,0.0,0.0,99.93,0.06,0.01,7.0
0.0,0.0,0.0,99.93,0.06,0.01,7.0
0.0,0.0,0.0,99.93,0.06,0.01,7.0
0.0,0.0,0.0,99.93,0.06,0.01,7.0
0.0,0.0,0.0,99.93,0.06,0.01,7.0
0.0,0.0,0.0,99.93,0.06,0.01,7.0
0.0,0.0,0.0,99.93,0.06,0.01,7.0
0.0,0.0,0.0,99.93,0.06,0.01,7.0
0.0,0.0,0.0,99.93,0.06,0.01,7.0
0.0,0.0,0.0,99.93,0.06,0.01,7.0
0.0,0.0,0.0,99.93,0.06,0.01,7.0
0.0,0.0,0.0,99.93,0.06,0.01,7.0
0.0,0.0,0.0,99.93,0.06,0.01,7.0
0.0,0.0,0.0,99.93,0.06,0.01,7.0
0.0,0.0,0.0,99.93,0.06,0.01,7.0
0.0,0.0,0.0,99.93,0.06,0.01,7.0
0.0,0.0,0.0,99.93,0.06,0.01,7.0
0.0,0.0,0.0,99.93,0.06,0.01,7.0
0.0,0.0,0.0,99.93,0.06,0.01,7.0
0.0,0.0,0.0,99.93,0.06,0.01,7.0
0.0,0.0,0.0,99.93,0.06,0.01,7.0
0.0,0.0,0.0,99.93,0.06,0.01,7.0
0.0,0.0,0.0,99.93,0.06,0.01,7.0
0.0,0.0,0.0,99.93,0.06,0.01,7.0
0.0,0.0,0.0,99.93,0.06,0.01,7.0
0.0,0.0,0.0,99.93,0.06,0.01,7.0
0.0,0.0,0.0,99.93,0.06,0.01,7.0
0.0,0.0,0.0,99.93,0.06,0.01,7.0
0.0,0.0,0.0,99.93,0.06,0.01,7.0
0.0,0.0,0.0,99.93,0.06,0.01,7.0
0.0,0.0,0.0,99.93,0.06,0.01,7.0
0.0,0.0,0.0,99.93,0.06,0.01,7.0
0.0,0.0,0.0,99.93,0.06,0.01,7.0
0.0,0.0,0.0,99.93,0.06,0.01,7.0
0.0,0.0,0.0,99.93,0.06,0.01,7.0
0.0,0.0,0.0,99.93,0.06,0.01,7.0
0.0,0.0,0.0,99.93,0.06,0.01,7.0
0.0,0.0,0.0,99.93,0.06,0.01,7.0
0.0,0.0,0.0,99.93,0.06,0.01,7.0
0.0,0.0,0.0,99.93,0.06,0.01,7.0
0.0,0.0,0.0,99.93,0.06,0.01,7.0
0.0,0.0,0.0,99.93,0.06,0.01,7.0
0.0,0.0,0.0,99.93,0.06,0.01,7.0
0.0,0.0,0.0,99.93,0.06,0.01,7.0
0.0,0.0,0.0,99.93,0.06,0.01,7.0
0.0,0.0,0.0,99.93,0.06,0.01,7.0
0.0,0.0,0.0,99.93,0.06,0.01,7.0
0.0,0.0,0.0,99.93,0.06,0.01,7.0
0.0,0.0,0.0,99.93,0.06,0.01,7.0
0.0,0.0,0.0,99.93,0.06,0.01,7.0
0.0,0.0,0.0,99.93,0.06,0.01,7.0
0.0,0.0,0.0,99.93,0.06,0.01,7.0
0.0,0.0,0.0,99.93,0.06,0.01,7.0
0.0,0.0,0.0,99.93,0.06,0.01,7.0
0.0,0.0,0.0,99.93,0.06,0.01,7.0
0.0,0.0,0.0,99.93,0.06,0.01,7.0
0.0,0.0,0.0,99.93,0.06,0.01,7.0
0.0,0.0,0.0,99.93,0.06,0.01,7.0
0.0,0.0,0.0,99.93,0.06,0.01,7.0
0.0,0.0,0.0,99.93,0.06,0.01,7.0
0.0,0.0,0.0,99.93,0.06,0.01,7.0
0.0,0.0,0.0,99.93,0.06,0.01,7.0
0.0,0.0,0.0,99.93,0.06,0.01,7.0
0.0,0.0,0.0,99.93,0.06,0.01,7.0
0.0,0.0,0.0,99.93,0.06,0.01,7.0
0.0,0.0,0.0,99.93,0.06,0.01,7.0
0.0,0.0,0.0,99.93,0.06,0.01,7.0
0.0,0.0,0.0,99.93,0.06,0.01,7.0
0.0,0.0,0.0,99.93,0.06,0.01,7.0
0.0,0.0,0.0,99.93,0.06,0.01,7.0
0.0,0.0,0.0,99.93,0.06,0.01,7.0
0.0,0.0,0.0,99.93,0.06,0.01,7.0
0.0,0.0,0.0,99.93,0.06,0.01,7.0
0.0,0.0,0.0,99.93,0.06,0.01,7.0
0.0,0.0,0.0,99.93,0.06,0.01,7.0
0.0,0.0,0.0,99.93,0.06,0.01,7.0
0.0,0.0,0.0,99.93,0.06,0.01,7.0
0.0,0.0,0.0,99.93,0.06,0.01,7.0
0.0,0.0,0.0,99.93,0.06,0.01,7.0
0.0,0.0,0.0,99.93,0.06,0.01,7.0
0.0,0.0,0.0,99.93,0.06,0.01,7.0
0.0,0.0,0.0,99.93,0.06,0.01,7.0
0.0,0.0,0.0,99.93,0.06,0.01,7.0
0.0,0.0,0.0,99.93,0.06,0.01,7.0
0.0,0.0,0.0,99.93,0.06,0.01,7.0
0.0,0.0,0.0,99.93,0.06,0.01,7.0
0.0,0.0,0.0,99.93,0.06,0.01,7.0
0.0,0.0,0.0,99.93,0.06,0.01,7.0
0.0,0.0,0.0,99.93,0.06,0.01,7.0
0.0,0.0,0.0,99.93,0.06,0.01,7.0
0.0,0.0,0.0,99.93,0.06,0.01,7.0
0.0,0.0,0.0,99.93,0.06,0.01,7.0
0.0,0.0,0.0,99.93,0.06,0.01,7.0
0.0,0.0,0.0,99.93,0.06,0.01,7.0
0.0,0.0,0.0,99.93,0.06,0.01,7.0
0.0,0.0,0.0,99.93,0.06,0.01,7.0
0.0,0.0,0.0,99.93,0.06,0.01,7.0
0.0,0.0,0.0,99.93,0.06,0.01,7.0
0.0,0.0,0.0,99.93,0.06,0.01,7.0
0.0,0.0,0.0,99.93,0.06,0.01,7.0
0.0,0.0,0.0,99.93,0.06,0.01,7.0
0.0,0.0,0.0,99.93,0.06,0.01,7.0
0.0,0.0,0.0,99.93,0.06,0.01,7.0
0.0,0.0,0.0,99.93,0.06,0.01,7.0
0.0,0.0,0.0,99.93,0.06,0.01,7.0
0.0,0.0,0.0,99.93,0.06,0.01,7.0
0.0,0.0,0.0,99.93,0.06,0.01,7.0
0.0,0.0,0.0,99.93,0.06,0.01,7.0
0.0,0.0,0.0,99.93,0.06,0.01,7.0
0.0,0.0,0.0,99.93,0.06,0.01,7.0
0.0,0.0,0.0,99.93,0.06,0.01,7.0
0.0,0.0,0.0,99.93,0.06,0.01,7.0
0.0,0.0,0.0,99.93,0.06,0.01,7.0
0.0,0.0,0.0,99.93,0.06,0.01,7.0
0.0,0.0,0.0,99.93,0.06,0.01,7.0
0.0,0.0,0.0,99.93,0.06,0.01,7.0
0.0,0.0,0.0,99.93,0.06,0.01,7.0
0.0,0.0,0.0,99.93,0.06,0.01,7.0
0.0,0.0,0.0,99.93,0.06,0.01,7.0
0.0,0.0,0.0,99.93,0.06,0.01,7.0
0.0,0.0,0.0,99.93,0.06,0.01,7.0
0.0,0.0,0.0,99.93,0.06,0.01,7.0
0.0,0.0,0.0,99.93,0.06,0.01,7.0
0.0,0.0,0.0,99.93,0.06,0.01,7.0
0.0,0.0,0.0,99.93,0.06,0.01,7.0
0.0,0.0,0.0,99.93,0.06,0.01,7.0
0.0,0.0,0.0,99.93,0.06,0.01,7.0
0.0,0.0,0.0,99.93,0.06,0.01,7.0
0.0,0.0,0.0,99.93,0.06,0.01,7.0
0.0,0.0,0.0,99.93,0.06,0.01,7.0
0.0,0.0,0.0,99.93,0.06,0.01,7.0
0.0,0.0,0.0,99.93,0.06,0.01,7.0
0.0,0.0,0.0,99.93,0.06,0.01,7.0
0.0,0.0,0.0,99.93,0.06,0.01,7.0
0.0,0.0,0.0,99.93,0.06,0.01,7.0
0.0,0.0,0.0,99.93,0.06,0.01,7.0
0.0,0.0,0.0,99.93,0.06,0.01,7.0
0.0,0.0,0.0,99.93,0.06,0.01,7.0
0.0,0.0,0.0,99.93,0.06,0.01,7.0
0.0,0.0,0.0,99.93,0.06,0.01,7.0
0.0,0.0,0.0,99.93,0.06,0.01,7.0
0.0,0.0,0.0,99.93,0.06,0.01,7.0
0.0,0.0,0.0,99.93,0.06,0.01,7.0
0.0,0.0,0.0,99.93,0.06,0.01,7.0
0.0,0.0,0.0,99.93,0.06,0.01,7.0
0.0,0.0,0.0,99.93,0.06,0.01,7.0
0.0,0.0,0.0,99.93,0.06,0.01,7.0
0.0,0.0,0.0,99.93,0.06,0.01,7.0
0.0,0.0,0.0,99.93,0.06,0.01,7.0
0.0,0.0,0.0,99.93,0.06,0.01,7.0
0.0,0.0,0.0,99.93,0.06,0.01,7.0
0.0,0.0,0.0,99.93,0.06,0.01,7.0
0.0,0.0,0.0,99.93,0.06,0.01,7.0
0.0,0.0,0.0,99.93,0.06,0.01,7.0
0.0,0.0,0.0,99.93,0.06,0.01,7.0
0.0,0.0,0.0,99.93,0.06,0.01,7.0
0.0,0.0,0.0,99.93,0.06,0.01,7.0
0.0,0.0,0.0,99.93,0.06,0.01,7.0
0.0,0.0,0.0,99.93,0.06,0.01,7.0
0.0,0.0,0.0,99.93,0.06,0.01,7.0
0.0,0.0,0.0,99.93,0.06,0.01,7.0
0.0,0.0,0.0,99.93,0.06,0.01,7.0
0.0,0.0,0.0,99.93,0.06,0.01,7.0
0.0,0.0,0.0,99.93,0.06,0.01,7.0
0.0,0.0,0.0,99.93,0.06,0.01,7.0
0.0,0.0,0.0,99.93,0.06,0.01,7.0
0.0,0.0,0.0,99.93,0.06,0.01,7.0
0.0,0.0,0.0,99.93,0.06,0.01,7.0
0.0,0.0,0.0,99.93,0.06,0.01,7.0
0.0,0.0,0.0,99.93,0.06,0.01,7.0
0.0,0.0,0.0,99.93,0.06,0.01,7.0
0.0,0.0,0.0,99.93,0.06,0.01,7.0
0.0,0.0,0.0,99.93,0.06,0.01,7.0
0.0,0.0,0.0,99.93,0.06,0.01,7.0
0.0,0.0,0.0,99.93,0.06,0.01,7.0
0.0,0.0,0.0,99.93,0.06,0.01,7.0
0.0,0.0,0.0,99.93,0.06,0.01,7.0
0.0,0.0,0.0,99.93,0.06,0.01,7.0
0.0,0.0,0.0,99.93,0.06,0.01,7.0
0.0,0.0,0.0,99.93,0.06,0.01,7.0
0.0,0.0,0.0,99.93,0.06,0.01,7.0
0.0,0.0,0.0,99.93,0.06,0.01,7.0
0.0,0.0,0.0,99.93,0.06,0.01,7.0
0.0,0.0,0.0,99.93,0.06,0.01,7.0
0.0,0.0,0.0,99.93,0.06,0.01,7.0
0.0,0.0,0.0,99.93,0.06,0.01,7.0
0.0,0.0,0.0,99.93,0.06,0.01,7.0
0.0,0.0,0.0,99.93,0.06,0.01,7.0
0.0,0.0,0.0,99.93,0.06,0.01,7.0
0.0,0.0,0.0,99.93,0.06,0.01,7.0
0.0,0.0,0.0,99.93,0.06,0.01,7.0
0.0,0.0,0.0,99.93,0.06,0.01,7.0
0.0,0.0,0.0,99.93,0.06,0.01,7.0
0.0,0.0,0.0,99.93,0.06,0.01,7.0
0.0,0.0,0.0,99.93,0.06,0.01,7.0
0.0,0.0,0.0,99.93,0.06,0.01,7.0
0.0,0.0,0.0,99.93,0.06,0.01,7.0
0.0,0.0,0.0,99.93,0.06,0.01,7.0
0.0,0.0,0.0,99.93,0.06,0.01,7.0
0.0,0.0,0.0,99.93,0.06,0.01,7.0
0.0,0.0,0.0,99.93,0.06,0.01,7.0
0.0,0.0,0.0,99.93,0.06,0.01,7.0
0.0,0.0,0.0,99.93,0.06,0.01,7.0
0.0,0.0,0.0,99.93,0.06,0.01,7.0
0.0,0.0,0.0,99.93,0.06,0.01,7.0
0.0,0.0,0.0,99.93,0.06,0.01,7.0
0.0,0.0,0.0,99.93,0.06,0.01,7.0
0.0,0.0,0.0,99.93,0.06,0.01,7.0
0.0,0.0,0.0,99.93,0.06,0.01,7.0
0.0,0.0,0.0,99.93,0.06,0.01,7.0
0.0,0.0,0.0,99.93,0.06,0.01,7.0
0.0,0.0,0.0,99.93,0.06,0.01,7.0
0.0,0.0,0.0,99.93,0.06,0.01,7.0
0.0,0.0,0.0,99.93,0.06,0.01,7.0
0.0,0.0,0.0,99.93,0.06,0.01,7.0
0.0,0.0,0.0,99.93,0.06,0.01,7.0
0.0,0.0,0.0,99.93,0.06,0.01,7.0
0.0,0.0,0.0,99.93,0.06,0.01,7.0
0.0,0.0,0.0,99.93,0.06,0.01,7.0
0.0,0.0,0.0,99.93,0.06,0.01,7.0
0.0,0.0,0.0,99.93,0.06,0.01,7.0
0.0,0.0,0.0,99.93,0.06,0.01,7.0
0.0,0.0,0.0,99.93,0.06,0.01,7.0
0.0,0.0,0.0,99.93,0.06,0.01,7.0
0.0,0.0,0.0,99.93,0.06,0.01,7.0
0.0,0.0,0.0,99.93,0.06,0.01,7.0
0.0,0.0,0.0,99.93,0.06,0.01,7.0
0.0,0.0,0.0,99.93,0.06,0.01,7.0
0.0,0.0,0.0,99.93,0.06,0.01,7.0
0.0,0.0,0.0,99.93,0.06,0.01,7.0
0.0,0.0,0.0,99.93,0.06,0.01,7.0