incubando,i_mild,i_grave,susceptibles,recuperados,muertos,infectados_totales
1.11,0.0,0.0,98.89,0.0,0.0,111.0
2.63,0.0,0.0,97.37,0.0,0.0,263.2
3.85,0.0,0.0,96.15,0.0,0.0,385.2
23.96,0.0,0.0,76.04,0.0,0.0,2395.8
30.23,0.0,0.0,69.77,0.0,0.0,3023.4
34.19,0.0,0.0,65.81,0.0,0.0,3418.8
37.52,0.0,0.0,62.48,0.0,0.0,3751.8
38.69,0.79,0.32,60.2,0.0,0.0,3980.2
39.25,1.87,0.76,58.11,0.0,0.0,4188.6
47.36,2.74,1.11,48.78,0.0,0.0,5121.6
29.59,17.09,6.86,46.45,0.0,0.0,5354.6
32.14,21.52,8.69,37.62,0.0,0.02,6237.6
29.64,24.32,9.82,36.17,0.0,0.05,6382.6
27.13,26.6,10.85,35.35,0.0,0.07,6464.6
33.25,28.18,11.52,26.95,0.0,0.1,7305.0
32.26,29.69,12.07,25.86,0.0,0.13,7414.4
23.39,36.34,14.72,25.39,0.0,0.16,7460.8
21.55,37.25,15.3,24.9,0.79,0.21,7509.6
12.86,42.37,17.88,24.77,1.87,0.25,7523.2
11.51,42.54,18.25,24.66,2.74,0.3,7533.6
10.75,28.8,18.39,24.61,17.09,0.37,7539.2
2.37,30.31,20.79,24.58,21.52,0.43,7541.8
1.29,28.31,21.03,24.57,24.32,0.49,7543.0
0.85,26.34,21.12,24.55,26.6,0.55,7545.4
0.37,25.08,21.22,24.54,28.18,0.61,7546.2
0.24,23.67,21.2,24.53,29.69,0.67,7547.0
0.14,17.1,21.15,24.52,36.34,0.75,7547.6
0.09,15.44,21.12,24.52,38.03,0.8,7548.0
0.06,9.25,20.75,24.52,44.56,0.87,7548.0
0.05,8.22,20.27,24.52,46.01,0.92,7548.0
0.03,7.63,19.89,24.52,46.95,0.98,7548.0
0.02,1.7,14.44,24.52,58.29,1.03,7548.0
0.01,0.91,12.65,24.52,60.84,1.06,7548.0
0.0,0.61,11.51,24.52,62.25,1.11,7548.0
0.0,0.29,10.5,24.52,63.54,1.15,7548.0
0.0,0.19,9.81,24.52,64.3,1.18,7548.0
0.0,0.11,9.24,24.52,64.92,1.21,7548.0
0.0,0.08,6.69,24.52,67.47,1.24,7548.0
0.0,0.06,6.07,24.52,68.08,1.26,7548.0
0.0,0.05,3.58,24.52,70.57,1.27,7548.0
0.0,0.03,3.19,24.52,70.97,1.29,7548.0
0.0,0.02,3.0,24.52,71.17,1.29,7548.0
0.0,0.01,0.69,24.52,73.48,1.3,7548.0
0.0,0.0,0.39,24.52,73.78,1.3,7548.0
0.0,0.0,0.24,24.52,73.93,1.31,7548.0
0.0,0.0,0.09,24.52,74.08,1.31,7548.0
0.0,0.0,0.06,24.52,74.11,1.31,7548.0
0.0,0.0,0.03,24.52,74.14,1.31,7548.0
0.0,0.0,0.01,24.52,74.16,1.31,7548.0
0.0,0.0,0.0,24.52,74.17,1.31,7548.0
0.0,0.0,0.0,24.52,74.17,1.31,7548.0
0.0,0.0,0.0,24.52,74.17,1.31,7548.0
0.0,0.0,0.0,24.52,74.17,1.31,7548.0
0.0,0.0,0.0,24.52,74.17,1.31,7548.0
0.0,0.0,0.0,24.52,74.17,1.31,7548.0
0.0,0.0,0.0,24.52,74.17,1.31,7548.0
0.0,0.0,0.0,24.52,74.17,1.31,7548.0
0.0,0.0,0.0,24.52,74.17,1.31,7548.0
0.0,0.0,0.0,24.52,74.17,1.31,7548.0
0.0,0.0,0.0,24.52,74.17,1.31,7548.0
0.0,0.0,0.0,24.52,74.17,1.31,7548.0
0.0,0.0,0.0,24.52,74.17,1.31,7548.0
0.0,0.0,0.0,24.52,74.17,1.31,7548.0
0.0,0.0,0.0,24.52,74.17,1.31,7548.0
0.0,0.0,0.0,24.52,74.17,1.31,7548.0
0.0,0.0,0.0,24.52,74.17,1.31,7548.0
0.0,0.0,0.0,24.52,74.17,1.31,7548.0
0.0,0.0,0.0,24.52,74.17,1.31,7548.0
0.0,0.0,0.0,24.52,74.17,1.31,7548.0
0.0,0.0,0.0,24.52,74.17,1.31,7548.0
0.0,0.0,0.0,24.52,74.17,1.31,7548.0
0.0,0.0,0.0,24.52,74.17,1.31,7548.0
0.0,0.0,0.0,24.52,74.17,1.31,7548.0
0.0,0.0,0.0,24.52,74.17,1.31,7548.0
0.0,0.0,0.0,24.52,74.17,1.31,7548.0
0.0,0.0,0.0,24.52,74.17,1.31,7548.0
0.0,0.0,0.0,24.52,74.17,1.31,7548.0
0.0,0.0,0.0,24.52,74.17,1.31,7548.0
0.0,0.0,0.0,24.52,74.17,1.31,7548.0
0.0,0.0,0.0,24.52,74.17,1.31,7548.0
0.0,0.0,0.0,24.52,74.17,1.31,7548.0
0.0,0.0,0.0,24.52,74.17,1.31,7548.0
0.0,0.0,0.0,24.52,74.17,1.31,7548.0
0.0,0.0,0.0,24.52,74.17,1.31,7548.0
0.0,0.0,0.0,24.52,74.17,1.31,7548.0
0.0,0.0,0.0,24.52,74.17,1.31,7548.0
0.0,0.0,0.0,24.52,74.17,1.31,7548.0
0.0,0.0,0.0,24.52,74.17,1.31,7548.0
0.0,0.0,0.0,24.52,74.17,1.31,7548.0
0.0,0.0,0.0,24.52,74.17,1.31,7548.0
0.0,0.0,0.0,24.52,74.17,1.31,7548.0
0.0,0.0,0.0,24.52,74.17,1.31,7548.0
0.0,0.0,0.0,24.52,74.17,1.31,7548.0
0.0,0.0,0.0,24.52,74.17,1.31,7548.0
0.0,0.0,0.0,24.52,74.17,1.31,7548.0
0.0,0.0,0.0,24.52,74.17,1.31,7548.0
0.0,0.0,0.0,24.52,74.17,1.31,7548.0
0.0,0.0,0.0,24.52,74.17,1.31,7548.0
0.0,0.0,0.0,24.52,74.17,1.31,7548.0
0.0,0.0,0.0,24.52,74.17,1.31,7548.0
0.0,0.0,0.0,24.52,74.17,1.31,7548.0
0.0,0.0,0.0,24.52,74.17,1.31,7548.0
0.0,0.0,0.0,24.52,74.17,1.31,7548.0
0.0,0.0,0.0,24.52,74.17,1.31,7548.0
0.0,0.0,0.0,24.52,74.17,1.31,7548.0
0.0,0.0,0.0,24.52,74.17,1.31,7548.0
0.0,0.0,0.0,24.52,74.17,1.31,7548.0
0.0,0.0,0.0,24.52,74.17,1.31,7548.0
0.0,0.0,0.0,24.52,74.17,1.31,7548.0
0.0,0.0,0.0,24.52,74.17,1.31,7548.0
0.0,0.0,0.0,24.52,74.17,1.31,7548.0
0.0,0.0,0.0,24.52,74.17,1.31,7548.0
0.0,0.0,0.0,24.52,74.17,1.31,7548.0
0.0,0.0,0.0,24.52,74.17,1.31,7548.0
0.0,0.0,0.0,24.52,74.17,1.31,7548.0
0.0,0.0,0.0,24.52,74.17,1.31,7548.0
0.0,0.0,0.0,24.52,74.17,1.31,7548.0
0.0,0.0,0.0,24.52,74.17,1.31,7548.0
0.0,0.0,0.0,24.52,74.17,1.31,7548.0
0.0,0.0,0.0,24.52,74.17,1.31,7548.0
0.0,0.0,0.0,24.52,74.17,1.31,7548.0
0.0,0.0,0.0,24.52,74.17,1.31,7548.0
0.0,0.0,0.0,24.52,74.17,1.31,7548.0
0.0,0.0,0.0,24.52,74.17,1.31,7548.0
0.0,0.0,0.0,24.52,74.17,1.31,7548.0
0.0,0.0,0.0,24.52,74.17,1.31,7548.0
0.0,0.0,0.0,24.52,74.17,1.31,7548.0
0.0,0.0,0.0,24.52,74.17,1.31,7548.0
0.0,0.0,0.0,24.52,74.17,1.31,7548.0
0.0,0.0,0.0,24.52,74.17,1.31,7548.0
0.0,0.0,0.0,24.52,74.17,1.31,7548.0
0.0,0.0,0.0,24.52,74.17,1.31,7548.0
0.0,0.0,0.0,24.52,74.17,1.31,7548.0
0.0,0.0,0.0,24.52,74.17,1.31,7548.0
0.0,0.0,0.0,24.52,74.17,1.31,7548.0
0.0,0.0,0.0,24.52,74.17,1.31,7548.0
0.0,0.0,0.0,24.52,74.17,1.31,7548.0
0.0,0.0,0.0,24.52,74.17,1.31,7548.0
0.0,0.0,0.0,24.52,74.17,1.31,7548.0
0.0,0.0,0.0,24.52,74.17,1.31,7548.0
0.0,0.0,0.0,24.52,74.17,1.31,7548.0
0.0,0.0,0.0,24.52,74.17,1.31,7548.0
0.0,0.0,0.0,24.52,74.17,1.31,7548.0
0.0,0.0,0.0,24.52,74.17,1.31,7548.0
0.0,0.0,0.0,24.52,74.17,1.31,7548.0
0.0,0.0,0.0,24.52,74.17,1.31,7548.0
0.0,0.0,0.0,24.52,74.17,1.31,7548.0
0.0,0.0,0.0,24.52,74.17,1.31,7548.0
0.0,0.0,0.0,24.52,74.17,1.31,7548.0
0.0,0.0,0.0,24.52,74.17,1.31,7548.0
0.0,0.0,0.0,24.52,74.17,1.31,7548.0
0.0,0.0,0.0,24.52,74.17,1.31,7548.0
0.0,0.0,0.0,24.52,74.17,1.31,7548.0
0.0,0.0,0.0,24.52,74.17,1.31,7548.0
0.0,0.0,0.0,24.52,74.17,1.31,7548.0
0.0,0.0,0.0,24.52,74.17,1.31,7548.0
0.0,0.0,0.0,24.52,74.17,1.31,7548.0
0.0,0.0,0.0,24.52,74.17,1.31,7548.0
0.0,0.0,0.0,24.52,74.17,1.31,7548.0
0.0,0.0,0.0,24.52,74.17,1.31,7548.0
0.0,0.0,0.0,24.52,74.17,1.31,7548.0
0.0,0.0,0.0,24.52,74.17,1.31,7548.0
0.0,0.0,0.0,24.52,74.17,1.31,7548.0
0.0,0.0,0.0,24.52,74.17,1.31,7548.0
0.0,0.0,0.0,24.52,74.17,1.31,7548.0
0.0,0.0,0.0,24.52,74.17,1.31,7548.0
0.0,0.0,0.0,24.52,74.17,1.31,7548.0
0.0,0.0,0.0,24.52,74.17,1.31,7548.0
0.0,0.0,0.0,24.52,74.17,1.31,7548.0
0.0,0.0,0.0,24.52,74.17,1.31,7548.0
0.0,0.0,0.0,24.52,74.17,1.31,7548.0
0.0,0.0,0.0,24.52,74.17,1.31,7548.0
0.0,0.0,0.0,24.52,74.17,1.31,7548.0
0.0,0.0,0.0,24.52,74.17,1.31,7548.0
0.0,0.0,0.0,24.52,74.17,1.31,7548.0
0.0,0.0,0.0,24.52,74.17,1.31,7548.0
0.0,0.0,0.0,24.52,74.17,1.31,7548.0
0.0,0.0,0.0,24.52,74.17,1.31,7548.0
0.0,0.0,0.0,24.52,74.17,1.31,7548.0
0.0,0.0,0.0,24.52,74.17,1.31,7548.0
0.0,0.0,0.0,24.52,74.17,1.31,7548.0
0.0,0.0,0.0,24.52,74.17,1.31,7548.0
0.0,0.0,0.0,24.52,74.17,1.31,7548.0
0.0,0.0,0.0,24.52,74.17,1.31,7548.0
0.0,0.0,0.0,24.52,74.17,1.31,7548.0
0.0,0.0,0.0,24.52,74.17,1.31,7548.0
0.0,0.0,0.0,24.52,74.17,1.31,7548.0
0.0,0.0,0.0,24.52,74.17,1.31,7548.0
0.0,0.0,0.0,24.52,74.17,1.31,7548.0
0.0,0.0,0.0,24.52,74.17,1.31,7548.0
0.0,0.0,0.0,24.52,74.17,1.31,7548.0
0.0,0.0,0.0,24.52,74.17,1.31,7548.0
0.0,0.0,0.0,24.52,74.17,1.31,7548.0
0.0,0.0,0.0,24.52,74.17,1.31,7548.0
0.0,0.0,0.0,24.52,74.17,1.31,7548.0
0.0,0.0,0.0,24.52,74.17,1.31,7548.0
0.0,0.0,0.0,24.52,74.17,1.31,7548.0
0.0,0.0,0.0,24.52,74.17,1.31,7548.0
0.0,0.0,0.0,24.52,74.17,1.31,7548.0
0.0,0.0,0.0,24.52,74.17,1.31,7548.0
0.0,0.0,0.0,24.52,74.17,1.31,7548.0
0.0,0.0,0.0,24.52,74.17,1.31,7548.0
0.0,0.0,0.0,24.52,74.17,1.31,7548.0
0.0,0.0,0.0,24.52,74.17,1.31,7548.0
0.0,0.0,0.0,24.52,74.17,1.31,7548.0
0.0,0.0,0.0,24.52,74.17,1.31,7548.0
0.0,0.0,0.0,24.52,74.17,1.31,7548.0
0.0,0.0,0.0,24.52,74.17,1.31,7548.0
0.0,0.0,0.0,24.52,74.17,1.31,7548.0
0.0,0.0,0.0,24.52,74.17,1.31,7548.0
0.0,0.0,0.0,24.52,74.17,1.31,7548.0
0.0,0.0,0.0,24.52,74.17,1.31,7548.0
0.0,0.0,0.0,24.52,74.17,1.31,7548.0
0.0,0.0,0.0,24.52,74.17,1.31,7548.0
0.0,0.0,0.0,24.52,74.17,1.31,7548.0
0.0,0.0,0.0,24.52,74.17,1.31,7548.0
0.0,0.0,0.0,24.52,74.17,1.31,7548.0
0.0,0.0,0.0,24.52,74.17,1.31,7548.0
0.0,0.0,0.0,24.52,74.17,1.31,7548.0
0.0,0.0,0.0,24.52,74.17,1.31,7548.0
0.0,0.0,0.0,24.52,74.17,1.31,7548.0
0.0,0.0,0.0,24.52,74.17,1.31,7548.0
0.0,0.0,0.0,24.52,74.17,1.31,7548.0
0.0,0.0,0.0,24.52,74.17,1.31,7548.0
0.0,0.0,0.0,24.52,74.17,1.31,7548.0
0.0,0.0,0.0,24.52,74.17,1.31,7548.0
0.0,0.0,0.0,24.52,74.17,1.31,7548.0
0.0,0.0,0.0,24.52,74.17,1.31,7548.0
0.0,0.0,0.0,24.52,74.17,1.31,7548.0
0.0,0.0,0.0,24.52,74.17,1.31,7548.0
0.0,0.0,0.0,24.52,74.17,1.31,7548.0
0.0,0.0,0.0,24.52,74.17,1.31,7548.0
0.0,0.0,0.0,24.52,74.17,1.31,7548.0
0.0,0.0,0.0,24.52,74.17,1.31,7548.0
0.0,0.0,0.0,24.52,74.17,1.31,7548.0
0.0,0.0,0.0,24.52,74.17,1.31,7548.0
0.0,0.0,0.0,24.52,74.17,1.31,7548.0
0.0,0.0,0.0,24.52,74.17,1.31,7548.0
0.0,0.0,0.0,24.52,74.17,1.31,7548.0
0.0,0.0,0.0,24.52,74.17,1.31,7548.0
0.0,0.0,0.0,24.52,74.17,1.31,7548.0
0.0,0.0,0.0,24.52,74.17,1.31,7548.0
0.0,0.0,0.0,24.52,74.17,1.31,7548.0
0.0,0.0,0.0,24.52,74.17,1.31,7548.0
0.0,0.0,0.0,24.52,74.17,1.31,7548.0
0.0,0.0,0.0,24.52,74.17,1.31,7548.0
0.0,0.0,0.0,24.52,74.17,1.31,7548.0
0.0,0.0,0.0,24.52,74.17,1.31,7548.0
0.0,0.0,0.0,24.52,74.17,1.31,7548.0
0.0,0.0,0.0,24.52,74.17,1.31,7548.0
0.0,0.0,0.0,24.52,74.17,1.31,7548.0
0.0,0.0,0.0,24.52,74.17,1.31,7548.0
0.0,0.0,0.0,24.52,74.17,1.31,7548.0
0.0,0.0,0.0,24.52,74.17,1.31,7548.0
0.0,0.0,0.0,24.52,74.17,1.31,7548.0
0.0,0.0,0.0,24.52,74.17,1.31,7548.0
0.0,0.0,0.0,24.52,74.17,1.31,7548.0
0.0,0.0,0.0,24.52,74.17,1.31,7548.0
0.0,0.0,0.0,24.52,74.17,1.31,7548.0
0.0,0.0,0.0,24.52,74.17,1.31,7548.0
0.0,0.0,0.0,24.52,74.17,1.31,7548.0
0.0,0.0,0.0,24.52,74.17,1.31,7548.0
0.0,0.0,0.0,24.52,74.17,1.31,7548.0
0.0,0.0,0.0,24.52,74.17,1.31,7548.0
0.0,0.0,0.0,24.52,74.17,1.31,7548.0
0.0,0.0,0.0,24.52,74.17,1.31,7548.0
0.0,0.0,0.0,24.52,74.17,1.31,7548.0
0.0,0.0,0.0,24.52,74.17,1.31,7548.0
0.0,0.0,0.0,24.52,74.17,1.31,7548.0
0.0,0.0,0.0,24.52,74.17,1.31,7548.0
0.0,0.0,0.0,24.52,74.17,1.31,7548.0
0.0,0.0,0.0,24.52,74.17,1.31,7548.0
0.0,0.0,0.0,24.52,74.17,1.31,7548.0
0.0,0.0,0.0,24.52,74.17,1.31,7548.0
0.0,0.0,0.0,24.52,74.17,1.31,7548.0
0.0,0.0,0.0,24.52,74.17,1.31,7548.0
0.0,0.0,0.0,24.52,74.17,1.31,7548.0
0.0,0.0,0.0,24.52,74.17,1.31,7548.0
0.0,0.0,0.0,24.52,74.17,1.31,7548.0
0.0,0.0,0.0,24.52,74.17,1.31,7548.0
0.0,0.0,0.0,24.52,74.17,1.31,7548.0
0.0,0.0,0.0,24.52,74.17,1.31,7548.0
0.0,0.0,0.0,24.52,74.17,1.31,7548.0
0.0,0.0,0.0,24.52,74.17,1.31,7548.0
0.0,0.0,0.0,24.52,74.17,1.31,7548.0
0.0,0.0,0.0,24.52,74.17,1.31,7548.0
0.0,0.0,0.0,24.52,74.17,1.31,7548.0
0.0,0.0,0.0,24.52,74.17,1.31,7548.0
0.0,0.0,0.0,24.52,74.17,1.31,7548.0
0.0,0.0,0.0,24.52,74.17,1.31,7548.0
0.0,0.0,0.0,24.52,74.17,1.31,7548.0
0.0,0.0,0.0,24.52,74.17,1.31,7548.0
0.0,0.0,0.0,24.52,74.17,1.31,7548.0
0.0,0.0,0.0,24.52,74.17,1.31,7548.0
0.0,0.0,0.0,24.52,74.17,1.31,7548.0
0.0,0.0,0.0,24.52,74.17,1.31,7548.0
0.0,0.0,0.0,24.52,74.17,1.31,7548.0
0.0,0.0,0.0,24.52,74.17,1.31,7548.0
0.0,0.0,0.0,24.52,74.17,1.31,7548.0
0.0,0.0,0.0,24.52,74.17,1.31,7548.0