incubando,i_mild,i_grave,susceptibles,recuperados,muertos,infectados_totales
0.59,0.0,0.0,99.41,0.0,0.0,59.0
0.87,0.0,0.0,99.13,0.0,0.0,86.8
1.06,0.0,0.0,98.94,0.0,0.0,106.0
1.15,0.0,0.0,98.85,0.0,0.0,114.8
1.24,0.0,0.0,98.76,0.0,0.0,124.0
1.41,0.0,0.0,98.59,0.0,0.0,141.2
1.73,0.0,0.0,98.27,0.0,0.0,172.6
1.3,0.45,0.14,98.11,0.0,0.0,188.6
1.14,0.65,0.22,98.0,0.0,0.0,200.4
1.27,0.79,0.27,97.67,0.0,0.0,232.8
1.38,0.84,0.31,97.47,0.0,0.0,253.2
2.21,0.89,0.35,96.55,0.0,0.0,345.2
3.48,1.01,0.4,95.11,0.0,0.0,489.2
4.32,1.23,0.49,93.95,0.0,0.01,605.0
5.36,1.35,0.53,92.76,0.0,0.01,724.4
8.94,1.44,0.56,89.05,0.0,0.01,1094.8
23.3,1.67,0.65,74.37,0.0,0.01,2563.2
27.38,1.35,0.72,70.09,0.45,0.01,2991.4
30.15,1.8,0.99,66.4,0.65,0.01,3360.4
36.29,2.71,1.39,58.82,0.79,0.01,4118.4
39.59,3.46,1.74,54.36,0.84,0.01,4564.2
45.68,4.27,2.07,47.07,0.89,0.02,5292.8
45.08,6.77,3.15,43.97,1.01,0.02,5603.0
31.66,17.01,7.37,42.71,1.23,0.02,5729.0
28.29,19.95,8.57,41.79,1.35,0.04,5820.8
25.71,22.44,9.65,40.69,1.44,0.08,5931.4
18.95,27.51,11.89,39.87,1.67,0.11,6013.2
14.82,30.5,13.18,39.54,1.8,0.16,6046.2
14.61,35.09,15.03,32.47,2.58,0.23,6753.4
12.92,36.21,15.86,31.05,3.69,0.26,6895.2
12.78,36.29,16.15,29.93,4.55,0.31,7007.2
12.17,36.05,16.34,29.62,5.44,0.37,7038.2
11.72,34.21,16.59,28.97,8.11,0.41,7103.4
11.1,24.34,16.72,28.77,18.61,0.46,7123.2
10.83,21.51,16.69,28.71,21.76,0.5,7129.4
3.8,23.89,18.69,28.67,24.39,0.57,7133.4
2.42,19.63,18.99,28.63,29.71,0.62,7137.4
1.32,17.28,19.19,28.6,32.93,0.68,7139.6
1.02,12.25,19.14,28.59,38.23,0.76,7140.6
0.38,10.55,19.0,28.59,40.65,0.83,7141.2
0.18,9.82,18.66,28.59,41.88,0.88,7141.4
0.12,9.23,18.29,28.58,42.84,0.92,7141.6
0.09,8.48,17.93,28.57,43.94,0.98,7142.6
0.05,7.92,16.88,28.57,45.54,1.04,7142.8
0.03,7.7,12.91,28.57,49.7,1.08,7143.0
0.02,2.74,11.77,28.57,55.79,1.11,7143.0
0.02,1.71,10.68,28.57,57.87,1.15,7143.0
0.02,0.94,8.5,28.57,60.79,1.19,7143.0
0.01,0.73,7.22,28.57,62.25,1.21,7143.0
0.0,0.27,5.27,28.57,64.65,1.23,7143.0
0.0,0.14,4.37,28.57,65.67,1.25,7143.0
0.0,0.09,3.99,28.57,66.08,1.26,7143.0
0.0,0.06,3.71,28.57,66.39,1.27,7143.0
0.0,0.04,3.39,28.57,66.71,1.29,7143.0
0.0,0.03,3.16,28.57,66.94,1.3,7143.0
0.0,0.02,3.05,28.57,67.05,1.31,7143.0
0.0,0.02,1.06,28.57,69.03,1.32,7143.0
0.0,0.01,0.71,28.57,69.39,1.32,7143.0
0.0,0.01,0.39,28.57,69.71,1.32,7143.0
0.0,0.0,0.29,28.57,69.81,1.33,7143.0
0.0,0.0,0.12,28.57,69.99,1.33,7143.0
0.0,0.0,0.06,28.57,70.05,1.33,7143.0
0.0,0.0,0.04,28.57,70.06,1.33,7143.0
0.0,0.0,0.03,28.57,70.07,1.33,7143.0
0.0,0.0,0.02,28.57,70.09,1.33,7143.0
0.0,0.0,0.01,28.57,70.1,1.33,7143.0
0.0,0.0,0.0,28.57,70.1,1.33,7143.0
0.0,0.0,0.0,28.57,70.1,1.33,7143.0
0.0,0.0,0.0,28.57,70.1,1.33,7143.0
0.0,0.0,0.0,28.57,70.1,1.33,7143.0
0.0,0.0,0.0,28.57,70.1,1.33,7143.0
0.0,0.0,0.0,28.57,70.1,1.33,7143.0
0.0,0.0,0.0,28.57,70.1,1.33,7143.0
0.0,0.0,0.0,28.57,70.1,1.33,7143.0
0.0,0.0,0.0,28.57,70.1,1.33,7143.0
0.0,0.0,0.0,28.57,70.1,1.33,7143.0
0.0,0.0,0.0,28.57,70.1,1.33,7143.0
0.0,0.0,0.0,28.57,70.1,1.33,7143.0
0.0,0.0,0.0,28.57,70.1,1.33,7143.0
0.0,0.0,0.0,28.57,70.1,1.33,7143.0
0.0,0.0,0.0,28.57,70.1,1.33,7143.0
0.0,0.0,0.0,28.57,70.1,1.33,7143.0
0.0,0.0,0.0,28.57,70.1,1.33,7143.0
0.0,0.0,0.0,28.57,70.1,1.33,7143.0
0.0,0.0,0.0,28.57,70.1,1.33,7143.0
0.0,0.0,0.0,28.57,70.1,1.33,7143.0
0.0,0.0,0.0,28.57,70.1,1.33,7143.0
0.0,0.0,0.0,28.57,70.1,1.33,7143.0
0.0,0.0,0.0,28.57,70.1,1.33,7143.0
0.0,0.0,0.0,28.57,70.1,1.33,7143.0
0.0,0.0,0.0,28.57,70.1,1.33,7143.0
0.0,0.0,0.0,28.57,70.1,1.33,7143.0
0.0,0.0,0.0,28.57,70.1,1.33,7143.0
0.0,0.0,0.0,28.57,70.1,1.33,7143.0
0.0,0.0,0.0,28.57,70.1,1.33,7143.0
0.0,0.0,0.0,28.57,70.1,1.33,7143.0
0.0,0.0,0.0,28.57,70.1,1.33,7143.0
0.0,0.0,0.0,28.57,70.1,1.33,7143.0
0.0,0.0,0.0,28.57,70.1,1.33,7143.0
0.0,0.0,0.0,28.57,70.1,1.33,7143.0
0.0,0.0,0.0,28.57,70.1,1.33,7143.0
0.0,0.0,0.0,28.57,70.1,1.33,7143.0
0.0,0.0,0.0,28.57,70.1,1.33,7143.0
0.0,0.0,0.0,28.57,70.1,1.33,7143.0
0.0,0.0,0.0,28.57,70.1,1.33,7143.0
0.0,0.0,0.0,28.57,70.1,1.33,7143.0
0.0,0.0,0.0,28.57,70.1,1.33,7143.0
0.0,0.0,0.0,28.57,70.1,1.33,7143.0
0.0,0.0,0.0,28.57,70.1,1.33,7143.0
0.0,0.0,0.0,28.57,70.1,1.33,7143.0
0.0,0.0,0.0,28.57,70.1,1.33,7143.0
0.0,0.0,0.0,28.57,70.1,1.33,7143.0
0.0,0.0,0.0,28.57,70.1,1.33,7143.0
0.0,0.0,0.0,28.57,70.1,1.33,7143.0
0.0,0.0,0.0,28.57,70.1,1.33,7143.0
0.0,0.0,0.0,28.57,70.1,1.33,7143.0
0.0,0.0,0.0,28.57,70.1,1.33,7143.0
0.0,0.0,0.0,28.57,70.1,1.33,7143.0
0.0,0.0,0.0,28.57,70.1,1.33,7143.0
0.0,0.0,0.0,28.57,70.1,1.33,7143.0
0.0,0.0,0.0,28.57,70.1,1.33,7143.0
0.0,0.0,0.0,28.57,70.1,1.33,7143.0
0.0,0.0,0.0,28.57,70.1,1.33,7143.0
0.0,0.0,0.0,28.57,70.1,1.33,7143.0
0.0,0.0,0.0,28.57,70.1,1.33,7143.0
0.0,0.0,0.0,28.57,70.1,1.33,7143.0
0.0,0.0,0.0,28.57,70.1,1.33,7143.0
0.0,0.0,0.0,28.57,70.1,1.33,7143.0
0.0,0.0,0.0,28.57,70.1,1.33,7143.0
0.0,0.0,0.0,28.57,70.1,1.33,7143.0
0.0,0.0,0.0,28.57,70.1,1.33,7143.0
0.0,0.0,0.0,28.57,70.1,1.33,7143.0
0.0,0.0,0.0,28.57,70.1,1.33,7143.0
0.0,0.0,0.0,28.57,70.1,1.33,7143.0
0.0,0.0,0.0,28.57,70.1,1.33,7143.0
0.0,0.0,0.0,28.57,70.1,1.33,7143.0
0.0,0.0,0.0,28.57,70.1,1.33,7143.0
0.0,0.0,0.0,28.57,70.1,1.33,7143.0
0.0,0.0,0.0,28.57,70.1,1.33,7143.0
0.0,0.0,0.0,28.57,70.1,1.33,7143.0
0.0,0.0,0.0,28.57,70.1,1.33,7143.0
0.0,0.0,0.0,28.57,70.1,1.33,7143.0
0.0,0.0,0.0,28.57,70.1,1.33,7143.0
0.0,0.0,0.0,28.57,70.1,1.33,7143.0
0.0,0.0,0.0,28.57,70.1,1.33,7143.0
0.0,0.0,0.0,28.57,70.1,1.33,7143.0
0.0,0.0,0.0,28.57,70.1,1.33,7143.0
0.0,0.0,0.0,28.57,70.1,1.33,7143.0
0.0,0.0,0.0,28.57,70.1,1.33,7143.0
0.0,0.0,0.0,28.57,70.1,1.33,7143.0
0.0,0.0,0.0,28.57,70.1,1.33,7143.0
0.0,0.0,0.0,28.57,70.1,1.33,7143.0
0.0,0.0,0.0,28.57,70.1,1.33,7143.0
0.0,0.0,0.0,28.57,70.1,1.33,7143.0
0.0,0.0,0.0,28.57,70.1,1.33,7143.0
0.0,0.0,0.0,28.57,70.1,1.33,7143.0
0.0,0.0,0.0,28.57,70.1,1.33,7143.0
0.0,0.0,0.0,28.57,70.1,1.33,7143.0
0.0,0.0,0.0,28.57,70.1,1.33,7143.0
0.0,0.0,0.0,28.57,70.1,1.33,7143.0
0.0,0.0,0.0,28.57,70.1,1.33,7143.0
0.0,0.0,0.0,28.57,70.1,1.33,7143.0
0.0,0.0,0.0,28.57,70.1,1.33,7143.0
0.0,0.0,0.0,28.57,70.1,1.33,7143.0
0.0,0.0,0.0,28.57,70.1,1.33,7143.0
0.0,0.0,0.0,28.57,70.1,1.33,7143.0
0.0,0.0,0.0,28.57,70.1,1.33,7143.0
0.0,0.0,0.0,28.57,70.1,1.33,7143.0
0.0,0.0,0.0,28.57,70.1,1.33,7143.0
0.0,0.0,0.0,28.57,70.1,1.33,7143.0
0.0,0.0,0.0,28.57,70.1,1.33,7143.0
0.0,0.0,0.0,28.57,70.1,1.33,7143.0
0.0,0.0,0.0,28.57,70.1,1.33,7143.0
0.0,0.0,0.0,28.57,70.1,1.33,7143.0
0.0,0.0,0.0,28.57,70.1,1.33,7143.0
0.0,0.0,0.0,28.57,70.1,1.33,7143.0
0.0,0.0,0.0,28.57,70.1,1.33,7143.0
0.0,0.0,0.0,28.57,70.1,1.33,7143.0
0.0,0.0,0.0,28.57,70.1,1.33,7143.0
0.0,0.0,0.0,28.57,70.1,1.33,7143.0
0.0,0.0,0.0,28.57,70.1,1.33,7143.0
0.0,0.0,0.0,28.57,70.1,1.33,7143.0
0.0,0.0,0.0,28.57,70.1,1.33,7143.0
0.0,0.0,0.0,28.57,70.1,1.33,7143.0
0.0,0.0,0.0,28.57,70.1,1.33,7143.0
0.0,0.0,0.0,28.57,70.1,1.33,7143.0
0.0,0.0,0.0,28.57,70.1,1.33,7143.0
0.0,0.0,0.0,28.57,70.1,1.33,7143.0
0.0,0.0,0.0,28.57,70.1,1.33,7143.0
0.0,0.0,0.0,28.57,70.1,1.33,7143.0
0.0,0.0,0.0,28.57,70.1,1.33,7143.0
0.0,0.0,0.0,28.57,70.1,1.33,7143.0
0.0,0.0,0.0,28.57,70.1,1.33,7143.0
0.0,0.0,0.0,28.57,70.1,1.33,7143.0
0.0,0.0,0.0,28.57,70.1,1.33,7143.0
0.0,0.0,0.0,28.57,70.1,1.33,7143.0
0.0,0.0,0.0,28.57,70.1,1.33,7143.0
0.0,0.0,0.0,28.57,70.1,1.33,7143.0
0.0,0.0,0.0,28.57,70.1,1.33,7143.0
0.0,0.0,0.0,28.57,70.1,1.33,7143.0
0.0,0.0,0.0,28.57,70.1,1.33,7143.0
0.0,0.0,0.0,28.57,70.1,1.33,7143.0
0.0,0.0,0.0,28.57,70.1,1.33,7143.0
0.0,0.0,0.0,28.57,70.1,1.33,7143.0
0.0,0.0,0.0,28.57,70.1,1.33,7143.0
0.0,0.0,0.0,28.57,70.1,1.33,7143.0
0.0,0.0,0.0,28.57,70.1,1.33,7143.0
0.0,0.0,0.0,28.57,70.1,1.33,7143.0
0.0,0.0,0.0,28.57,70.1,1.33,7143.0
0.0,0.0,0.0,28.57,70.1,1.33,7143.0
0.0,0.0,0.0,28.57,70.1,1.33,7143.0
0.0,0.0,0.0,28.57,70.1,1.33,7143.0
0.0,0.0,0.0,28.57,70.1,1.33,7143.0
0.0,0.0,0.0,28.57,70.1,1.33,7143.0
0.0,0.0,0.0,28.57,70.1,1.33,7143.0
0.0,0.0,0.0,28.57,70.1,1.33,7143.0
0.0,0.0,0.0,28.57,70.1,1.33,7143.0
0.0,0.0,0.0,28.57,70.1,1.33,7143.0
0.0,0.0,0.0,28.57,70.1,1.33,7143.0
0.0,0.0,0.0,28.57,70.1,1.33,7143.0
0.0,0.0,0.0,28.57,70.1,1.33,7143.0
0.0,0.0,0.0,28.57,70.1,1.33,7143.0
0.0,0.0,0.0,28.57,70.1,1.33,7143.0
0.0,0.0,0.0,28.57,70.1,1.33,7143.0
0.0,0.0,0.0,28.57,70.1,1.33,7143.0
0.0,0.0,0.0,28.57,70.1,1.33,7143.0
0.0,0.0,0.0,28.57,70.1,1.33,7143.0
0.0,0.0,0.0,28.57,70.1,1.33,7143.0
0.0,0.0,0.0,28.57,70.1,1.33,7143.0
0.0,0.0,0.0,28.57,70.1,1.33,7143.0
0.0,0.0,0.0,28.57,70.1,1.33,7143.0
0.0,0.0,0.0,28.57,70.1,1.33,7143.0
0.0,0.0,0.0,28.57,70.1,1.33,7143.0
0.0,0.0,0.0,28.57,70.1,1.33,7143.0
0.0,0.0,0.0,28.57,70.1,1.33,7143.0
0.0,0.0,0.0,28.57,70.1,1.33,7143.0
0.0,0.0,0.0,28.57,70.1,1.33,7143.0
0.0,0.0,0.0,28.57,70.1,1.33,7143.0
0.0,0.0,0.0,28.57,70.1,1.33,7143.0
0.0,0.0,0.0,28.57,70.1,1.33,7143.0
0.0,0.0,0.0,28.57,70.1,1.33,7143.0
0.0,0.0,0.0,28.57,70.1,1.33,7143.0
0.0,0.0,0.0,28.57,70.1,1.33,7143.0
0.0,0.0,0.0,28.57,70.1,1.33,7143.0
0.0,0.0,0.0,28.57,70.1,1.33,7143.0
0.0,0.0,0.0,28.57,70.1,1.33,7143.0
0.0,0.0,0.0,28.57,70.1,1.33,7143.0
0.0,0.0,0.0,28.57,70.1,1.33,7143.0
0.0,0.0,0.0,28.57,70.1,1.33,7143.0
0.0,0.0,0.0,28.57,70.1,1.33,7143.0
0.0,0.0,0.0,28.57,70.1,1.33,7143.0
0.0,0.0,0.0,28.57,70.1,1.33,7143.0
0.0,0.0,0.0,28.57,70.1,1.33,7143.0
0.0,0.0,0.0,28.57,70.1,1.33,7143.0
0.0,0.0,0.0,28.57,70.1,1.33,7143.0
0.0,0.0,0.0,28.57,70.1,1.33,7143.0
0.0,0.0,0.0,28.57,70.1,1.33,7143.0
0.0,0.0,0.0,28.57,70.1,1.33,7143.0
0.0,0.0,0.0,28.57,70.1,1.33,7143.0
0.0,0.0,0.0,28.57,70.1,1.33,7143.0
0.0,0.0,0.0,28.57,70.1,1.33,7143.0
0.0,0.0,0.0,28.57,70.1,1.33,7143.0
0.0,0.0,0.0,28.57,70.1,1.33,7143.0
0.0,0.0,0.0,28.57,70.1,1.33,7143.0
0.0,0.0,0.0,28.57,70.1,1.33,7143.0
0.0,0.0,0.0,28.57,70.1,1.33,7143.0
0.0,0.0,0.0,28.57,70.1,1.33,7143.0
0.0,0.0,0.0,28.57,70.1,1.33,7143.0
0.0,0.0,0.0,28.57,70.1,1.33,7143.0
0.0,0.0,0.0,28.57,70.1,1.33,7143.0
0.0,0.0,0.0,28.57,70.1,1.33,7143.0
0.0,0.0,0.0,28.57,70.1,1.33,7143.0
0.0,0.0,0.0,28.57,70.1,1.33,7143.0
0.0,0.0,0.0,28.57,70.1,1.33,7143.0
0.0,0.0,0.0,28.57,70.1,1.33,7143.0
0.0,0.0,0.0,28.57,70.1,1.33,7143.0
0.0,0.0,0.0,28.57,70.1,1.33,7143.0
0.0,0.0,0.0,28.57,70.1,1.33,7143.0
0.0,0.0,0.0,28.57,70.1,1.33,7143.0
0.0,0.0,0.0,28.57,70.1,1.33,7143.0
0.0,0.0,0.0,28.57,70.1,1.33,7143.0
0.0,0.0,0.0,28.57,70.1,1.33,7143.0
0.0,0.0,0.0,28.57,70.1,1.33,7143.0
0.0,0.0,0.0,28.57,70.1,1.33,7143.0
0.0,0.0,0.0,28.57,70.1,1.33,7143.0
0.0,0.0,0.0,28.57,70.1,1.33,7143.0
0.0,0.0,0.0,28.57,70.1,1.33,7143.0
0.0,0.0,0.0,28.57,70.1,1.33,7143.0
0.0,0.0,0.0,28.57,70.1,1.33,7143.0
0.0,0.0,0.0,28.57,70.1,1.33,7143.0
0.0,0.0,0.0,28.57,70.1,1.33,7143.0
0.0,0.0,0.0,28.57,70.1,1.33,7143.0
0.0,0.0,0.0,28.57,70.1,1.33,7143.0
0.0,0.0,0.0,28.57,70.1,1.33,7143.0
0.0,0.0,0.0,28.57,70.1,1.33,7143.0
0.0,0.0,0.0,28.57,70.1,1.33,7143.0
0.0,0.0,0.0,28.57,70.1,1.33,7143.0
0.0,0.0,0.0,28.57,70.1,1.33,7143.0
0.0,0.0,0.0,28.57,70.1,1.33,7143.0
0.0,0.0,0.0,28.57,70.1,1.33,7143.0