incubando,i_mild,i_grave,susceptibles,recuperados,muertos,infectados_totales
0.97,0.0,0.0,98.73,0.3,0.0,97.0
2.25,0.0,0.0,97.45,0.3,0.0,225.33
2.77,0.0,0.0,96.93,0.3,0.0,276.67
3.65,0.0,0.0,96.05,0.3,0.0,365.33
7.5,0.0,0.0,92.2,0.3,0.0,750.0
9.44,0.0,0.0,90.26,0.3,0.0,944.0
10.71,0.0,0.0,88.99,0.3,0.0,1070.67
14.03,0.65,0.32,84.7,0.3,0.0,1500.33
14.73,1.56,0.69,82.72,0.3,0.0,1698.0
16.27,1.91,0.86,80.66,0.3,0.0,1904.0
19.59,2.54,1.11,76.46,0.3,0.0,2324.0
18.2,5.18,2.32,74.0,0.3,0.0,2570.33
18.65,6.56,2.88,71.61,0.3,0.0,2808.67
20.92,7.48,3.22,68.08,0.3,0.01,3162.33
19.69,10.37,4.62,65.0,0.3,0.01,3469.67
19.17,11.69,5.27,63.55,0.3,0.03,3615.33
18.29,13.16,5.84,62.37,0.3,0.04,3733.33
14.83,15.44,7.1,61.63,0.95,0.05,3806.67
12.8,16.28,7.8,61.2,1.86,0.07,3850.0
10.92,17.68,8.4,60.69,2.21,0.1,3900.67
7.72,19.49,9.45,60.35,2.84,0.14,3934.67
4.83,19.02,10.32,60.18,5.48,0.19,3952.33
3.68,18.65,10.71,59.87,6.86,0.23,3983.0
2.62,18.61,10.98,59.75,7.78,0.27,3995.0
1.95,16.2,11.2,59.68,10.67,0.3,4001.67
1.6,15.16,11.32,59.6,11.99,0.33,4010.33
1.22,14.04,11.44,59.48,13.46,0.36,4022.33
0.93,11.35,11.53,59.42,16.4,0.38,4028.0
0.81,9.73,11.26,59.36,18.43,0.4,4033.67
0.54,8.19,10.97,59.33,20.54,0.43,4036.67
0.43,5.83,10.81,59.32,23.15,0.46,4038.0
0.38,3.71,10.56,59.3,25.56,0.49,4039.67
0.3,2.75,9.42,59.3,27.71,0.53,4040.33
0.21,1.95,8.92,59.27,29.1,0.56,4043.33
0.15,1.5,8.59,59.27,29.91,0.58,4043.33
0.1,1.25,7.29,59.26,31.5,0.6,4044.0
0.07,0.91,6.66,59.26,32.48,0.62,4044.0
0.06,0.69,6.09,59.26,33.27,0.63,4044.33
0.05,0.58,4.89,59.26,34.58,0.65,4044.33
0.04,0.38,4.19,59.26,35.49,0.65,4044.33
0.01,0.3,3.6,59.26,36.17,0.66,4044.33
0.01,0.26,2.56,59.26,37.25,0.67,4044.33
0.0,0.21,1.69,59.26,38.16,0.68,4044.33
0.0,0.14,1.28,59.26,38.63,0.69,4044.33
0.01,0.1,0.98,59.25,38.96,0.69,4045.0
0.04,0.08,0.75,59.21,39.22,0.69,4048.67
0.04,0.05,0.59,59.21,39.4,0.7,4048.67
0.05,0.04,0.45,59.21,39.56,0.7,4049.33
0.05,0.03,0.35,59.2,39.67,0.7,4049.67
0.05,0.03,0.29,59.2,39.72,0.7,4049.67
0.06,0.01,0.2,59.2,39.84,0.7,4050.33
0.05,0.01,0.17,59.2,39.86,0.7,4050.33
0.02,0.03,0.16,59.2,39.89,0.7,4050.33
0.02,0.03,0.14,59.2,39.92,0.7,4050.33
0.01,0.04,0.09,59.2,39.97,0.7,4050.33
0.01,0.04,0.07,59.2,39.98,0.7,4050.33
0.01,0.04,0.04,59.2,40.01,0.7,4050.33
0.0,0.04,0.04,59.2,40.02,0.7,4050.33
0.0,0.04,0.04,59.2,40.02,0.7,4050.33
0.0,0.04,0.03,59.2,40.03,0.7,4050.33
0.0,0.04,0.03,59.2,40.03,0.7,4050.33
0.0,0.04,0.02,59.2,40.05,0.7,4050.33
0.0,0.01,0.02,59.2,40.07,0.7,4050.33
0.0,0.01,0.02,59.2,40.07,0.7,4050.33
0.0,0.01,0.02,59.2,40.08,0.7,4050.33
0.0,0.0,0.02,59.2,40.08,0.7,4050.33
0.0,0.0,0.02,59.2,40.08,0.7,4050.33
0.0,0.0,0.02,59.2,40.09,0.7,4050.33
0.0,0.0,0.02,59.2,40.09,0.7,4050.33
0.0,0.0,0.02,59.2,40.09,0.7,4050.33
0.0,0.0,0.02,59.2,40.09,0.7,4050.33
0.0,0.0,0.02,59.2,40.09,0.7,4050.33
0.0,0.0,0.01,59.2,40.09,0.7,4050.33
0.0,0.0,0.0,59.2,40.1,0.7,4050.33
0.0,0.0,0.0,59.2,40.1,0.7,4050.33
0.0,0.0,0.0,59.2,40.1,0.7,4050.33
0.0,0.0,0.0,59.2,40.1,0.7,4050.33
0.0,0.0,0.0,59.2,40.1,0.7,4050.33
0.0,0.0,0.0,59.2,40.1,0.7,4050.33
0.0,0.0,0.0,59.2,40.1,0.7,4050.33
0.0,0.0,0.0,59.2,40.1,0.7,4050.33
0.0,0.0,0.0,59.2,40.1,0.7,4050.33
0.0,0.0,0.0,59.2,40.1,0.7,4050.33
0.0,0.0,0.0,59.2,40.1,0.7,4050.33
0.0,0.0,0.0,59.2,40.1,0.7,4050.33
0.0,0.0,0.0,59.2,40.1,0.7,4050.33
0.0,0.0,0.0,59.2,40.1,0.7,4050.33
0.0,0.0,0.0,59.2,40.1,0.7,4050.33
0.0,0.0,0.0,59.2,40.1,0.7,4050.33
0.0,0.0,0.0,59.2,40.1,0.7,4050.33
0.0,0.0,0.0,59.2,40.1,0.7,4050.33
0.0,0.0,0.0,59.2,40.1,0.7,4050.33
0.0,0.0,0.0,59.2,40.1,0.7,4050.33
0.0,0.0,0.0,59.2,40.1,0.7,4050.33
0.0,0.0,0.0,59.2,40.1,0.7,4050.33
0.0,0.0,0.0,59.2,40.1,0.7,4050.33
0.0,0.0,0.0,59.2,40.1,0.7,4050.33
0.0,0.0,0.0,59.2,40.1,0.7,4050.33
0.0,0.0,0.0,59.2,40.1,0.7,4050.33
0.0,0.0,0.0,59.2,40.1,0.7,4050.33
0.0,0.0,0.0,59.2,40.1,0.7,4050.33
0.0,0.0,0.0,59.2,40.1,0.7,4050.33
0.0,0.0,0.0,59.2,40.1,0.7,4050.33
0.0,0.0,0.0,59.2,40.1,0.7,4050.33
0.0,0.0,0.0,59.2,40.1,0.7,4050.33
0.0,0.0,0.0,59.2,40.1,0.7,4050.33
0.0,0.0,0.0,59.2,40.1,0.7,4050.33
0.0,0.0,0.0,59.2,40.1,0.7,4050.33
0.0,0.0,0.0,59.2,40.1,0.7,4050.33
0.0,0.0,0.0,59.2,40.1,0.7,4050.33
0.0,0.0,0.0,59.2,40.1,0.7,4050.33
0.0,0.0,0.0,59.2,40.1,0.7,4050.33
0.0,0.0,0.0,59.2,40.1,0.7,4050.33
0.0,0.0,0.0,59.2,40.1,0.7,4050.33
0.0,0.0,0.0,59.2,40.1,0.7,4050.33
0.0,0.0,0.0,59.2,40.1,0.7,4050.33
0.0,0.0,0.0,59.2,40.1,0.7,4050.33
0.0,0.0,0.0,59.2,40.1,0.7,4050.33
0.0,0.0,0.0,59.2,40.1,0.7,4050.33
0.0,0.0,0.0,59.2,40.1,0.7,4050.33
0.0,0.0,0.0,59.2,40.1,0.7,4050.33
0.0,0.0,0.0,59.2,40.1,0.7,4050.33
0.0,0.0,0.0,59.2,40.1,0.7,4050.33
0.0,0.0,0.0,59.2,40.1,0.7,4050.33
0.0,0.0,0.0,59.2,40.1,0.7,4050.33
0.0,0.0,0.0,59.2,40.1,0.7,4050.33
0.0,0.0,0.0,59.2,40.1,0.7,4050.33
0.0,0.0,0.0,59.2,40.1,0.7,4050.33
0.0,0.0,0.0,59.2,40.1,0.7,4050.33
0.0,0.0,0.0,59.2,40.1,0.7,4050.33
0.0,0.0,0.0,59.2,40.1,0.7,4050.33
0.0,0.0,0.0,59.2,40.1,0.7,4050.33
0.0,0.0,0.0,59.2,40.1,0.7,4050.33
0.0,0.0,0.0,59.2,40.1,0.7,4050.33
0.0,0.0,0.0,59.2,40.1,0.7,4050.33
0.0,0.0,0.0,59.2,40.1,0.7,4050.33
0.0,0.0,0.0,59.2,40.1,0.7,4050.33
0.0,0.0,0.0,59.2,40.1,0.7,4050.33
0.0,0.0,0.0,59.2,40.1,0.7,4050.33
0.0,0.0,0.0,59.2,40.1,0.7,4050.33
0.0,0.0,0.0,59.2,40.1,0.7,4050.33
0.0,0.0,0.0,59.2,40.1,0.7,4050.33
0.0,0.0,0.0,59.2,40.1,0.7,4050.33
0.0,0.0,0.0,59.2,40.1,0.7,4050.33
0.0,0.0,0.0,59.2,40.1,0.7,4050.33
0.0,0.0,0.0,59.2,40.1,0.7,4050.33
0.0,0.0,0.0,59.2,40.1,0.7,4050.33
0.0,0.0,0.0,59.2,40.1,0.7,4050.33
0.0,0.0,0.0,59.2,40.1,0.7,4050.33
0.0,0.0,0.0,59.2,40.1,0.7,4050.33
0.0,0.0,0.0,59.2,40.1,0.7,4050.33
0.0,0.0,0.0,59.2,40.1,0.7,4050.33
0.0,0.0,0.0,59.2,40.1,0.7,4050.33
0.0,0.0,0.0,59.2,40.1,0.7,4050.33
0.0,0.0,0.0,59.2,40.1,0.7,4050.33
0.0,0.0,0.0,59.2,40.1,0.7,4050.33
0.0,0.0,0.0,59.2,40.1,0.7,4050.33
0.0,0.0,0.0,59.2,40.1,0.7,4050.33
0.0,0.0,0.0,59.2,40.1,0.7,4050.33
0.0,0.0,0.0,59.2,40.1,0.7,4050.33
0.0,0.0,0.0,59.2,40.1,0.7,4050.33
0.0,0.0,0.0,59.2,40.1,0.7,4050.33
0.0,0.0,0.0,59.2,40.1,0.7,4050.33
0.0,0.0,0.0,59.2,40.1,0.7,4050.33
0.0,0.0,0.0,59.2,40.1,0.7,4050.33
0.0,0.0,0.0,59.2,40.1,0.7,4050.33
0.0,0.0,0.0,59.2,40.1,0.7,4050.33
0.0,0.0,0.0,59.2,40.1,0.7,4050.33
0.0,0.0,0.0,59.2,40.1,0.7,4050.33
0.0,0.0,0.0,59.2,40.1,0.7,4050.33
0.0,0.0,0.0,59.2,40.1,0.7,4050.33
0.0,0.0,0.0,59.2,40.1,0.7,4050.33
0.0,0.0,0.0,59.2,40.1,0.7,4050.33
0.0,0.0,0.0,59.2,40.1,0.7,4050.33
0.0,0.0,0.0,59.2,40.1,0.7,4050.33
0.0,0.0,0.0,59.2,40.1,0.7,4050.33
0.0,0.0,0.0,59.2,40.1,0.7,4050.33
0.0,0.0,0.0,59.2,40.1,0.7,4050.33
0.0,0.0,0.0,59.2,40.1,0.7,4050.33
0.0,0.0,0.0,59.2,40.1,0.7,4050.33
0.0,0.0,0.0,59.2,40.1,0.7,4050.33
0.0,0.0,0.0,59.2,40.1,0.7,4050.33
0.0,0.0,0.0,59.2,40.1,0.7,4050.33
0.0,0.0,0.0,59.2,40.1,0.7,4050.33
0.0,0.0,0.0,59.2,40.1,0.7,4050.33
0.0,0.0,0.0,59.2,40.1,0.7,4050.33
0.0,0.0,0.0,59.2,40.1,0.7,4050.33
0.0,0.0,0.0,59.2,40.1,0.7,4050.33
0.0,0.0,0.0,59.2,40.1,0.7,4050.33
0.0,0.0,0.0,59.2,40.1,0.7,4050.33
0.0,0.0,0.0,59.2,40.1,0.7,4050.33
0.0,0.0,0.0,59.2,40.1,0.7,4050.33
0.0,0.0,0.0,59.2,40.1,0.7,4050.33
0.0,0.0,0.0,59.2,40.1,0.7,4050.33
0.0,0.0,0.0,59.2,40.1,0.7,4050.33
0.0,0.0,0.0,59.2,40.1,0.7,4050.33
0.0,0.0,0.0,59.2,40.1,0.7,4050.33
0.0,0.0,0.0,59.2,40.1,0.7,4050.33
0.0,0.0,0.0,59.2,40.1,0.7,4050.33
0.0,0.0,0.0,59.2,40.1,0.7,4050.33
0.0,0.0,0.0,59.2,40.1,0.7,4050.33
0.0,0.0,0.0,59.2,40.1,0.7,4050.33
0.0,0.0,0.0,59.2,40.1,0.7,4050.33
0.0,0.0,0.0,59.2,40.1,0.7,4050.33
0.0,0.0,0.0,59.2,40.1,0.7,4050.33
0.0,0.0,0.0,59.2,40.1,0.7,4050.33
0.0,0.0,0.0,59.2,40.1,0.7,4050.33
0.0,0.0,0.0,59.2,40.1,0.7,4050.33
0.0,0.0,0.0,59.2,40.1,0.7,4050.33
0.0,0.0,0.0,59.2,40.1,0.7,4050.33
0.0,0.0,0.0,59.2,40.1,0.7,4050.33
0.0,0.0,0.0,59.2,40.1,0.7,4050.33
0.0,0.0,0.0,59.2,40.1,0.7,4050.33
0.0,0.0,0.0,59.2,40.1,0.7,4050.33
0.0,0.0,0.0,59.2,40.1,0.7,4050.33
0.0,0.0,0.0,59.2,40.1,0.7,4050.33
0.0,0.0,0.0,59.2,40.1,0.7,4050.33
0.0,0.0,0.0,59.2,40.1,0.7,4050.33
0.0,0.0,0.0,59.2,40.1,0.7,4050.33
0.0,0.0,0.0,59.2,40.1,0.7,4050.33
0.0,0.0,0.0,59.2,40.1,0.7,4050.33
0.0,0.0,0.0,59.2,40.1,0.7,4050.33
0.0,0.0,0.0,59.2,40.1,0.7,4050.33
0.0,0.0,0.0,59.2,40.1,0.7,4050.33
0.0,0.0,0.0,59.2,40.1,0.7,4050.33
0.0,0.0,0.0,59.2,40.1,0.7,4050.33
0.0,0.0,0.0,59.2,40.1,0.7,4050.33
0.0,0.0,0.0,59.2,40.1,0.7,4050.33
0.0,0.0,0.0,59.2,40.1,0.7,4050.33
0.0,0.0,0.0,59.2,40.1,0.7,4050.33
0.0,0.0,0.0,59.2,40.1,0.7,4050.33
0.0,0.0,0.0,59.2,40.1,0.7,4050.33
0.0,0.0,0.0,59.2,40.1,0.7,4050.33
0.0,0.0,0.0,59.2,40.1,0.7,4050.33
0.0,0.0,0.0,59.2,40.1,0.7,4050.33
0.0,0.0,0.0,59.2,40.1,0.7,4050.33
0.0,0.0,0.0,59.2,40.1,0.7,4050.33
0.0,0.0,0.0,59.2,40.1,0.7,4050.33
0.0,0.0,0.0,59.2,40.1,0.7,4050.33
0.0,0.0,0.0,59.2,40.1,0.7,4050.33
0.0,0.0,0.0,59.2,40.1,0.7,4050.33
0.0,0.0,0.0,59.2,40.1,0.7,4050.33
0.0,0.0,0.0,59.2,40.1,0.7,4050.33
0.0,0.0,0.0,59.2,40.1,0.7,4050.33
0.0,0.0,0.0,59.2,40.1,0.7,4050.33
0.0,0.0,0.0,59.2,40.1,0.7,4050.33
0.0,0.0,0.0,59.2,40.1,0.7,4050.33
0.0,0.0,0.0,59.2,40.1,0.7,4050.33
0.0,0.0,0.0,59.2,40.1,0.7,4050.33
0.0,0.0,0.0,59.2,40.1,0.7,4050.33
0.0,0.0,0.0,59.2,40.1,0.7,4050.33
0.0,0.0,0.0,59.2,40.1,0.7,4050.33
0.0,0.0,0.0,59.2,40.1,0.7,4050.33
0.0,0.0,0.0,59.2,40.1,0.7,4050.33
0.0,0.0,0.0,59.2,40.1,0.7,4050.33
0.0,0.0,0.0,59.2,40.1,0.7,4050.33
0.0,0.0,0.0,59.2,40.1,0.7,4050.33
0.0,0.0,0.0,59.2,40.1,0.7,4050.33
0.0,0.0,0.0,59.2,40.1,0.7,4050.33
0.0,0.0,0.0,59.2,40.1,0.7,4050.33
0.0,0.0,0.0,59.2,40.1,0.7,4050.33
0.0,0.0,0.0,59.2,40.1,0.7,4050.33
0.0,0.0,0.0,59.2,40.1,0.7,4050.33
0.0,0.0,0.0,59.2,40.1,0.7,4050.33
0.0,0.0,0.0,59.2,40.1,0.7,4050.33
0.0,0.0,0.0,59.2,40.1,0.7,4050.33
0.0,0.0,0.0,59.2,40.1,0.7,4050.33
0.0,0.0,0.0,59.2,40.1,0.7,4050.33
0.0,0.0,0.0,59.2,40.1,0.7,4050.33
0.0,0.0,0.0,59.2,40.1,0.7,4050.33
0.0,0.0,0.0,59.2,40.1,0.7,4050.33
0.0,0.0,0.0,59.2,40.1,0.7,4050.33
0.0,0.0,0.0,59.2,40.1,0.7,4050.33
0.0,0.0,0.0,59.2,40.1,0.7,4050.33
0.0,0.0,0.0,59.2,40.1,0.7,4050.33
0.0,0.0,0.0,59.2,40.1,0.7,4050.33
0.0,0.0,0.0,59.2,40.1,0.7,4050.33
0.0,0.0,0.0,59.2,40.1,0.7,4050.33
0.0,0.0,0.0,59.2,40.1,0.7,4050.33
0.0,0.0,0.0,59.2,40.1,0.7,4050.33
0.0,0.0,0.0,59.2,40.1,0.7,4050.33
0.0,0.0,0.0,59.2,40.1,0.7,4050.33
0.0,0.0,0.0,59.2,40.1,0.7,4050.33
0.0,0.0,0.0,59.2,40.1,0.7,4050.33
0.0,0.0,0.0,59.2,40.1,0.7,4050.33
0.0,0.0,0.0,59.2,40.1,0.7,4050.33
0.0,0.0,0.0,59.2,40.1,0.7,4050.33
0.0,0.0,0.0,59.2,40.1,0.7,4050.33
0.0,0.0,0.0,59.2,40.1,0.7,4050.33
0.0,0.0,0.0,59.2,40.1,0.7,4050.33
0.0,0.0,0.0,59.2,40.1,0.7,4050.33
0.0,0.0,0.0,59.2,40.1,0.7,4050.33
0.0,0.0,0.0,59.2,40.1,0.7,4050.33
0.0,0.0,0.0,59.2,40.1,0.7,4050.33
0.0,0.0,0.0,59.2,40.1,0.7,4050.33
0.0,0.0,0.0,59.2,40.1,0.7,4050.33
0.0,0.0,0.0,59.2,40.1,0.7,4050.33
0.0,0.0,0.0,59.2,40.1,0.7,4050.33
0.0,0.0,0.0,59.2,40.1,0.7,4050.33
0.0,0.0,0.0,59.2,40.1,0.7,4050.33