incubando,i_mild,i_grave,susceptibles,recuperados,muertos,infectados_totales
0.99,0.0,0.0,98.51,0.5,0.0,99.0
1.26,0.0,0.0,98.24,0.5,0.0,126.0
1.37,0.0,0.0,98.13,0.5,0.0,136.67
1.5,0.0,0.0,98.0,0.5,0.0,149.67
1.6,0.0,0.0,97.9,0.5,0.0,159.67
1.67,0.0,0.0,97.83,0.5,0.0,166.67
1.69,0.0,0.0,97.81,0.5,0.0,169.33
0.75,0.72,0.27,97.76,0.5,0.0,173.67
0.54,0.91,0.35,97.7,0.5,0.0,179.67
0.47,0.99,0.37,97.66,0.5,0.01,183.67
0.4,1.07,0.42,97.6,0.5,0.01,189.67
0.34,1.14,0.45,97.56,0.5,0.01,193.67
0.3,1.19,0.46,97.54,0.5,0.01,196.33
0.3,1.21,0.47,97.51,0.5,0.01,199.33
0.27,1.24,0.48,97.49,0.5,0.01,200.67
0.22,1.28,0.5,97.48,0.5,0.01,202.0
0.19,1.31,0.51,97.47,0.5,0.02,203.0
0.14,0.63,0.53,97.46,1.22,0.02,203.67
0.1,0.46,0.55,97.46,1.41,0.02,204.0
0.08,0.39,0.56,97.46,1.49,0.02,204.0
0.06,0.33,0.57,97.45,1.57,0.02,205.0
0.07,0.26,0.58,97.43,1.64,0.02,207.33
0.06,0.22,0.59,97.42,1.69,0.02,208.0
0.05,0.2,0.59,97.42,1.71,0.02,208.0
0.05,0.18,0.59,97.41,1.74,0.03,208.67
0.05,0.14,0.58,97.41,1.78,0.03,209.0
0.05,0.12,0.58,97.41,1.81,0.03,209.0
0.05,0.08,0.59,97.4,1.85,0.03,210.0
0.05,0.09,0.33,97.38,2.12,0.03,212.0
0.06,0.08,0.26,97.36,2.21,0.04,213.67
0.06,0.06,0.23,97.36,2.25,0.04,213.67
0.06,0.06,0.19,97.35,2.3,0.04,214.67
0.06,0.05,0.17,97.35,2.33,0.04,214.67
0.06,0.05,0.15,97.35,2.36,0.04,215.33
0.06,0.05,0.14,97.34,2.37,0.04,216.0
0.04,0.06,0.14,97.34,2.39,0.04,216.0
0.02,0.07,0.12,97.34,2.41,0.04,216.0
0.03,0.07,0.11,97.33,2.43,0.04,217.0
0.02,0.05,0.09,97.33,2.47,0.04,217.0
0.04,0.04,0.07,97.31,2.5,0.04,219.0
0.05,0.05,0.06,97.3,2.51,0.04,220.0
0.04,0.05,0.06,97.3,2.52,0.04,220.33
0.05,0.05,0.05,97.29,2.53,0.04,220.67
0.05,0.05,0.04,97.29,2.54,0.04,221.0
0.05,0.05,0.03,97.28,2.55,0.04,221.67
0.06,0.04,0.03,97.27,2.56,0.04,223.0
0.06,0.04,0.03,97.25,2.58,0.04,225.0
0.05,0.05,0.04,97.25,2.58,0.04,225.0
0.05,0.05,0.03,97.25,2.59,0.04,225.0
0.05,0.05,0.03,97.24,2.59,0.04,225.67
0.05,0.05,0.04,97.24,2.59,0.04,225.67
0.04,0.04,0.04,97.24,2.6,0.04,225.67
0.03,0.05,0.04,97.24,2.6,0.04,225.67
0.01,0.06,0.05,97.24,2.6,0.04,225.67
0.01,0.05,0.05,97.24,2.61,0.04,225.67
0.01,0.05,0.04,97.24,2.62,0.04,225.67
0.0,0.04,0.04,97.24,2.64,0.04,225.67
0.0,0.03,0.04,97.24,2.65,0.04,225.67
0.0,0.03,0.04,97.24,2.65,0.04,225.67
0.0,0.03,0.03,97.24,2.66,0.04,225.67
0.0,0.03,0.03,97.24,2.66,0.04,225.67
0.01,0.02,0.03,97.23,2.66,0.04,226.67
0.01,0.02,0.03,97.23,2.67,0.04,227.0
0.01,0.01,0.03,97.23,2.68,0.04,227.0
0.01,0.01,0.03,97.23,2.68,0.04,227.0
0.01,0.01,0.03,97.23,2.68,0.04,227.0
0.01,0.0,0.03,97.23,2.69,0.04,227.0
0.01,0.0,0.02,97.23,2.69,0.04,227.0
0.0,0.01,0.02,97.23,2.69,0.04,227.0
0.0,0.01,0.02,97.23,2.69,0.04,227.0
0.0,0.01,0.02,97.23,2.69,0.04,227.0
0.0,0.01,0.02,97.23,2.7,0.04,227.0
0.0,0.01,0.02,97.23,2.7,0.04,227.0
0.0,0.01,0.01,97.23,2.7,0.04,227.0
0.0,0.01,0.0,97.23,2.71,0.04,227.0
0.0,0.01,0.0,97.23,2.71,0.04,227.0
0.0,0.01,0.0,97.23,2.71,0.04,227.0
0.0,0.01,0.0,97.23,2.71,0.04,227.0
0.0,0.0,0.0,97.23,2.72,0.04,227.0
0.0,0.0,0.0,97.23,2.72,0.04,227.0
0.0,0.0,0.0,97.23,2.72,0.04,227.0
0.0,0.0,0.0,97.23,2.72,0.04,227.0
0.0,0.0,0.0,97.23,2.72,0.04,227.0
0.0,0.0,0.0,97.23,2.72,0.04,227.0
0.0,0.0,0.0,97.23,2.72,0.04,227.0
0.0,0.0,0.0,97.23,2.72,0.04,227.0
0.0,0.0,0.0,97.23,2.72,0.04,227.0
0.0,0.0,0.0,97.23,2.72,0.04,227.0
0.0,0.0,0.0,97.23,2.72,0.04,227.0
0.0,0.0,0.0,97.23,2.73,0.04,227.0
0.0,0.0,0.0,97.23,2.73,0.04,227.0
0.0,0.0,0.0,97.23,2.73,0.04,227.0
0.0,0.0,0.0,97.23,2.73,0.04,227.0
0.0,0.0,0.0,97.23,2.73,0.04,227.0
0.0,0.0,0.0,97.23,2.73,0.04,227.0
0.0,0.0,0.0,97.23,2.73,0.04,227.0
0.0,0.0,0.0,97.23,2.73,0.04,227.0
0.0,0.0,0.0,97.23,2.73,0.04,227.0
0.0,0.0,0.0,97.23,2.73,0.04,227.0
0.0,0.0,0.0,97.23,2.73,0.04,227.0
0.0,0.0,0.0,97.23,2.73,0.04,227.0
0.0,0.0,0.0,97.23,2.73,0.04,227.0
0.0,0.0,0.0,97.23,2.73,0.04,227.0
0.0,0.0,0.0,97.23,2.73,0.04,227.0
0.0,0.0,0.0,97.23,2.73,0.04,227.0
0.0,0.0,0.0,97.23,2.73,0.04,227.0
0.0,0.0,0.0,97.23,2.73,0.04,227.0
0.0,0.0,0.0,97.23,2.73,0.04,227.0
0.0,0.0,0.0,97.23,2.73,0.04,227.0
0.0,0.0,0.0,97.23,2.73,0.04,227.0
0.0,0.0,0.0,97.23,2.73,0.04,227.0
0.0,0.0,0.0,97.23,2.73,0.04,227.0
0.0,0.0,0.0,97.23,2.73,0.04,227.0
0.0,0.0,0.0,97.23,2.73,0.04,227.0
0.0,0.0,0.0,97.23,2.73,0.04,227.0
0.0,0.0,0.0,97.23,2.73,0.04,227.0
0.0,0.0,0.0,97.23,2.73,0.04,227.0
0.0,0.0,0.0,97.23,2.73,0.04,227.0
0.0,0.0,0.0,97.23,2.73,0.04,227.0
0.0,0.0,0.0,97.23,2.73,0.04,227.0
0.0,0.0,0.0,97.23,2.73,0.04,227.0
0.0,0.0,0.0,97.23,2.73,0.04,227.0
0.0,0.0,0.0,97.23,2.73,0.04,227.0
0.0,0.0,0.0,97.23,2.73,0.04,227.0
0.0,0.0,0.0,97.23,2.73,0.04,227.0
0.0,0.0,0.0,97.23,2.73,0.04,227.0
0.0,0.0,0.0,97.23,2.73,0.04,227.0
0.0,0.0,0.0,97.23,2.73,0.04,227.0
0.0,0.0,0.0,97.23,2.73,0.04,227.0
0.0,0.0,0.0,97.23,2.73,0.04,227.0
0.0,0.0,0.0,97.23,2.73,0.04,227.0
0.0,0.0,0.0,97.23,2.73,0.04,227.0
0.0,0.0,0.0,97.23,2.73,0.04,227.0
0.0,0.0,0.0,97.23,2.73,0.04,227.0
0.0,0.0,0.0,97.23,2.73,0.04,227.0
0.0,0.0,0.0,97.23,2.73,0.04,227.0
0.0,0.0,0.0,97.23,2.73,0.04,227.0
0.0,0.0,0.0,97.23,2.73,0.04,227.0
0.0,0.0,0.0,97.23,2.73,0.04,227.0
0.0,0.0,0.0,97.23,2.73,0.04,227.0
0.0,0.0,0.0,97.23,2.73,0.04,227.0
0.0,0.0,0.0,97.23,2.73,0.04,227.0
0.0,0.0,0.0,97.23,2.73,0.04,227.0
0.0,0.0,0.0,97.23,2.73,0.04,227.0
0.0,0.0,0.0,97.23,2.73,0.04,227.0
0.0,0.0,0.0,97.23,2.73,0.04,227.0
0.0,0.0,0.0,97.23,2.73,0.04,227.0
0.0,0.0,0.0,97.23,2.73,0.04,227.0
0.0,0.0,0.0,97.23,2.73,0.04,227.0
0.0,0.0,0.0,97.23,2.73,0.04,227.0
0.0,0.0,0.0,97.23,2.73,0.04,227.0
0.0,0.0,0.0,97.23,2.73,0.04,227.0
0.0,0.0,0.0,97.23,2.73,0.04,227.0
0.0,0.0,0.0,97.23,2.73,0.04,227.0
0.0,0.0,0.0,97.23,2.73,0.04,227.0
0.0,0.0,0.0,97.23,2.73,0.04,227.0
0.0,0.0,0.0,97.23,2.73,0.04,227.0
0.0,0.0,0.0,97.23,2.73,0.04,227.0
0.0,0.0,0.0,97.23,2.73,0.04,227.0
0.0,0.0,0.0,97.23,2.73,0.04,227.0
0.0,0.0,0.0,97.23,2.73,0.04,227.0
0.0,0.0,0.0,97.23,2.73,0.04,227.0
0.0,0.0,0.0,97.23,2.73,0.04,227.0
0.0,0.0,0.0,97.23,2.73,0.04,227.0
0.0,0.0,0.0,97.23,2.73,0.04,227.0
0.0,0.0,0.0,97.23,2.73,0.04,227.0
0.0,0.0,0.0,97.23,2.73,0.04,227.0
0.0,0.0,0.0,97.23,2.73,0.04,227.0
0.0,0.0,0.0,97.23,2.73,0.04,227.0
0.0,0.0,0.0,97.23,2.73,0.04,227.0
0.0,0.0,0.0,97.23,2.73,0.04,227.0
0.0,0.0,0.0,97.23,2.73,0.04,227.0
0.0,0.0,0.0,97.23,2.73,0.04,227.0
0.0,0.0,0.0,97.23,2.73,0.04,227.0
0.0,0.0,0.0,97.23,2.73,0.04,227.0
0.0,0.0,0.0,97.23,2.73,0.04,227.0
0.0,0.0,0.0,97.23,2.73,0.04,227.0
0.0,0.0,0.0,97.23,2.73,0.04,227.0
0.0,0.0,0.0,97.23,2.73,0.04,227.0
0.0,0.0,0.0,97.23,2.73,0.04,227.0
0.0,0.0,0.0,97.23,2.73,0.04,227.0
0.0,0.0,0.0,97.23,2.73,0.04,227.0
0.0,0.0,0.0,97.23,2.73,0.04,227.0
0.0,0.0,0.0,97.23,2.73,0.04,227.0
0.0,0.0,0.0,97.23,2.73,0.04,227.0
0.0,0.0,0.0,97.23,2.73,0.04,227.0
0.0,0.0,0.0,97.23,2.73,0.04,227.0
0.0,0.0,0.0,97.23,2.73,0.04,227.0
0.0,0.0,0.0,97.23,2.73,0.04,227.0
0.0,0.0,0.0,97.23,2.73,0.04,227.0
0.0,0.0,0.0,97.23,2.73,0.04,227.0
0.0,0.0,0.0,97.23,2.73,0.04,227.0
0.0,0.0,0.0,97.23,2.73,0.04,227.0
0.0,0.0,0.0,97.23,2.73,0.04,227.0
0.0,0.0,0.0,97.23,2.73,0.04,227.0
0.0,0.0,0.0,97.23,2.73,0.04,227.0
0.0,0.0,0.0,97.23,2.73,0.04,227.0
0.0,0.0,0.0,97.23,2.73,0.04,227.0
0.0,0.0,0.0,97.23,2.73,0.04,227.0
0.0,0.0,0.0,97.23,2.73,0.04,227.0
0.0,0.0,0.0,97.23,2.73,0.04,227.0
0.0,0.0,0.0,97.23,2.73,0.04,227.0
0.0,0.0,0.0,97.23,2.73,0.04,227.0
0.0,0.0,0.0,97.23,2.73,0.04,227.0
0.0,0.0,0.0,97.23,2.73,0.04,227.0
0.0,0.0,0.0,97.23,2.73,0.04,227.0
0.0,0.0,0.0,97.23,2.73,0.04,227.0
0.0,0.0,0.0,97.23,2.73,0.04,227.0
0.0,0.0,0.0,97.23,2.73,0.04,227.0
0.0,0.0,0.0,97.23,2.73,0.04,227.0
0.0,0.0,0.0,97.23,2.73,0.04,227.0
0.0,0.0,0.0,97.23,2.73,0.04,227.0
0.0,0.0,0.0,97.23,2.73,0.04,227.0
0.0,0.0,0.0,97.23,2.73,0.04,227.0
0.0,0.0,0.0,97.23,2.73,0.04,227.0
0.0,0.0,0.0,97.23,2.73,0.04,227.0
0.0,0.0,0.0,97.23,2.73,0.04,227.0
0.0,0.0,0.0,97.23,2.73,0.04,227.0
0.0,0.0,0.0,97.23,2.73,0.04,227.0
0.0,0.0,0.0,97.23,2.73,0.04,227.0
0.0,0.0,0.0,97.23,2.73,0.04,227.0
0.0,0.0,0.0,97.23,2.73,0.04,227.0
0.0,0.0,0.0,97.23,2.73,0.04,227.0
0.0,0.0,0.0,97.23,2.73,0.04,227.0
0.0,0.0,0.0,97.23,2.73,0.04,227.0
0.0,0.0,0.0,97.23,2.73,0.04,227.0
0.0,0.0,0.0,97.23,2.73,0.04,227.0
0.0,0.0,0.0,97.23,2.73,0.04,227.0
0.0,0.0,0.0,97.23,2.73,0.04,227.0
0.0,0.0,0.0,97.23,2.73,0.04,227.0
0.0,0.0,0.0,97.23,2.73,0.04,227.0
0.0,0.0,0.0,97.23,2.73,0.04,227.0
0.0,0.0,0.0,97.23,2.73,0.04,227.0
0.0,0.0,0.0,97.23,2.73,0.04,227.0
0.0,0.0,0.0,97.23,2.73,0.04,227.0
0.0,0.0,0.0,97.23,2.73,0.04,227.0
0.0,0.0,0.0,97.23,2.73,0.04,227.0
0.0,0.0,0.0,97.23,2.73,0.04,227.0
0.0,0.0,0.0,97.23,2.73,0.04,227.0
0.0,0.0,0.0,97.23,2.73,0.04,227.0
0.0,0.0,0.0,97.23,2.73,0.04,227.0
0.0,0.0,0.0,97.23,2.73,0.04,227.0
0.0,0.0,0.0,97.23,2.73,0.04,227.0
0.0,0.0,0.0,97.23,2.73,0.04,227.0
0.0,0.0,0.0,97.23,2.73,0.04,227.0
0.0,0.0,0.0,97.23,2.73,0.04,227.0
0.0,0.0,0.0,97.23,2.73,0.04,227.0
0.0,0.0,0.0,97.23,2.73,0.04,227.0
0.0,0.0,0.0,97.23,2.73,0.04,227.0
0.0,0.0,0.0,97.23,2.73,0.04,227.0
0.0,0.0,0.0,97.23,2.73,0.04,227.0
0.0,0.0,0.0,97.23,2.73,0.04,227.0
0.0,0.0,0.0,97.23,2.73,0.04,227.0
0.0,0.0,0.0,97.23,2.73,0.04,227.0
0.0,0.0,0.0,97.23,2.73,0.04,227.0
0.0,0.0,0.0,97.23,2.73,0.04,227.0
0.0,0.0,0.0,97.23,2.73,0.04,227.0
0.0,0.0,0.0,97.23,2.73,0.04,227.0
0.0,0.0,0.0,97.23,2.73,0.04,227.0
0.0,0.0,0.0,97.23,2.73,0.04,227.0
0.0,0.0,0.0,97.23,2.73,0.04,227.0
0.0,0.0,0.0,97.23,2.73,0.04,227.0
0.0,0.0,0.0,97.23,2.73,0.04,227.0
0.0,0.0,0.0,97.23,2.73,0.04,227.0
0.0,0.0,0.0,97.23,2.73,0.04,227.0
0.0,0.0,0.0,97.23,2.73,0.04,227.0
0.0,0.0,0.0,97.23,2.73,0.04,227.0
0.0,0.0,0.0,97.23,2.73,0.04,227.0
0.0,0.0,0.0,97.23,2.73,0.04,227.0
0.0,0.0,0.0,97.23,2.73,0.04,227.0
0.0,0.0,0.0,97.23,2.73,0.04,227.0
0.0,0.0,0.0,97.23,2.73,0.04,227.0
0.0,0.0,0.0,97.23,2.73,0.04,227.0
0.0,0.0,0.0,97.23,2.73,0.04,227.0
0.0,0.0,0.0,97.23,2.73,0.04,227.0
0.0,0.0,0.0,97.23,2.73,0.04,227.0
0.0,0.0,0.0,97.23,2.73,0.04,227.0
0.0,0.0,0.0,97.23,2.73,0.04,227.0
0.0,0.0,0.0,97.23,2.73,0.04,227.0
0.0,0.0,0.0,97.23,2.73,0.04,227.0
0.0,0.0,0.0,97.23,2.73,0.04,227.0
0.0,0.0,0.0,97.23,2.73,0.04,227.0
0.0,0.0,0.0,97.23,2.73,0.04,227.0
0.0,0.0,0.0,97.23,2.73,0.04,227.0
0.0,0.0,0.0,97.23,2.73,0.04,227.0
0.0,0.0,0.0,97.23,2.73,0.04,227.0
0.0,0.0,0.0,97.23,2.73,0.04,227.0
0.0,0.0,0.0,97.23,2.73,0.04,227.0
0.0,0.0,0.0,97.23,2.73,0.04,227.0
0.0,0.0,0.0,97.23,2.73,0.04,227.0
0.0,0.0,0.0,97.23,2.73,0.04,227.0
0.0,0.0,0.0,97.23,2.73,0.04,227.0
0.0,0.0,0.0,97.23,2.73,0.04,227.0
0.0,0.0,0.0,97.23,2.73,0.04,227.0
0.0,0.0,0.0,97.23,2.73,0.04,227.0
0.0,0.0,0.0,97.23,2.73,0.04,227.0
0.0,0.0,0.0,97.23,2.73,0.04,227.0
0.0,0.0,0.0,97.23,2.73,0.04,227.0
0.0,0.0,0.0,97.23,2.73,0.04,227.0
0.0,0.0,0.0,97.23,2.73,0.04,227.0