incubando,i_mild,i_grave,susceptibles,recuperados,muertos,infectados_totales
0.39,0.0,0.0,98.61,1.0,0.0,39.0
0.44,0.0,0.0,98.56,1.0,0.0,44.33
0.47,0.0,0.0,98.53,1.0,0.0,46.67
0.49,0.0,0.0,98.51,1.0,0.0,49.0
0.5,0.0,0.0,98.5,1.0,0.0,50.33
0.51,0.0,0.0,98.49,1.0,0.0,50.67
0.51,0.0,0.0,98.49,1.0,0.0,50.67
0.12,0.27,0.12,98.49,1.0,0.0,50.67
0.07,0.31,0.13,98.49,1.0,0.0,51.0
0.04,0.34,0.13,98.49,1.0,0.0,51.0
0.02,0.36,0.13,98.49,1.0,0.0,51.0
0.01,0.37,0.13,98.49,1.0,0.0,51.0
0.0,0.37,0.13,98.49,1.0,0.0,51.0
0.0,0.37,0.13,98.49,1.0,0.0,51.0
0.0,0.37,0.13,98.49,1.0,0.0,51.0
0.0,0.38,0.13,98.49,1.0,0.01,51.0
0.0,0.38,0.13,98.49,1.0,0.01,51.0
0.0,0.11,0.12,98.49,1.27,0.01,51.0
0.0,0.06,0.12,98.49,1.31,0.01,51.0
0.0,0.04,0.12,98.49,1.34,0.01,51.0
0.0,0.02,0.12,98.49,1.36,0.01,51.0
0.0,0.01,0.12,98.49,1.37,0.01,51.0
0.0,0.0,0.12,98.49,1.37,0.01,51.0
0.0,0.0,0.12,98.49,1.37,0.01,51.0
0.0,0.0,0.12,98.49,1.37,0.01,51.0
0.0,0.0,0.12,98.49,1.38,0.01,51.0
0.0,0.0,0.12,98.49,1.38,0.01,51.0
0.0,0.0,0.12,98.49,1.38,0.01,51.0
0.0,0.0,0.01,98.49,1.49,0.01,51.0
0.0,0.0,0.0,98.49,1.5,0.01,51.0
0.0,0.0,0.0,98.49,1.5,0.01,51.0
0.0,0.0,0.0,98.49,1.5,0.01,51.0
0.0,0.0,0.0,98.49,1.5,0.01,51.0
0.0,0.0,0.0,98.49,1.5,0.01,51.0
0.0,0.0,0.0,98.49,1.5,0.01,51.0
0.0,0.0,0.0,98.49,1.5,0.01,51.0
0.0,0.0,0.0,98.49,1.5,0.01,51.0
0.0,0.0,0.0,98.49,1.5,0.01,51.0
0.0,0.0,0.0,98.49,1.5,0.01,51.0
0.0,0.0,0.0,98.49,1.5,0.01,51.0
0.0,0.0,0.0,98.49,1.5,0.01,51.0
0.0,0.0,0.0,98.49,1.5,0.01,51.0
0.0,0.0,0.0,98.49,1.5,0.01,51.0
0.0,0.0,0.0,98.49,1.5,0.01,51.0
0.0,0.0,0.0,98.49,1.5,0.01,51.0
0.0,0.0,0.0,98.49,1.5,0.01,51.0
0.0,0.0,0.0,98.49,1.5,0.01,51.0
0.0,0.0,0.0,98.49,1.5,0.01,51.0
0.0,0.0,0.0,98.49,1.5,0.01,51.0
0.0,0.0,0.0,98.49,1.5,0.01,51.0
0.0,0.0,0.0,98.49,1.5,0.01,51.0
0.0,0.0,0.0,98.49,1.5,0.01,51.0
0.0,0.0,0.0,98.49,1.5,0.01,51.0
0.0,0.0,0.0,98.49,1.5,0.01,51.0
0.0,0.0,0.0,98.49,1.5,0.01,51.0
0.0,0.0,0.0,98.49,1.5,0.01,51.0
0.0,0.0,0.0,98.49,1.5,0.01,51.0
0.0,0.0,0.0,98.49,1.5,0.01,51.0
0.0,0.0,0.0,98.49,1.5,0.01,51.0
0.0,0.0,0.0,98.49,1.5,0.01,51.0
0.0,0.0,0.0,98.49,1.5,0.01,51.0
0.0,0.0,0.0,98.49,1.5,0.01,51.0
0.0,0.0,0.0,98.49,1.5,0.01,51.0
0.0,0.0,0.0,98.49,1.5,0.01,51.0
0.0,0.0,0.0,98.49,1.5,0.01,51.0
0.0,0.0,0.0,98.49,1.5,0.01,51.0
0.0,0.0,0.0,98.49,1.5,0.01,51.0
0.0,0.0,0.0,98.49,1.5,0.01,51.0
0.0,0.0,0.0,98.49,1.5,0.01,51.0
0.0,0.0,0.0,98.49,1.5,0.01,51.0
0.0,0.0,0.0,98.49,1.5,0.01,51.0
0.0,0.0,0.0,98.49,1.5,0.01,51.0
0.0,0.0,0.0,98.49,1.5,0.01,51.0
0.0,0.0,0.0,98.49,1.5,0.01,51.0
0.0,0.0,0.0,98.49,1.5,0.01,51.0
0.0,0.0,0.0,98.49,1.5,0.01,51.0
0.0,0.0,0.0,98.49,1.5,0.01,51.0
0.0,0.0,0.0,98.49,1.5,0.01,51.0
0.0,0.0,0.0,98.49,1.5,0.01,51.0
0.0,0.0,0.0,98.49,1.5,0.01,51.0
0.0,0.0,0.0,98.49,1.5,0.01,51.0
0.0,0.0,0.0,98.49,1.5,0.01,51.0
0.0,0.0,0.0,98.49,1.5,0.01,51.0
0.0,0.0,0.0,98.49,1.5,0.01,51.0
0.0,0.0,0.0,98.49,1.5,0.01,51.0
0.0,0.0,0.0,98.49,1.5,0.01,51.0
0.0,0.0,0.0,98.49,1.5,0.01,51.0
0.0,0.0,0.0,98.49,1.5,0.01,51.0
0.0,0.0,0.0,98.49,1.5,0.01,51.0
0.0,0.0,0.0,98.49,1.5,0.01,51.0
0.0,0.0,0.0,98.49,1.5,0.01,51.0
0.0,0.0,0.0,98.49,1.5,0.01,51.0
0.0,0.0,0.0,98.49,1.5,0.01,51.0
0.0,0.0,0.0,98.49,1.5,0.01,51.0
0.0,0.0,0.0,98.49,1.5,0.01,51.0
0.0,0.0,0.0,98.49,1.5,0.01,51.0
0.0,0.0,0.0,98.49,1.5,0.01,51.0
0.0,0.0,0.0,98.49,1.5,0.01,51.0
0.0,0.0,0.0,98.49,1.5,0.01,51.0
0.0,0.0,0.0,98.49,1.5,0.01,51.0
0.0,0.0,0.0,98.49,1.5,0.01,51.0
0.0,0.0,0.0,98.49,1.5,0.01,51.0
0.0,0.0,0.0,98.49,1.5,0.01,51.0
0.0,0.0,0.0,98.49,1.5,0.01,51.0
0.0,0.0,0.0,98.49,1.5,0.01,51.0
0.0,0.0,0.0,98.49,1.5,0.01,51.0
0.0,0.0,0.0,98.49,1.5,0.01,51.0
0.0,0.0,0.0,98.49,1.5,0.01,51.0
0.0,0.0,0.0,98.49,1.5,0.01,51.0
0.0,0.0,0.0,98.49,1.5,0.01,51.0
0.0,0.0,0.0,98.49,1.5,0.01,51.0
0.0,0.0,0.0,98.49,1.5,0.01,51.0
0.0,0.0,0.0,98.49,1.5,0.01,51.0
0.0,0.0,0.0,98.49,1.5,0.01,51.0
0.0,0.0,0.0,98.49,1.5,0.01,51.0
0.0,0.0,0.0,98.49,1.5,0.01,51.0
0.0,0.0,0.0,98.49,1.5,0.01,51.0
0.0,0.0,0.0,98.49,1.5,0.01,51.0
0.0,0.0,0.0,98.49,1.5,0.01,51.0
0.0,0.0,0.0,98.49,1.5,0.01,51.0
0.0,0.0,0.0,98.49,1.5,0.01,51.0
0.0,0.0,0.0,98.49,1.5,0.01,51.0
0.0,0.0,0.0,98.49,1.5,0.01,51.0
0.0,0.0,0.0,98.49,1.5,0.01,51.0
0.0,0.0,0.0,98.49,1.5,0.01,51.0
0.0,0.0,0.0,98.49,1.5,0.01,51.0
0.0,0.0,0.0,98.49,1.5,0.01,51.0
0.0,0.0,0.0,98.49,1.5,0.01,51.0
0.0,0.0,0.0,98.49,1.5,0.01,51.0
0.0,0.0,0.0,98.49,1.5,0.01,51.0
0.0,0.0,0.0,98.49,1.5,0.01,51.0
0.0,0.0,0.0,98.49,1.5,0.01,51.0
0.0,0.0,0.0,98.49,1.5,0.01,51.0
0.0,0.0,0.0,98.49,1.5,0.01,51.0
0.0,0.0,0.0,98.49,1.5,0.01,51.0
0.0,0.0,0.0,98.49,1.5,0.01,51.0
0.0,0.0,0.0,98.49,1.5,0.01,51.0
0.0,0.0,0.0,98.49,1.5,0.01,51.0
0.0,0.0,0.0,98.49,1.5,0.01,51.0
0.0,0.0,0.0,98.49,1.5,0.01,51.0
0.0,0.0,0.0,98.49,1.5,0.01,51.0
0.0,0.0,0.0,98.49,1.5,0.01,51.0
0.0,0.0,0.0,98.49,1.5,0.01,51.0
0.0,0.0,0.0,98.49,1.5,0.01,51.0
0.0,0.0,0.0,98.49,1.5,0.01,51.0
0.0,0.0,0.0,98.49,1.5,0.01,51.0
0.0,0.0,0.0,98.49,1.5,0.01,51.0
0.0,0.0,0.0,98.49,1.5,0.01,51.0
0.0,0.0,0.0,98.49,1.5,0.01,51.0
0.0,0.0,0.0,98.49,1.5,0.01,51.0
0.0,0.0,0.0,98.49,1.5,0.01,51.0
0.0,0.0,0.0,98.49,1.5,0.01,51.0
0.0,0.0,0.0,98.49,1.5,0.01,51.0
0.0,0.0,0.0,98.49,1.5,0.01,51.0
0.0,0.0,0.0,98.49,1.5,0.01,51.0
0.0,0.0,0.0,98.49,1.5,0.01,51.0
0.0,0.0,0.0,98.49,1.5,0.01,51.0
0.0,0.0,0.0,98.49,1.5,0.01,51.0
0.0,0.0,0.0,98.49,1.5,0.01,51.0
0.0,0.0,0.0,98.49,1.5,0.01,51.0
0.0,0.0,0.0,98.49,1.5,0.01,51.0
0.0,0.0,0.0,98.49,1.5,0.01,51.0
0.0,0.0,0.0,98.49,1.5,0.01,51.0
0.0,0.0,0.0,98.49,1.5,0.01,51.0
0.0,0.0,0.0,98.49,1.5,0.01,51.0
0.0,0.0,0.0,98.49,1.5,0.01,51.0
0.0,0.0,0.0,98.49,1.5,0.01,51.0
0.0,0.0,0.0,98.49,1.5,0.01,51.0
0.0,0.0,0.0,98.49,1.5,0.01,51.0
0.0,0.0,0.0,98.49,1.5,0.01,51.0
0.0,0.0,0.0,98.49,1.5,0.01,51.0
0.0,0.0,0.0,98.49,1.5,0.01,51.0
0.0,0.0,0.0,98.49,1.5,0.01,51.0
0.0,0.0,0.0,98.49,1.5,0.01,51.0
0.0,0.0,0.0,98.49,1.5,0.01,51.0
0.0,0.0,0.0,98.49,1.5,0.01,51.0
0.0,0.0,0.0,98.49,1.5,0.01,51.0
0.0,0.0,0.0,98.49,1.5,0.01,51.0
0.0,0.0,0.0,98.49,1.5,0.01,51.0
0.0,0.0,0.0,98.49,1.5,0.01,51.0
0.0,0.0,0.0,98.49,1.5,0.01,51.0
0.0,0.0,0.0,98.49,1.5,0.01,51.0
0.0,0.0,0.0,98.49,1.5,0.01,51.0
0.0,0.0,0.0,98.49,1.5,0.01,51.0
0.0,0.0,0.0,98.49,1.5,0.01,51.0
0.0,0.0,0.0,98.49,1.5,0.01,51.0
0.0,0.0,0.0,98.49,1.5,0.01,51.0
0.0,0.0,0.0,98.49,1.5,0.01,51.0
0.0,0.0,0.0,98.49,1.5,0.01,51.0
0.0,0.0,0.0,98.49,1.5,0.01,51.0
0.0,0.0,0.0,98.49,1.5,0.01,51.0
0.0,0.0,0.0,98.49,1.5,0.01,51.0
0.0,0.0,0.0,98.49,1.5,0.01,51.0
0.0,0.0,0.0,98.49,1.5,0.01,51.0
0.0,0.0,0.0,98.49,1.5,0.01,51.0
0.0,0.0,0.0,98.49,1.5,0.01,51.0
0.0,0.0,0.0,98.49,1.5,0.01,51.0
0.0,0.0,0.0,98.49,1.5,0.01,51.0
0.0,0.0,0.0,98.49,1.5,0.01,51.0
0.0,0.0,0.0,98.49,1.5,0.01,51.0
0.0,0.0,0.0,98.49,1.5,0.01,51.0
0.0,0.0,0.0,98.49,1.5,0.01,51.0
0.0,0.0,0.0,98.49,1.5,0.01,51.0
0.0,0.0,0.0,98.49,1.5,0.01,51.0
0.0,0.0,0.0,98.49,1.5,0.01,51.0
0.0,0.0,0.0,98.49,1.5,0.01,51.0
0.0,0.0,0.0,98.49,1.5,0.01,51.0
0.0,0.0,0.0,98.49,1.5,0.01,51.0
0.0,0.0,0.0,98.49,1.5,0.01,51.0
0.0,0.0,0.0,98.49,1.5,0.01,51.0
0.0,0.0,0.0,98.49,1.5,0.01,51.0
0.0,0.0,0.0,98.49,1.5,0.01,51.0
0.0,0.0,0.0,98.49,1.5,0.01,51.0
0.0,0.0,0.0,98.49,1.5,0.01,51.0
0.0,0.0,0.0,98.49,1.5,0.01,51.0
0.0,0.0,0.0,98.49,1.5,0.01,51.0
0.0,0.0,0.0,98.49,1.5,0.01,51.0
0.0,0.0,0.0,98.49,1.5,0.01,51.0
0.0,0.0,0.0,98.49,1.5,0.01,51.0
0.0,0.0,0.0,98.49,1.5,0.01,51.0
0.0,0.0,0.0,98.49,1.5,0.01,51.0
0.0,0.0,0.0,98.49,1.5,0.01,51.0
0.0,0.0,0.0,98.49,1.5,0.01,51.0
0.0,0.0,0.0,98.49,1.5,0.01,51.0
0.0,0.0,0.0,98.49,1.5,0.01,51.0
0.0,0.0,0.0,98.49,1.5,0.01,51.0
0.0,0.0,0.0,98.49,1.5,0.01,51.0
0.0,0.0,0.0,98.49,1.5,0.01,51.0
0.0,0.0,0.0,98.49,1.5,0.01,51.0
0.0,0.0,0.0,98.49,1.5,0.01,51.0
0.0,0.0,0.0,98.49,1.5,0.01,51.0
0.0,0.0,0.0,98.49,1.5,0.01,51.0
0.0,0.0,0.0,98.49,1.5,0.01,51.0
0.0,0.0,0.0,98.49,1.5,0.01,51.0
0.0,0.0,0.0,98.49,1.5,0.01,51.0
0.0,0.0,0.0,98.49,1.5,0.01,51.0
0.0,0.0,0.0,98.49,1.5,0.01,51.0
0.0,0.0,0.0,98.49,1.5,0.01,51.0
0.0,0.0,0.0,98.49,1.5,0.01,51.0
0.0,0.0,0.0,98.49,1.5,0.01,51.0
0.0,0.0,0.0,98.49,1.5,0.01,51.0
0.0,0.0,0.0,98.49,1.5,0.01,51.0
0.0,0.0,0.0,98.49,1.5,0.01,51.0
0.0,0.0,0.0,98.49,1.5,0.01,51.0
0.0,0.0,0.0,98.49,1.5,0.01,51.0
0.0,0.0,0.0,98.49,1.5,0.01,51.0
0.0,0.0,0.0,98.49,1.5,0.01,51.0
0.0,0.0,0.0,98.49,1.5,0.01,51.0
0.0,0.0,0.0,98.49,1.5,0.01,51.0
0.0,0.0,0.0,98.49,1.5,0.01,51.0
0.0,0.0,0.0,98.49,1.5,0.01,51.0
0.0,0.0,0.0,98.49,1.5,0.01,51.0
0.0,0.0,0.0,98.49,1.5,0.01,51.0
0.0,0.0,0.0,98.49,1.5,0.01,51.0
0.0,0.0,0.0,98.49,1.5,0.01,51.0
0.0,0.0,0.0,98.49,1.5,0.01,51.0
0.0,0.0,0.0,98.49,1.5,0.01,51.0
0.0,0.0,0.0,98.49,1.5,0.01,51.0
0.0,0.0,0.0,98.49,1.5,0.01,51.0
0.0,0.0,0.0,98.49,1.5,0.01,51.0
0.0,0.0,0.0,98.49,1.5,0.01,51.0
0.0,0.0,0.0,98.49,1.5,0.01,51.0
0.0,0.0,0.0,98.49,1.5,0.01,51.0
0.0,0.0,0.0,98.49,1.5,0.01,51.0
0.0,0.0,0.0,98.49,1.5,0.01,51.0
0.0,0.0,0.0,98.49,1.5,0.01,51.0
0.0,0.0,0.0,98.49,1.5,0.01,51.0
0.0,0.0,0.0,98.49,1.5,0.01,51.0
0.0,0.0,0.0,98.49,1.5,0.01,51.0
0.0,0.0,0.0,98.49,1.5,0.01,51.0
0.0,0.0,0.0,98.49,1.5,0.01,51.0
0.0,0.0,0.0,98.49,1.5,0.01,51.0
0.0,0.0,0.0,98.49,1.5,0.01,51.0
0.0,0.0,0.0,98.49,1.5,0.01,51.0
0.0,0.0,0.0,98.49,1.5,0.01,51.0
0.0,0.0,0.0,98.49,1.5,0.01,51.0
0.0,0.0,0.0,98.49,1.5,0.01,51.0
0.0,0.0,0.0,98.49,1.5,0.01,51.0
0.0,0.0,0.0,98.49,1.5,0.01,51.0
0.0,0.0,0.0,98.49,1.5,0.01,51.0
0.0,0.0,0.0,98.49,1.5,0.01,51.0
0.0,0.0,0.0,98.49,1.5,0.01,51.0
0.0,0.0,0.0,98.49,1.5,0.01,51.0
0.0,0.0,0.0,98.49,1.5,0.01,51.0
0.0,0.0,0.0,98.49,1.5,0.01,51.0
0.0,0.0,0.0,98.49,1.5,0.01,51.0
0.0,0.0,0.0,98.49,1.5,0.01,51.0
0.0,0.0,0.0,98.49,1.5,0.01,51.0
0.0,0.0,0.0,98.49,1.5,0.01,51.0
0.0,0.0,0.0,98.49,1.5,0.01,51.0
0.0,0.0,0.0,98.49,1.5,0.01,51.0
0.0,0.0,0.0,98.49,1.5,0.01,51.0
0.0,0.0,0.0,98.49,1.5,0.01,51.0
0.0,0.0,0.0,98.49,1.5,0.01,51.0
0.0,0.0,0.0,98.49,1.5,0.01,51.0
0.0,0.0,0.0,98.49,1.5,0.01,51.0
0.0,0.0,0.0,98.49,1.5,0.01,51.0
0.0,0.0,0.0,98.49,1.5,0.01,51.0
0.0,0.0,0.0,98.49,1.5,0.01,51.0
0.0,0.0,0.0,98.49,1.5,0.01,51.0