incubando,i_mild,i_grave,susceptibles,recuperados,muertos,infectados_totales
0.1,0.0,0.0,99.9,0.0,0.0,5.0
0.11,0.0,0.0,99.89,0.0,0.0,5.67
0.12,0.0,0.0,99.88,0.0,0.0,6.0
0.12,0.0,0.0,99.88,0.0,0.0,6.0
0.12,0.0,0.0,99.88,0.0,0.0,6.0
0.12,0.0,0.0,99.88,0.0,0.0,6.0
0.12,0.0,0.0,99.88,0.0,0.0,6.0
0.02,0.09,0.01,99.88,0.0,0.0,6.0
0.01,0.09,0.03,99.88,0.0,0.0,6.0
0.0,0.09,0.03,99.88,0.0,0.0,6.0
0.0,0.09,0.03,99.88,0.0,0.0,6.0
0.0,0.09,0.03,99.88,0.0,0.0,6.0
0.0,0.09,0.03,99.88,0.0,0.0,6.0
0.0,0.09,0.03,99.88,0.0,0.0,6.0
0.0,0.09,0.03,99.88,0.0,0.0,6.0
0.0,0.09,0.03,99.88,0.0,0.0,6.0
0.0,0.09,0.03,99.88,0.0,0.0,6.0
0.0,0.0,0.03,99.88,0.09,0.0,6.0
0.0,0.0,0.03,99.88,0.09,0.0,6.0
0.0,0.0,0.03,99.88,0.09,0.0,6.0
0.0,0.0,0.03,99.88,0.09,0.0,6.0
0.0,0.0,0.03,99.88,0.09,0.0,6.0
0.0,0.0,0.03,99.88,0.09,0.0,6.0
0.0,0.0,0.03,99.88,0.09,0.0,6.0
0.0,0.0,0.03,99.88,0.09,0.0,6.0
0.0,0.0,0.03,99.88,0.09,0.0,6.0
0.0,0.0,0.03,99.88,0.09,0.0,6.0
0.0,0.0,0.03,99.88,0.09,0.0,6.0
0.0,0.0,0.02,99.88,0.1,0.0,6.0
0.0,0.0,0.01,99.88,0.11,0.0,6.0
0.0,0.0,0.0,99.88,0.12,0.0,6.0
0.0,0.0,0.0,99.88,0.12,0.0,6.0
0.0,0.0,0.0,99.88,0.12,0.0,6.0
0.0,0.0,0.0,99.88,0.12,0.0,6.0
0.0,0.0,0.0,99.88,0.12,0.0,6.0
0.0,0.0,0.0,99.88,0.12,0.0,6.0
0.0,0.0,0.0,99.88,0.12,0.0,6.0
0.0,0.0,0.0,99.88,0.12,0.0,6.0
0.0,0.0,0.0,99.88,0.12,0.0,6.0
0.0,0.0,0.0,99.88,0.12,0.0,6.0
0.0,0.0,0.0,99.88,0.12,0.0,6.0
0.0,0.0,0.0,99.88,0.12,0.0,6.0
0.0,0.0,0.0,99.88,0.12,0.0,6.0
0.0,0.0,0.0,99.88,0.12,0.0,6.0
0.0,0.0,0.0,99.88,0.12,0.0,6.0
0.0,0.0,0.0,99.88,0.12,0.0,6.0
0.0,0.0,0.0,99.88,0.12,0.0,6.0
0.0,0.0,0.0,99.88,0.12,0.0,6.0
0.0,0.0,0.0,99.88,0.12,0.0,6.0
0.0,0.0,0.0,99.88,0.12,0.0,6.0
0.0,0.0,0.0,99.88,0.12,0.0,6.0
0.0,0.0,0.0,99.88,0.12,0.0,6.0
0.0,0.0,0.0,99.88,0.12,0.0,6.0
0.0,0.0,0.0,99.88,0.12,0.0,6.0
0.0,0.0,0.0,99.88,0.12,0.0,6.0
0.0,0.0,0.0,99.88,0.12,0.0,6.0
0.0,0.0,0.0,99.88,0.12,0.0,6.0
0.0,0.0,0.0,99.88,0.12,0.0,6.0
0.0,0.0,0.0,99.88,0.12,0.0,6.0
0.0,0.0,0.0,99.88,0.12,0.0,6.0
0.0,0.0,0.0,99.88,0.12,0.0,6.0
0.0,0.0,0.0,99.88,0.12,0.0,6.0
0.0,0.0,0.0,99.88,0.12,0.0,6.0
0.0,0.0,0.0,99.88,0.12,0.0,6.0
0.0,0.0,0.0,99.88,0.12,0.0,6.0
0.0,0.0,0.0,99.88,0.12,0.0,6.0
0.0,0.0,0.0,99.88,0.12,0.0,6.0
0.0,0.0,0.0,99.88,0.12,0.0,6.0
0.0,0.0,0.0,99.88,0.12,0.0,6.0
0.0,0.0,0.0,99.88,0.12,0.0,6.0
0.0,0.0,0.0,99.88,0.12,0.0,6.0
0.0,0.0,0.0,99.88,0.12,0.0,6.0
0.0,0.0,0.0,99.88,0.12,0.0,6.0
0.0,0.0,0.0,99.88,0.12,0.0,6.0
0.0,0.0,0.0,99.88,0.12,0.0,6.0
0.0,0.0,0.0,99.88,0.12,0.0,6.0
0.0,0.0,0.0,99.88,0.12,0.0,6.0
0.0,0.0,0.0,99.88,0.12,0.0,6.0
0.0,0.0,0.0,99.88,0.12,0.0,6.0
0.0,0.0,0.0,99.88,0.12,0.0,6.0
0.0,0.0,0.0,99.88,0.12,0.0,6.0
0.0,0.0,0.0,99.88,0.12,0.0,6.0
0.0,0.0,0.0,99.88,0.12,0.0,6.0
0.0,0.0,0.0,99.88,0.12,0.0,6.0
0.0,0.0,0.0,99.88,0.12,0.0,6.0
0.0,0.0,0.0,99.88,0.12,0.0,6.0
0.0,0.0,0.0,99.88,0.12,0.0,6.0
0.0,0.0,0.0,99.88,0.12,0.0,6.0
0.0,0.0,0.0,99.88,0.12,0.0,6.0
0.0,0.0,0.0,99.88,0.12,0.0,6.0
0.0,0.0,0.0,99.88,0.12,0.0,6.0
0.0,0.0,0.0,99.88,0.12,0.0,6.0
0.0,0.0,0.0,99.88,0.12,0.0,6.0
0.0,0.0,0.0,99.88,0.12,0.0,6.0
0.0,0.0,0.0,99.88,0.12,0.0,6.0
0.0,0.0,0.0,99.88,0.12,0.0,6.0
0.0,0.0,0.0,99.88,0.12,0.0,6.0
0.0,0.0,0.0,99.88,0.12,0.0,6.0
0.0,0.0,0.0,99.88,0.12,0.0,6.0
0.0,0.0,0.0,99.88,0.12,0.0,6.0
0.0,0.0,0.0,99.88,0.12,0.0,6.0
0.0,0.0,0.0,99.88,0.12,0.0,6.0
0.0,0.0,0.0,99.88,0.12,0.0,6.0
0.0,0.0,0.0,99.88,0.12,0.0,6.0
0.0,0.0,0.0,99.88,0.12,0.0,6.0
0.0,0.0,0.0,99.88,0.12,0.0,6.0
0.0,0.0,0.0,99.88,0.12,0.0,6.0
0.0,0.0,0.0,99.88,0.12,0.0,6.0
0.0,0.0,0.0,99.88,0.12,0.0,6.0
0.0,0.0,0.0,99.88,0.12,0.0,6.0
0.0,0.0,0.0,99.88,0.12,0.0,6.0
0.0,0.0,0.0,99.88,0.12,0.0,6.0
0.0,0.0,0.0,99.88,0.12,0.0,6.0
0.0,0.0,0.0,99.88,0.12,0.0,6.0
0.0,0.0,0.0,99.88,0.12,0.0,6.0
0.0,0.0,0.0,99.88,0.12,0.0,6.0
0.0,0.0,0.0,99.88,0.12,0.0,6.0
0.0,0.0,0.0,99.88,0.12,0.0,6.0
0.0,0.0,0.0,99.88,0.12,0.0,6.0
0.0,0.0,0.0,99.88,0.12,0.0,6.0
0.0,0.0,0.0,99.88,0.12,0.0,6.0
0.0,0.0,0.0,99.88,0.12,0.0,6.0
0.0,0.0,0.0,99.88,0.12,0.0,6.0
0.0,0.0,0.0,99.88,0.12,0.0,6.0
0.0,0.0,0.0,99.88,0.12,0.0,6.0
0.0,0.0,0.0,99.88,0.12,0.0,6.0
0.0,0.0,0.0,99.88,0.12,0.0,6.0
0.0,0.0,0.0,99.88,0.12,0.0,6.0
0.0,0.0,0.0,99.88,0.12,0.0,6.0
0.0,0.0,0.0,99.88,0.12,0.0,6.0
0.0,0.0,0.0,99.88,0.12,0.0,6.0
0.0,0.0,0.0,99.88,0.12,0.0,6.0
0.0,0.0,0.0,99.88,0.12,0.0,6.0
0.0,0.0,0.0,99.88,0.12,0.0,6.0
0.0,0.0,0.0,99.88,0.12,0.0,6.0
0.0,0.0,0.0,99.88,0.12,0.0,6.0
0.0,0.0,0.0,99.88,0.12,0.0,6.0
0.0,0.0,0.0,99.88,0.12,0.0,6.0
0.0,0.0,0.0,99.88,0.12,0.0,6.0
0.0,0.0,0.0,99.88,0.12,0.0,6.0
0.0,0.0,0.0,99.88,0.12,0.0,6.0
0.0,0.0,0.0,99.88,0.12,0.0,6.0
0.0,0.0,0.0,99.88,0.12,0.0,6.0
0.0,0.0,0.0,99.88,0.12,0.0,6.0
0.0,0.0,0.0,99.88,0.12,0.0,6.0
0.0,0.0,0.0,99.88,0.12,0.0,6.0
0.0,0.0,0.0,99.88,0.12,0.0,6.0
0.0,0.0,0.0,99.88,0.12,0.0,6.0
0.0,0.0,0.0,99.88,0.12,0.0,6.0
0.0,0.0,0.0,99.88,0.12,0.0,6.0
0.0,0.0,0.0,99.88,0.12,0.0,6.0
0.0,0.0,0.0,99.88,0.12,0.0,6.0
0.0,0.0,0.0,99.88,0.12,0.0,6.0
0.0,0.0,0.0,99.88,0.12,0.0,6.0
0.0,0.0,0.0,99.88,0.12,0.0,6.0
0.0,0.0,0.0,99.88,0.12,0.0,6.0
0.0,0.0,0.0,99.88,0.12,0.0,6.0
0.0,0.0,0.0,99.88,0.12,0.0,6.0
0.0,0.0,0.0,99.88,0.12,0.0,6.0
0.0,0.0,0.0,99.88,0.12,0.0,6.0
0.0,0.0,0.0,99.88,0.12,0.0,6.0
0.0,0.0,0.0,99.88,0.12,0.0,6.0
0.0,0.0,0.0,99.88,0.12,0.0,6.0
0.0,0.0,0.0,99.88,0.12,0.0,6.0
0.0,0.0,0.0,99.88,0.12,0.0,6.0
0.0,0.0,0.0,99.88,0.12,0.0,6.0
0.0,0.0,0.0,99.88,0.12,0.0,6.0
0.0,0.0,0.0,99.88,0.12,0.0,6.0
0.0,0.0,0.0,99.88,0.12,0.0,6.0
0.0,0.0,0.0,99.88,0.12,0.0,6.0
0.0,0.0,0.0,99.88,0.12,0.0,6.0
0.0,0.0,0.0,99.88,0.12,0.0,6.0
0.0,0.0,0.0,99.88,0.12,0.0,6.0
0.0,0.0,0.0,99.88,0.12,0.0,6.0
0.0,0.0,0.0,99.88,0.12,0.0,6.0
0.0,0.0,0.0,99.88,0.12,0.0,6.0
0.0,0.0,0.0,99.88,0.12,0.0,6.0
0.0,0.0,0.0,99.88,0.12,0.0,6.0
0.0,0.0,0.0,99.88,0.12,0.0,6.0
0.0,0.0,0.0,99.88,0.12,0.0,6.0
0.0,0.0,0.0,99.88,0.12,0.0,6.0
0.0,0.0,0.0,99.88,0.12,0.0,6.0
0.0,0.0,0.0,99.88,0.12,0.0,6.0
0.0,0.0,0.0,99.88,0.12,0.0,6.0
0.0,0.0,0.0,99.88,0.12,0.0,6.0
0.0,0.0,0.0,99.88,0.12,0.0,6.0
0.0,0.0,0.0,99.88,0.12,0.0,6.0
0.0,0.0,0.0,99.88,0.12,0.0,6.0
0.0,0.0,0.0,99.88,0.12,0.0,6.0
0.0,0.0,0.0,99.88,0.12,0.0,6.0
0.0,0.0,0.0,99.88,0.12,0.0,6.0
0.0,0.0,0.0,99.88,0.12,0.0,6.0
0.0,0.0,0.0,99.88,0.12,0.0,6.0
0.0,0.0,0.0,99.88,0.12,0.0,6.0
0.0,0.0,0.0,99.88,0.12,0.0,6.0
0.0,0.0,0.0,99.88,0.12,0.0,6.0
0.0,0.0,0.0,99.88,0.12,0.0,6.0
0.0,0.0,0.0,99.88,0.12,0.0,6.0
0.0,0.0,0.0,99.88,0.12,0.0,6.0
0.0,0.0,0.0,99.88,0.12,0.0,6.0