incubando,i_mild,i_grave,susceptibles,recuperados,muertos,infectados_totales
30.07,0.0,0.0,69.93,0.0,0.0,3007.0
71.42,0.0,0.0,28.58,0.0,0.0,7142.0
79.37,0.0,0.0,20.63,0.0,0.0,7937.0
81.53,0.0,0.0,18.47,0.0,0.0,8153.0
83.24,0.0,0.0,16.76,0.0,0.0,8324.0
83.67,0.0,0.0,16.33,0.0,0.0,8367.0
83.79,0.0,0.0,16.21,0.0,0.0,8379.0
53.84,21.29,8.78,16.09,0.0,0.0,8391.0
12.55,50.18,21.23,16.03,0.0,0.01,8397.0
4.6,55.96,23.34,16.03,0.0,0.07,8397.0
2.45,57.48,23.89,16.02,0.0,0.16,8398.0
0.74,58.67,24.33,16.02,0.0,0.24,8398.0
0.31,58.98,24.4,16.02,0.0,0.29,8398.0
0.2,59.05,24.35,16.01,0.0,0.39,8399.0
0.08,59.13,24.3,16.01,0.0,0.48,8399.0
0.02,59.16,24.27,16.01,0.0,0.54,8399.0
0.02,59.16,24.18,16.01,0.0,0.63,8399.0
0.01,37.88,24.08,16.01,21.29,0.73,8399.0
0.01,8.99,23.98,16.01,50.18,0.83,8399.0
0.01,3.21,23.89,16.01,55.96,0.92,8399.0
0.0,1.7,23.86,16.01,57.48,0.95,8399.0
0.0,0.51,23.77,16.01,58.67,1.04,8399.0
0.0,0.2,23.69,16.01,58.98,1.12,8399.0
0.0,0.13,23.63,16.01,59.05,1.18,8399.0
0.0,0.05,23.55,16.01,59.13,1.26,8399.0
0.0,0.02,23.48,16.01,59.16,1.33,8399.0
0.0,0.02,23.39,16.01,59.16,1.42,8399.0
0.0,0.01,23.3,16.01,59.17,1.51,8399.0
0.0,0.01,15.05,16.01,67.35,1.58,8399.0
0.0,0.01,3.33,16.01,79.03,1.62,8399.0
0.0,0.0,1.27,16.01,81.08,1.64,8399.0
0.0,0.0,0.7,16.01,81.63,1.66,8399.0
0.0,0.0,0.22,16.01,82.11,1.66,8399.0
0.0,0.0,0.11,16.01,82.22,1.66,8399.0
0.0,0.0,0.07,16.01,82.26,1.66,8399.0
0.0,0.0,0.03,16.01,82.3,1.66,8399.0
0.0,0.0,0.0,16.01,82.33,1.66,8399.0
0.0,0.0,0.0,16.01,82.33,1.66,8399.0
0.0,0.0,0.0,16.01,82.33,1.66,8399.0
0.0,0.0,0.0,16.01,82.33,1.66,8399.0
0.0,0.0,0.0,16.01,82.33,1.66,8399.0
0.0,0.0,0.0,16.01,82.33,1.66,8399.0
0.0,0.0,0.0,16.01,82.33,1.66,8399.0
0.0,0.0,0.0,16.01,82.33,1.66,8399.0
0.0,0.0,0.0,16.01,82.33,1.66,8399.0
0.0,0.0,0.0,16.01,82.33,1.66,8399.0
0.0,0.0,0.0,16.01,82.33,1.66,8399.0
0.0,0.0,0.0,16.01,82.33,1.66,8399.0
0.0,0.0,0.0,16.01,82.33,1.66,8399.0
0.0,0.0,0.0,16.01,82.33,1.66,8399.0
0.0,0.0,0.0,16.01,82.33,1.66,8399.0
0.0,0.0,0.0,16.01,82.33,1.66,8399.0
0.0,0.0,0.0,16.01,82.33,1.66,8399.0
0.0,0.0,0.0,16.01,82.33,1.66,8399.0
0.0,0.0,0.0,16.01,82.33,1.66,8399.0
0.0,0.0,0.0,16.01,82.33,1.66,8399.0
0.0,0.0,0.0,16.01,82.33,1.66,8399.0
0.0,0.0,0.0,16.01,82.33,1.66,8399.0
0.0,0.0,0.0,16.01,82.33,1.66,8399.0
0.0,0.0,0.0,16.01,82.33,1.66,8399.0
0.0,0.0,0.0,16.01,82.33,1.66,8399.0
0.0,0.0,0.0,16.01,82.33,1.66,8399.0
0.0,0.0,0.0,16.01,82.33,1.66,8399.0
0.0,0.0,0.0,16.01,82.33,1.66,8399.0
0.0,0.0,0.0,16.01,82.33,1.66,8399.0
0.0,0.0,0.0,16.01,82.33,1.66,8399.0
0.0,0.0,0.0,16.01,82.33,1.66,8399.0
0.0,0.0,0.0,16.01,82.33,1.66,8399.0
0.0,0.0,0.0,16.01,82.33,1.66,8399.0
0.0,0.0,0.0,16.01,82.33,1.66,8399.0
0.0,0.0,0.0,16.01,82.33,1.66,8399.0
0.0,0.0,0.0,16.01,82.33,1.66,8399.0
0.0,0.0,0.0,16.01,82.33,1.66,8399.0
0.0,0.0,0.0,16.01,82.33,1.66,8399.0
0.0,0.0,0.0,16.01,82.33,1.66,8399.0
0.0,0.0,0.0,16.01,82.33,1.66,8399.0
0.0,0.0,0.0,16.01,82.33,1.66,8399.0
0.0,0.0,0.0,16.01,82.33,1.66,8399.0
0.0,0.0,0.0,16.01,82.33,1.66,8399.0
0.0,0.0,0.0,16.01,82.33,1.66,8399.0
0.0,0.0,0.0,16.01,82.33,1.66,8399.0
0.0,0.0,0.0,16.01,82.33,1.66,8399.0
0.0,0.0,0.0,16.01,82.33,1.66,8399.0
0.0,0.0,0.0,16.01,82.33,1.66,8399.0
0.0,0.0,0.0,16.01,82.33,1.66,8399.0
0.0,0.0,0.0,16.01,82.33,1.66,8399.0
0.0,0.0,0.0,16.01,82.33,1.66,8399.0
0.0,0.0,0.0,16.01,82.33,1.66,8399.0
0.0,0.0,0.0,16.01,82.33,1.66,8399.0
0.0,0.0,0.0,16.01,82.33,1.66,8399.0
0.0,0.0,0.0,16.01,82.33,1.66,8399.0
0.0,0.0,0.0,16.01,82.33,1.66,8399.0
0.0,0.0,0.0,16.01,82.33,1.66,8399.0
0.0,0.0,0.0,16.01,82.33,1.66,8399.0
0.0,0.0,0.0,16.01,82.33,1.66,8399.0
0.0,0.0,0.0,16.01,82.33,1.66,8399.0
0.0,0.0,0.0,16.01,82.33,1.66,8399.0
0.0,0.0,0.0,16.01,82.33,1.66,8399.0
0.0,0.0,0.0,16.01,82.33,1.66,8399.0
0.0,0.0,0.0,16.01,82.33,1.66,8399.0