incubando,i_mild,i_grave,susceptibles,recuperados,muertos,infectados_totales
90.18,0.0,0.0,9.82,0.0,0.0,4509.0
98.22,0.0,0.0,1.78,0.0,0.0,4911.0
98.81,0.0,0.0,1.19,0.0,0.0,4940.67
98.84,0.0,0.0,1.16,0.0,0.0,4942.0
98.85,0.0,0.0,1.15,0.0,0.0,4942.67
98.86,0.0,0.0,1.14,0.0,0.0,4943.0
98.86,0.0,0.0,1.14,0.0,0.0,4943.0
8.68,63.77,26.41,1.14,0.0,0.0,4943.0
0.64,69.49,28.63,1.14,0.0,0.1,4943.0
0.05,69.92,28.73,1.14,0.0,0.17,4943.0
0.02,69.94,28.65,1.14,0.0,0.25,4943.0
0.01,69.95,28.59,1.14,0.0,0.32,4943.0
0.0,69.95,28.49,1.14,0.0,0.42,4943.0
0.0,69.95,28.41,1.14,0.0,0.51,4943.0
0.0,69.95,28.31,1.14,0.0,0.61,4943.0
0.0,69.95,28.21,1.14,0.0,0.7,4943.0
0.0,69.95,28.13,1.14,0.0,0.79,4943.0
0.0,6.18,28.05,1.14,63.77,0.87,4943.0
0.0,0.46,27.99,1.14,69.49,0.93,4943.0
0.0,0.03,27.92,1.14,69.92,0.99,4943.0
0.0,0.01,27.81,1.14,69.94,1.11,4943.0
0.0,0.0,27.72,1.14,69.95,1.19,4943.0
0.0,0.0,27.61,1.14,69.95,1.31,4943.0
0.0,0.0,27.57,1.14,69.95,1.35,4943.0
0.0,0.0,27.49,1.14,69.95,1.42,4943.0
0.0,0.0,27.43,1.14,69.95,1.48,4943.0
0.0,0.0,27.36,1.14,69.95,1.55,4943.0
0.0,0.0,27.32,1.14,69.95,1.59,4943.0
0.0,0.0,2.39,1.14,94.82,1.65,4943.0
0.0,0.0,0.18,1.14,97.03,1.65,4943.0
0.0,0.0,0.02,1.14,97.19,1.65,4943.0
0.0,0.0,0.01,1.14,97.19,1.65,4943.0
0.0,0.0,0.01,1.14,97.2,1.65,4943.0
0.0,0.0,0.0,1.14,97.21,1.65,4943.0
0.0,0.0,0.0,1.14,97.21,1.65,4943.0
0.0,0.0,0.0,1.14,97.21,1.65,4943.0
0.0,0.0,0.0,1.14,97.21,1.65,4943.0
0.0,0.0,0.0,1.14,97.21,1.65,4943.0
0.0,0.0,0.0,1.14,97.21,1.65,4943.0
0.0,0.0,0.0,1.14,97.21,1.65,4943.0
0.0,0.0,0.0,1.14,97.21,1.65,4943.0
0.0,0.0,0.0,1.14,97.21,1.65,4943.0
0.0,0.0,0.0,1.14,97.21,1.65,4943.0
0.0,0.0,0.0,1.14,97.21,1.65,4943.0
0.0,0.0,0.0,1.14,97.21,1.65,4943.0
0.0,0.0,0.0,1.14,97.21,1.65,4943.0
0.0,0.0,0.0,1.14,97.21,1.65,4943.0
0.0,0.0,0.0,1.14,97.21,1.65,4943.0
0.0,0.0,0.0,1.14,97.21,1.65,4943.0
0.0,0.0,0.0,1.14,97.21,1.65,4943.0
0.0,0.0,0.0,1.14,97.21,1.65,4943.0
0.0,0.0,0.0,1.14,97.21,1.65,4943.0
0.0,0.0,0.0,1.14,97.21,1.65,4943.0
0.0,0.0,0.0,1.14,97.21,1.65,4943.0
0.0,0.0,0.0,1.14,97.21,1.65,4943.0
0.0,0.0,0.0,1.14,97.21,1.65,4943.0
0.0,0.0,0.0,1.14,97.21,1.65,4943.0
0.0,0.0,0.0,1.14,97.21,1.65,4943.0
0.0,0.0,0.0,1.14,97.21,1.65,4943.0
0.0,0.0,0.0,1.14,97.21,1.65,4943.0
0.0,0.0,0.0,1.14,97.21,1.65,4943.0
0.0,0.0,0.0,1.14,97.21,1.65,4943.0
0.0,0.0,0.0,1.14,97.21,1.65,4943.0
0.0,0.0,0.0,1.14,97.21,1.65,4943.0
0.0,0.0,0.0,1.14,97.21,1.65,4943.0
0.0,0.0,0.0,1.14,97.21,1.65,4943.0
0.0,0.0,0.0,1.14,97.21,1.65,4943.0
0.0,0.0,0.0,1.14,97.21,1.65,4943.0
0.0,0.0,0.0,1.14,97.21,1.65,4943.0
0.0,0.0,0.0,1.14,97.21,1.65,4943.0
0.0,0.0,0.0,1.14,97.21,1.65,4943.0
0.0,0.0,0.0,1.14,97.21,1.65,4943.0
0.0,0.0,0.0,1.14,97.21,1.65,4943.0
0.0,0.0,0.0,1.14,97.21,1.65,4943.0
0.0,0.0,0.0,1.14,97.21,1.65,4943.0
0.0,0.0,0.0,1.14,97.21,1.65,4943.0
0.0,0.0,0.0,1.14,97.21,1.65,4943.0
0.0,0.0,0.0,1.14,97.21,1.65,4943.0
0.0,0.0,0.0,1.14,97.21,1.65,4943.0
0.0,0.0,0.0,1.14,97.21,1.65,4943.0
0.0,0.0,0.0,1.14,97.21,1.65,4943.0
0.0,0.0,0.0,1.14,97.21,1.65,4943.0
0.0,0.0,0.0,1.14,97.21,1.65,4943.0
0.0,0.0,0.0,1.14,97.21,1.65,4943.0
0.0,0.0,0.0,1.14,97.21,1.65,4943.0
0.0,0.0,0.0,1.14,97.21,1.65,4943.0
0.0,0.0,0.0,1.14,97.21,1.65,4943.0
0.0,0.0,0.0,1.14,97.21,1.65,4943.0
0.0,0.0,0.0,1.14,97.21,1.65,4943.0
0.0,0.0,0.0,1.14,97.21,1.65,4943.0
0.0,0.0,0.0,1.14,97.21,1.65,4943.0
0.0,0.0,0.0,1.14,97.21,1.65,4943.0
0.0,0.0,0.0,1.14,97.21,1.65,4943.0
0.0,0.0,0.0,1.14,97.21,1.65,4943.0
0.0,0.0,0.0,1.14,97.21,1.65,4943.0
0.0,0.0,0.0,1.14,97.21,1.65,4943.0
0.0,0.0,0.0,1.14,97.21,1.65,4943.0
0.0,0.0,0.0,1.14,97.21,1.65,4943.0
0.0,0.0,0.0,1.14,97.21,1.65,4943.0
0.0,0.0,0.0,1.14,97.21,1.65,4943.0
0.0,0.0,0.0,1.14,97.21,1.65,4943.0
0.0,0.0,0.0,1.14,97.21,1.65,4943.0
0.0,0.0,0.0,1.14,97.21,1.65,4943.0
0.0,0.0,0.0,1.14,97.21,1.65,4943.0
0.0,0.0,0.0,1.14,97.21,1.65,4943.0
0.0,0.0,0.0,1.14,97.21,1.65,4943.0
0.0,0.0,0.0,1.14,97.21,1.65,4943.0
0.0,0.0,0.0,1.14,97.21,1.65,4943.0
0.0,0.0,0.0,1.14,97.21,1.65,4943.0
0.0,0.0,0.0,1.14,97.21,1.65,4943.0
0.0,0.0,0.0,1.14,97.21,1.65,4943.0
0.0,0.0,0.0,1.14,97.21,1.65,4943.0
0.0,0.0,0.0,1.14,97.21,1.65,4943.0
0.0,0.0,0.0,1.14,97.21,1.65,4943.0
0.0,0.0,0.0,1.14,97.21,1.65,4943.0
0.0,0.0,0.0,1.14,97.21,1.65,4943.0
0.0,0.0,0.0,1.14,97.21,1.65,4943.0
0.0,0.0,0.0,1.14,97.21,1.65,4943.0
0.0,0.0,0.0,1.14,97.21,1.65,4943.0
0.0,0.0,0.0,1.14,97.21,1.65,4943.0
0.0,0.0,0.0,1.14,97.21,1.65,4943.0
0.0,0.0,0.0,1.14,97.21,1.65,4943.0
0.0,0.0,0.0,1.14,97.21,1.65,4943.0
0.0,0.0,0.0,1.14,97.21,1.65,4943.0
0.0,0.0,0.0,1.14,97.21,1.65,4943.0
0.0,0.0,0.0,1.14,97.21,1.65,4943.0
0.0,0.0,0.0,1.14,97.21,1.65,4943.0
0.0,0.0,0.0,1.14,97.21,1.65,4943.0
0.0,0.0,0.0,1.14,97.21,1.65,4943.0
0.0,0.0,0.0,1.14,97.21,1.65,4943.0
0.0,0.0,0.0,1.14,97.21,1.65,4943.0
0.0,0.0,0.0,1.14,97.21,1.65,4943.0
0.0,0.0,0.0,1.14,97.21,1.65,4943.0
0.0,0.0,0.0,1.14,97.21,1.65,4943.0
0.0,0.0,0.0,1.14,97.21,1.65,4943.0
0.0,0.0,0.0,1.14,97.21,1.65,4943.0
0.0,0.0,0.0,1.14,97.21,1.65,4943.0
0.0,0.0,0.0,1.14,97.21,1.65,4943.0
0.0,0.0,0.0,1.14,97.21,1.65,4943.0
0.0,0.0,0.0,1.14,97.21,1.65,4943.0
0.0,0.0,0.0,1.14,97.21,1.65,4943.0
0.0,0.0,0.0,1.14,97.21,1.65,4943.0
0.0,0.0,0.0,1.14,97.21,1.65,4943.0
0.0,0.0,0.0,1.14,97.21,1.65,4943.0
0.0,0.0,0.0,1.14,97.21,1.65,4943.0
0.0,0.0,0.0,1.14,97.21,1.65,4943.0
0.0,0.0,0.0,1.14,97.21,1.65,4943.0
0.0,0.0,0.0,1.14,97.21,1.65,4943.0
0.0,0.0,0.0,1.14,97.21,1.65,4943.0
0.0,0.0,0.0,1.14,97.21,1.65,4943.0
0.0,0.0,0.0,1.14,97.21,1.65,4943.0
0.0,0.0,0.0,1.14,97.21,1.65,4943.0
0.0,0.0,0.0,1.14,97.21,1.65,4943.0
0.0,0.0,0.0,1.14,97.21,1.65,4943.0
0.0,0.0,0.0,1.14,97.21,1.65,4943.0
0.0,0.0,0.0,1.14,97.21,1.65,4943.0
0.0,0.0,0.0,1.14,97.21,1.65,4943.0
0.0,0.0,0.0,1.14,97.21,1.65,4943.0
0.0,0.0,0.0,1.14,97.21,1.65,4943.0
0.0,0.0,0.0,1.14,97.21,1.65,4943.0
0.0,0.0,0.0,1.14,97.21,1.65,4943.0
0.0,0.0,0.0,1.14,97.21,1.65,4943.0
0.0,0.0,0.0,1.14,97.21,1.65,4943.0
0.0,0.0,0.0,1.14,97.21,1.65,4943.0
0.0,0.0,0.0,1.14,97.21,1.65,4943.0
0.0,0.0,0.0,1.14,97.21,1.65,4943.0
0.0,0.0,0.0,1.14,97.21,1.65,4943.0
0.0,0.0,0.0,1.14,97.21,1.65,4943.0
0.0,0.0,0.0,1.14,97.21,1.65,4943.0
0.0,0.0,0.0,1.14,97.21,1.65,4943.0
0.0,0.0,0.0,1.14,97.21,1.65,4943.0
0.0,0.0,0.0,1.14,97.21,1.65,4943.0
0.0,0.0,0.0,1.14,97.21,1.65,4943.0
0.0,0.0,0.0,1.14,97.21,1.65,4943.0
0.0,0.0,0.0,1.14,97.21,1.65,4943.0
0.0,0.0,0.0,1.14,97.21,1.65,4943.0
0.0,0.0,0.0,1.14,97.21,1.65,4943.0
0.0,0.0,0.0,1.14,97.21,1.65,4943.0
0.0,0.0,0.0,1.14,97.21,1.65,4943.0
0.0,0.0,0.0,1.14,97.21,1.65,4943.0
0.0,0.0,0.0,1.14,97.21,1.65,4943.0
0.0,0.0,0.0,1.14,97.21,1.65,4943.0
0.0,0.0,0.0,1.14,97.21,1.65,4943.0
0.0,0.0,0.0,1.14,97.21,1.65,4943.0
0.0,0.0,0.0,1.14,97.21,1.65,4943.0
0.0,0.0,0.0,1.14,97.21,1.65,4943.0
0.0,0.0,0.0,1.14,97.21,1.65,4943.0
0.0,0.0,0.0,1.14,97.21,1.65,4943.0
0.0,0.0,0.0,1.14,97.21,1.65,4943.0
0.0,0.0,0.0,1.14,97.21,1.65,4943.0
0.0,0.0,0.0,1.14,97.21,1.65,4943.0
0.0,0.0,0.0,1.14,97.21,1.65,4943.0
0.0,0.0,0.0,1.14,97.21,1.65,4943.0
0.0,0.0,0.0,1.14,97.21,1.65,4943.0
0.0,0.0,0.0,1.14,97.21,1.65,4943.0
0.0,0.0,0.0,1.14,97.21,1.65,4943.0
0.0,0.0,0.0,1.14,97.21,1.65,4943.0
0.0,0.0,0.0,1.14,97.21,1.65,4943.0
0.0,0.0,0.0,1.14,97.21,1.65,4943.0
0.0,0.0,0.0,1.14,97.21,1.65,4943.0