incubando,i_mild,i_grave,susceptibles,recuperados,muertos,infectados_totales
0.01,0.0,0.0,99.99,0.0,0.0,6.0
0.02,0.0,0.0,99.98,0.0,0.0,17.4
0.03,0.0,0.0,99.97,0.0,0.0,27.8
0.05,0.0,0.0,99.95,0.0,0.0,40.2
0.06,0.0,0.0,99.94,0.0,0.0,51.2
0.08,0.0,0.0,99.92,0.0,0.0,73.2
0.1,0.0,0.0,99.9,0.0,0.0,89.4
0.12,0.0,0.0,99.87,0.0,0.0,111.0
0.12,0.01,0.01,99.86,0.0,0.0,125.4
0.15,0.02,0.01,99.82,0.0,0.0,158.8
0.17,0.03,0.01,99.79,0.0,0.0,184.8
0.2,0.04,0.01,99.74,0.0,0.0,224.0
0.22,0.06,0.02,99.69,0.0,0.0,267.8
0.27,0.08,0.03,99.63,0.0,0.0,321.8
0.34,0.09,0.04,99.53,0.0,0.0,410.6
0.45,0.1,0.04,99.41,0.0,0.0,517.6
0.54,0.13,0.05,99.28,0.0,0.0,628.2
0.66,0.15,0.06,99.13,0.0,0.0,761.4
0.81,0.17,0.07,98.93,0.01,0.0,934.4
1.0,0.2,0.08,98.69,0.02,0.0,1140.6
1.21,0.23,0.1,98.42,0.03,0.0,1379.4
1.41,0.29,0.14,98.12,0.04,0.0,1640.4
1.68,0.35,0.17,97.73,0.06,0.0,1987.4
2.02,0.43,0.21,97.26,0.08,0.01,2390.8
2.37,0.52,0.25,96.75,0.09,0.01,2836.2
2.75,0.65,0.31,96.18,0.1,0.01,3338.0
3.17,0.79,0.37,95.52,0.13,0.01,3913.0
3.76,0.97,0.45,94.66,0.15,0.01,4663.4
4.33,1.15,0.53,93.8,0.19,0.01,5419.8
5.04,1.4,0.64,92.68,0.22,0.01,6394.2
5.78,1.68,0.77,91.49,0.27,0.01,7439.4
6.82,1.98,0.91,89.94,0.34,0.01,8794.2
8.02,2.3,1.07,88.16,0.43,0.02,10342.0
9.29,2.67,1.26,86.23,0.53,0.02,12030.6
10.59,3.17,1.5,84.07,0.64,0.03,13920.4
12.13,3.65,1.74,81.67,0.79,0.03,16017.8
13.64,4.26,2.07,79.04,0.96,0.04,18314.0
15.33,4.91,2.4,76.16,1.17,0.04,20832.4
16.9,5.78,2.85,73.03,1.39,0.05,23565.8
18.36,6.74,3.35,69.8,1.69,0.06,26388.4
19.71,7.8,3.87,66.52,2.03,0.07,29252.2
21.09,8.99,4.46,62.98,2.41,0.08,32347.8
22.21,10.27,5.12,59.46,2.84,0.09,35421.2
23.09,11.68,5.83,55.95,3.34,0.1,38489.4
23.62,13.1,6.63,52.54,3.99,0.12,41469.4
23.89,14.68,7.5,49.14,4.64,0.14,44441.0
23.99,16.21,8.35,45.81,5.47,0.17,47353.8
23.86,17.68,9.22,42.66,6.38,0.19,50104.0
23.46,19.09,10.18,39.52,7.53,0.22,52846.0
22.94,20.31,11.1,36.52,8.87,0.25,55470.6
22.22,21.42,11.98,33.73,10.36,0.29,57904.8
21.33,22.27,12.84,31.21,12.03,0.33,60111.6
20.29,22.97,13.66,28.85,13.87,0.36,62174.6
19.16,23.44,14.45,26.65,15.89,0.41,64093.2
18.02,23.65,15.13,24.65,18.1,0.46,65845.8
16.74,23.7,15.75,22.78,20.53,0.5,67477.4
15.36,23.52,16.34,21.16,23.07,0.55,68892.2
14.04,23.18,16.78,19.7,25.71,0.6,70169.8
12.93,22.48,17.15,18.28,28.51,0.65,71412.0
11.74,21.67,17.33,17.1,31.44,0.71,72435.4
10.67,20.73,17.45,15.99,34.41,0.76,73413.0
9.66,19.75,17.47,14.99,37.33,0.81,74285.2
8.62,18.66,17.39,14.16,40.3,0.86,75007.6
7.74,17.47,17.15,13.42,43.31,0.91,75653.8
6.86,16.29,16.8,12.83,46.25,0.97,76168.0
6.02,15.05,16.36,12.25,49.3,1.02,76675.2
5.36,13.75,15.78,11.74,52.3,1.07,77118.4
4.68,12.54,15.21,11.31,55.15,1.12,77502.0
4.05,11.45,14.58,10.94,57.82,1.16,77822.0
3.51,10.35,13.78,10.65,60.5,1.2,78077.6
3.05,9.33,12.99,10.37,63.02,1.25,78318.6
2.69,8.32,12.17,10.14,65.4,1.29,78516.8
2.28,7.42,11.35,9.98,67.65,1.32,78664.2
1.91,6.62,10.53,9.83,69.74,1.36,78790.6
1.6,5.89,9.7,9.71,71.72,1.39,78900.2
1.33,5.14,8.92,9.6,73.58,1.43,78988.2
1.12,4.52,8.14,9.53,75.24,1.45,79055.0
0.9,3.93,7.37,9.47,76.84,1.48,79104.6
0.72,3.4,6.66,9.43,78.29,1.5,79144.0
0.58,2.94,6.0,9.39,79.56,1.52,79171.6
0.47,2.52,5.38,9.36,80.73,1.54,79204.6
0.38,2.2,4.8,9.33,81.74,1.56,79229.6
0.29,1.86,4.26,9.31,82.7,1.57,79242.6
0.23,1.56,3.74,9.3,83.58,1.59,79254.8
0.18,1.29,3.31,9.29,84.33,1.6,79264.8
0.15,1.07,2.93,9.28,84.97,1.61,79272.8
0.12,0.88,2.53,9.28,85.58,1.61,79275.8
0.08,0.72,2.21,9.27,86.09,1.62,79278.8
0.06,0.58,1.9,9.27,86.57,1.63,79281.8
0.05,0.47,1.61,9.27,86.97,1.63,79284.8
0.04,0.38,1.38,9.26,87.3,1.64,79285.8
0.03,0.3,1.17,9.26,87.6,1.64,79286.8
0.02,0.23,1.0,9.26,87.84,1.64,79286.8
0.01,0.18,0.84,9.26,88.06,1.65,79286.8
0.01,0.14,0.69,9.26,88.24,1.65,79286.8
0.01,0.11,0.57,9.26,88.4,1.65,79286.8
0.0,0.09,0.46,9.26,88.53,1.65,79286.8
0.0,0.07,0.39,9.26,88.63,1.65,79287.8
0.0,0.05,0.3,9.26,88.73,1.65,79287.8
0.0,0.04,0.24,9.26,88.8,1.66,79287.8
0.0,0.03,0.19,9.26,88.86,1.66,79287.8
0.0,0.02,0.15,9.26,88.91,1.66,79287.8
0.0,0.01,0.12,9.26,88.95,1.66,79287.8
0.0,0.01,0.09,9.26,88.98,1.66,79287.8
0.0,0.01,0.07,9.26,89.0,1.66,79287.8
0.0,0.0,0.06,9.26,89.02,1.66,79287.8
0.0,0.0,0.04,9.26,89.04,1.66,79287.8
0.0,0.0,0.03,9.26,89.04,1.66,79287.8
0.0,0.0,0.02,9.26,89.06,1.66,79287.8
0.0,0.0,0.02,9.26,89.06,1.66,79287.8
0.0,0.0,0.01,9.26,89.07,1.66,79287.8
0.0,0.0,0.01,9.26,89.07,1.66,79287.8
0.0,0.0,0.01,9.26,89.07,1.66,79287.8
0.0,0.0,0.0,9.26,89.07,1.66,79287.8
0.0,0.0,0.0,9.26,89.08,1.66,79287.8
0.0,0.0,0.0,9.26,89.08,1.66,79287.8
0.0,0.0,0.0,9.26,89.08,1.66,79287.8
0.0,0.0,0.0,9.26,89.08,1.66,79287.8
0.0,0.0,0.0,9.26,89.08,1.66,79287.8
0.0,0.0,0.0,9.26,89.08,1.66,79287.8
0.0,0.0,0.0,9.26,89.08,1.66,79287.8
0.0,0.0,0.0,9.26,89.08,1.66,79287.8
0.0,0.0,0.0,9.26,89.08,1.66,79287.8
0.0,0.0,0.0,9.26,89.08,1.66,79287.8
0.0,0.0,0.0,9.26,89.08,1.66,79287.8
0.0,0.0,0.0,9.26,89.08,1.66,79287.8
0.0,0.0,0.0,9.26,89.08,1.66,79287.8
0.0,0.0,0.0,9.26,89.08,1.66,79287.8
0.0,0.0,0.0,9.26,89.08,1.66,79287.8
0.0,0.0,0.0,9.26,89.08,1.66,79287.8
0.0,0.0,0.0,9.26,89.08,1.66,79287.8
0.0,0.0,0.0,9.26,89.08,1.66,79287.8
0.0,0.0,0.0,9.26,89.08,1.66,79287.8
0.0,0.0,0.0,9.26,89.08,1.66,79287.8
0.0,0.0,0.0,9.26,89.08,1.66,79287.8
0.0,0.0,0.0,9.26,89.08,1.66,79287.8
0.0,0.0,0.0,9.26,89.08,1.66,79287.8
0.0,0.0,0.0,9.26,89.08,1.66,79287.8
0.0,0.0,0.0,9.26,89.08,1.66,79287.8
0.0,0.0,0.0,9.26,89.08,1.66,79287.8
0.0,0.0,0.0,9.26,89.08,1.66,79287.8
0.0,0.0,0.0,9.26,89.08,1.66,79287.8
0.0,0.0,0.0,9.26,89.08,1.66,79287.8
0.0,0.0,0.0,9.26,89.08,1.66,79287.8
0.0,0.0,0.0,9.26,89.08,1.66,79287.8
0.0,0.0,0.0,9.26,89.08,1.66,79287.8
0.0,0.0,0.0,9.26,89.08,1.66,79287.8
0.0,0.0,0.0,9.26,89.08,1.66,79287.8
0.0,0.0,0.0,9.26,89.08,1.66,79287.8
0.0,0.0,0.0,9.26,89.08,1.66,79287.8
0.0,0.0,0.0,9.26,89.08,1.66,79287.8
0.0,0.0,0.0,9.26,89.08,1.66,79287.8
0.0,0.0,0.0,9.26,89.08,1.66,79287.8
0.0,0.0,0.0,9.26,89.08,1.66,79287.8
0.0,0.0,0.0,9.26,89.08,1.66,79287.8
0.0,0.0,0.0,9.26,89.08,1.66,79287.8
0.0,0.0,0.0,9.26,89.08,1.66,79287.8
0.0,0.0,0.0,9.26,89.08,1.66,79287.8
0.0,0.0,0.0,9.26,89.08,1.66,79287.8
0.0,0.0,0.0,9.26,89.08,1.66,79287.8
0.0,0.0,0.0,9.26,89.08,1.66,79287.8
0.0,0.0,0.0,9.26,89.08,1.66,79287.8
0.0,0.0,0.0,9.26,89.08,1.66,79287.8
0.0,0.0,0.0,9.26,89.08,1.66,79287.8
0.0,0.0,0.0,9.26,89.08,1.66,79287.8
0.0,0.0,0.0,9.26,89.08,1.66,79287.8
0.0,0.0,0.0,9.26,89.08,1.66,79287.8
0.0,0.0,0.0,9.26,89.08,1.66,79287.8
0.0,0.0,0.0,9.26,89.08,1.66,79287.8
0.0,0.0,0.0,9.26,89.08,1.66,79287.8
0.0,0.0,0.0,9.26,89.08,1.66,79287.8
0.0,0.0,0.0,9.26,89.08,1.66,79287.8
0.0,0.0,0.0,9.26,89.08,1.66,79287.8
0.0,0.0,0.0,9.26,89.08,1.66,79287.8
0.0,0.0,0.0,9.26,89.08,1.66,79287.8
0.0,0.0,0.0,9.26,89.08,1.66,79287.8
0.0,0.0,0.0,9.26,89.08,1.66,79287.8
0.0,0.0,0.0,9.26,89.08,1.66,79287.8
0.0,0.0,0.0,9.26,89.08,1.66,79287.8
0.0,0.0,0.0,9.26,89.08,1.66,79287.8
0.0,0.0,0.0,9.26,89.08,1.66,79287.8
0.0,0.0,0.0,9.26,89.08,1.66,79287.8
0.0,0.0,0.0,9.26,89.08,1.66,79287.8
0.0,0.0,0.0,9.26,89.08,1.66,79287.8
0.0,0.0,0.0,9.26,89.08,1.66,79287.8
0.0,0.0,0.0,9.26,89.08,1.66,79287.8
0.0,0.0,0.0,9.26,89.08,1.66,79287.8
0.0,0.0,0.0,9.26,89.08,1.66,79287.8
0.0,0.0,0.0,9.26,89.08,1.66,79287.8
0.0,0.0,0.0,9.26,89.08,1.66,79287.8
0.0,0.0,0.0,9.26,89.08,1.66,79287.8
0.0,0.0,0.0,9.26,89.08,1.66,79287.8
0.0,0.0,0.0,9.26,89.08,1.66,79287.8
0.0,0.0,0.0,9.26,89.08,1.66,79287.8
0.0,0.0,0.0,9.26,89.08,1.66,79287.8
0.0,0.0,0.0,9.26,89.08,1.66,79287.8
0.0,0.0,0.0,9.26,89.08,1.66,79287.8
0.0,0.0,0.0,9.26,89.08,1.66,79287.8
0.0,0.0,0.0,9.26,89.08,1.66,79287.8
0.0,0.0,0.0,9.26,89.08,1.66,79287.8