incubando,i_mild,i_grave,susceptibles,recuperados,muertos,infectados_totales
0.01,0.0,0.0,99.99,0.0,0.0,4.0
0.01,0.0,0.0,99.99,0.0,0.0,5.8
0.01,0.0,0.0,99.99,0.0,0.0,5.8
0.01,0.0,0.0,99.99,0.0,0.0,9.4
0.02,0.0,0.0,99.98,0.0,0.0,11.2
0.02,0.0,0.0,99.98,0.0,0.0,11.4
0.02,0.0,0.0,99.98,0.0,0.0,13.2
0.03,0.0,0.0,99.96,0.0,0.0,24.4
0.04,0.01,0.0,99.95,0.0,0.0,30.2
0.06,0.01,0.0,99.94,0.0,0.0,42.6
0.07,0.01,0.0,99.91,0.0,0.0,56.8
0.08,0.01,0.0,99.9,0.0,0.0,67.2
0.13,0.01,0.0,99.85,0.0,0.0,100.4
0.16,0.01,0.01,99.82,0.0,0.0,116.6
0.16,0.03,0.01,99.8,0.0,0.0,132.8
0.18,0.03,0.01,99.78,0.0,0.0,147.2
0.19,0.05,0.02,99.75,0.0,0.0,166.0
0.22,0.06,0.02,99.69,0.0,0.0,205.4
0.29,0.07,0.03,99.61,0.01,0.0,256.6
0.31,0.11,0.04,99.54,0.01,0.0,303.8
0.34,0.12,0.04,99.48,0.01,0.0,342.8
0.38,0.13,0.05,99.42,0.01,0.0,383.6
0.46,0.15,0.06,99.31,0.01,0.0,455.4
0.55,0.17,0.07,99.2,0.01,0.0,534.6
0.6,0.2,0.08,99.09,0.03,0.0,605.0
0.7,0.24,0.11,98.91,0.03,0.0,721.8
0.96,0.28,0.13,98.58,0.05,0.0,941.8
1.27,0.31,0.14,98.22,0.06,0.0,1183.6
1.63,0.34,0.16,97.79,0.08,0.0,1464.8
2.06,0.38,0.19,97.26,0.11,0.0,1823.4
2.63,0.45,0.22,96.57,0.13,0.0,2279.8
3.31,0.51,0.25,95.78,0.15,0.01,2804.2
4.04,0.62,0.29,94.87,0.16,0.01,3404.8
4.76,0.83,0.39,93.82,0.18,0.01,4103.6
5.46,1.05,0.5,92.75,0.23,0.01,4813.4
6.28,1.3,0.62,91.52,0.29,0.01,5634.2
7.02,1.62,0.77,90.24,0.34,0.01,6484.4
7.75,2.06,0.97,88.82,0.39,0.01,7425.0
8.49,2.58,1.2,87.29,0.44,0.01,8443.2
9.12,3.13,1.46,85.76,0.52,0.02,9462.8
9.56,3.8,1.74,84.26,0.62,0.02,10455.8
10.15,4.47,2.05,82.6,0.7,0.03,11557.2
10.53,5.22,2.39,80.99,0.83,0.04,12627.8
10.87,5.9,2.75,79.37,1.07,0.04,13703.2
11.09,6.62,3.16,77.74,1.34,0.05,14789.2
11.15,7.41,3.59,76.14,1.65,0.06,15847.0
11.2,8.11,4.01,74.56,2.05,0.07,16899.8
11.33,8.69,4.41,72.93,2.56,0.08,17982.2
11.34,9.31,4.87,71.26,3.13,0.1,19093.6
11.34,9.81,5.32,69.66,3.77,0.11,20158.0
11.33,10.21,5.74,68.04,4.56,0.12,21231.8
11.32,10.62,6.16,66.42,5.34,0.14,22309.0
11.25,10.88,6.58,64.89,6.25,0.15,23322.4
11.24,11.09,6.99,63.32,7.19,0.17,24363.8
11.13,11.25,7.35,61.81,8.28,0.18,25372.6
10.98,11.35,7.72,60.28,9.46,0.21,26384.4
10.83,11.39,8.07,58.82,10.66,0.23,27353.6
10.63,11.48,8.36,57.41,11.87,0.25,28292.6
10.22,11.46,8.61,56.2,13.23,0.28,29098.4
10.02,11.39,8.82,54.87,14.59,0.31,29979.4
9.65,11.35,9.0,53.68,16.0,0.33,30772.0
9.3,11.25,9.15,52.5,17.45,0.35,31552.6
8.77,11.22,9.25,51.51,18.88,0.37,32212.6
8.34,11.14,9.3,50.48,20.33,0.4,32896.4
7.98,10.97,9.35,49.43,21.84,0.43,33596.2
7.75,10.63,9.29,48.45,23.43,0.46,34246.8
7.22,10.45,9.22,47.65,24.98,0.49,34777.6
6.85,10.13,9.12,46.83,26.55,0.52,35320.8
6.39,9.79,9.04,46.11,28.11,0.55,35799.2
6.01,9.42,8.86,45.5,29.63,0.58,36203.2
5.47,9.04,8.69,45.01,31.19,0.6,36530.6
4.93,8.71,8.54,44.49,32.7,0.63,36873.4
4.43,8.3,8.36,44.02,34.24,0.65,37187.0
4.06,7.83,8.15,43.59,35.7,0.68,37471.8
3.59,7.43,7.92,43.24,37.13,0.7,37708.8
3.2,7.08,7.67,42.91,38.42,0.72,37927.8
2.84,6.57,7.36,42.66,39.82,0.75,38090.4
2.55,6.09,7.02,42.46,41.11,0.77,38222.8
2.29,5.64,6.71,42.2,42.37,0.79,38395.6
2.02,5.27,6.39,42.0,43.5,0.81,38527.8
1.76,4.86,6.07,41.84,44.65,0.83,38638.2
1.53,4.38,5.71,41.7,45.82,0.85,38726.8
1.34,3.92,5.37,41.57,46.94,0.86,38814.8
1.2,3.54,5.03,41.46,47.89,0.88,38885.0
1.08,3.1,4.66,41.38,48.88,0.89,38939.2
0.91,2.79,4.32,41.29,49.78,0.91,39003.4
0.79,2.49,4.02,41.21,50.56,0.92,39055.4
0.69,2.26,3.7,41.15,51.28,0.93,39095.6
0.62,1.98,3.38,41.09,51.99,0.94,39135.6
0.52,1.75,3.08,41.05,52.65,0.95,39159.6
0.45,1.52,2.81,41.01,53.24,0.96,39185.6
0.4,1.31,2.54,40.98,53.79,0.97,39205.6
0.34,1.15,2.27,40.95,54.32,0.98,39227.6
0.27,1.03,2.02,40.93,54.75,0.99,39237.6
0.22,0.93,1.81,40.93,55.12,0.99,39241.6
0.17,0.79,1.6,40.92,55.53,0.99,39249.6
0.16,0.68,1.4,40.89,55.88,1.0,39263.6
0.12,0.59,1.24,40.89,56.16,1.0,39263.6
0.1,0.52,1.12,40.89,56.38,1.0,39269.6
0.08,0.45,0.98,40.87,56.62,1.01,39279.6
0.06,0.38,0.85,40.87,56.83,1.01,39279.6
0.06,0.32,0.74,40.86,57.0,1.01,39283.6
0.05,0.27,0.65,40.86,57.15,1.01,39285.6
0.03,0.22,0.56,40.86,57.3,1.01,39285.6
0.04,0.18,0.49,40.86,57.42,1.02,39287.6
0.03,0.14,0.44,40.85,57.51,1.02,39291.6
0.02,0.13,0.37,40.85,57.61,1.02,39291.6
0.02,0.1,0.31,40.85,57.7,1.02,39291.6
0.01,0.09,0.27,40.85,57.76,1.02,39291.6
0.01,0.06,0.23,40.85,57.83,1.02,39291.6
0.01,0.05,0.19,40.85,57.87,1.02,39291.6
0.01,0.05,0.17,40.85,57.9,1.02,39291.6
0.0,0.05,0.15,40.85,57.93,1.02,39291.6
0.0,0.03,0.12,40.85,57.98,1.02,39291.6
0.0,0.03,0.1,40.85,58.0,1.02,39291.6
0.0,0.03,0.08,40.85,58.02,1.02,39291.6
0.0,0.01,0.06,40.85,58.05,1.02,39291.6
0.0,0.01,0.05,40.85,58.06,1.02,39291.6
0.0,0.01,0.04,40.85,58.07,1.02,39291.6
0.0,0.01,0.03,40.85,58.08,1.02,39291.6
0.0,0.01,0.03,40.85,58.09,1.02,39291.6
0.0,0.0,0.02,40.85,58.1,1.02,39291.6
0.0,0.0,0.02,40.85,58.1,1.02,39291.6
0.0,0.0,0.02,40.85,58.11,1.02,39291.6
0.0,0.0,0.01,40.85,58.11,1.02,39291.6
0.0,0.0,0.01,40.85,58.11,1.02,39291.6
0.0,0.0,0.01,40.85,58.12,1.02,39291.6
0.0,0.0,0.0,40.85,58.12,1.02,39291.6
0.0,0.0,0.0,40.85,58.12,1.02,39291.6
0.0,0.0,0.0,40.85,58.12,1.02,39291.6
0.0,0.0,0.0,40.85,58.12,1.02,39291.6
0.0,0.0,0.0,40.85,58.12,1.02,39291.6
0.0,0.0,0.0,40.85,58.12,1.02,39291.6
0.0,0.0,0.0,40.85,58.12,1.02,39291.6
0.0,0.0,0.0,40.85,58.12,1.02,39291.6
0.0,0.0,0.0,40.85,58.12,1.02,39291.6
0.0,0.0,0.0,40.85,58.12,1.02,39291.6
0.0,0.0,0.0,40.85,58.12,1.02,39291.6
0.0,0.0,0.0,40.85,58.12,1.02,39291.6
0.0,0.0,0.0,40.85,58.12,1.02,39291.6
0.0,0.0,0.0,40.85,58.12,1.02,39291.6
0.0,0.0,0.0,40.85,58.12,1.02,39291.6
0.0,0.0,0.0,40.85,58.12,1.02,39291.6
0.0,0.0,0.0,40.85,58.12,1.02,39291.6
0.0,0.0,0.0,40.85,58.12,1.02,39291.6
0.0,0.0,0.0,40.85,58.12,1.02,39291.6
0.0,0.0,0.0,40.85,58.12,1.02,39291.6
0.0,0.0,0.0,40.85,58.12,1.02,39291.6
0.0,0.0,0.0,40.85,58.12,1.02,39291.6
0.0,0.0,0.0,40.85,58.12,1.02,39291.6
0.0,0.0,0.0,40.85,58.12,1.02,39291.6
0.0,0.0,0.0,40.85,58.12,1.02,39291.6
0.0,0.0,0.0,40.85,58.12,1.02,39291.6
0.0,0.0,0.0,40.85,58.12,1.02,39291.6
0.0,0.0,0.0,40.85,58.12,1.02,39291.6
0.0,0.0,0.0,40.85,58.12,1.02,39291.6
0.0,0.0,0.0,40.85,58.12,1.02,39291.6
0.0,0.0,0.0,40.85,58.12,1.02,39291.6
0.0,0.0,0.0,40.85,58.12,1.02,39291.6
0.0,0.0,0.0,40.85,58.12,1.02,39291.6
0.0,0.0,0.0,40.85,58.12,1.02,39291.6
0.0,0.0,0.0,40.85,58.12,1.02,39291.6
0.0,0.0,0.0,40.85,58.12,1.02,39291.6
0.0,0.0,0.0,40.85,58.12,1.02,39291.6
0.0,0.0,0.0,40.85,58.12,1.02,39291.6
0.0,0.0,0.0,40.85,58.12,1.02,39291.6
0.0,0.0,0.0,40.85,58.12,1.02,39291.6
0.0,0.0,0.0,40.85,58.12,1.02,39291.6
0.0,0.0,0.0,40.85,58.12,1.02,39291.6
0.0,0.0,0.0,40.85,58.12,1.02,39291.6
0.0,0.0,0.0,40.85,58.12,1.02,39291.6
0.0,0.0,0.0,40.85,58.12,1.02,39291.6
0.0,0.0,0.0,40.85,58.12,1.02,39291.6
0.0,0.0,0.0,40.85,58.12,1.02,39291.6
0.0,0.0,0.0,40.85,58.12,1.02,39291.6
0.0,0.0,0.0,40.85,58.12,1.02,39291.6
0.0,0.0,0.0,40.85,58.12,1.02,39291.6
0.0,0.0,0.0,40.85,58.12,1.02,39291.6
0.0,0.0,0.0,40.85,58.12,1.02,39291.6
0.0,0.0,0.0,40.85,58.12,1.02,39291.6
0.0,0.0,0.0,40.85,58.12,1.02,39291.6
0.0,0.0,0.0,40.85,58.12,1.02,39291.6
0.0,0.0,0.0,40.85,58.12,1.02,39291.6
0.0,0.0,0.0,40.85,58.12,1.02,39291.6
0.0,0.0,0.0,40.85,58.12,1.02,39291.6
0.0,0.0,0.0,40.85,58.12,1.02,39291.6
0.0,0.0,0.0,40.85,58.12,1.02,39291.6
0.0,0.0,0.0,40.85,58.12,1.02,39291.6
0.0,0.0,0.0,40.85,58.12,1.02,39291.6
0.0,0.0,0.0,40.85,58.12,1.02,39291.6
0.0,0.0,0.0,40.85,58.12,1.02,39291.6
0.0,0.0,0.0,40.85,58.12,1.02,39291.6
0.0,0.0,0.0,40.85,58.12,1.02,39291.6
0.0,0.0,0.0,40.85,58.12,1.02,39291.6
0.0,0.0,0.0,40.85,58.12,1.02,39291.6
0.0,0.0,0.0,40.85,58.12,1.02,39291.6
0.0,0.0,0.0,40.85,58.12,1.02,39291.6
0.0,0.0,0.0,40.85,58.12,1.02,39291.6
0.0,0.0,0.0,40.85,58.12,1.02,39291.6
0.0,0.0,0.0,40.85,58.12,1.02,39291.6