incubando,i_mild,i_grave,susceptibles,recuperados,muertos,infectados_totales
0.01,0.0,0.0,99.99,0.0,0.0,8.0
0.03,0.0,0.0,99.97,0.0,0.0,20.0
0.05,0.0,0.0,99.95,0.0,0.0,31.0
0.06,0.0,0.0,99.94,0.0,0.0,41.0
0.08,0.0,0.0,99.92,0.0,0.0,54.6
0.1,0.0,0.0,99.9,0.0,0.0,67.0
0.12,0.0,0.0,99.88,0.0,0.0,78.8
0.14,0.01,0.0,99.84,0.0,0.0,102.0
0.16,0.02,0.01,99.81,0.0,0.0,127.2
0.19,0.04,0.01,99.76,0.0,0.0,154.4
0.22,0.05,0.01,99.72,0.0,0.0,184.6
0.26,0.06,0.02,99.66,0.0,0.0,223.8
0.3,0.07,0.03,99.6,0.0,0.0,264.6
0.36,0.09,0.03,99.52,0.0,0.0,312.8
0.42,0.12,0.04,99.42,0.0,0.0,377.0
0.51,0.14,0.05,99.3,0.0,0.0,461.2
0.63,0.17,0.06,99.13,0.0,0.0,567.2
0.74,0.19,0.08,98.98,0.01,0.0,667.0
0.87,0.22,0.1,98.79,0.02,0.0,796.2
1.04,0.25,0.11,98.55,0.04,0.0,949.0
1.24,0.29,0.14,98.29,0.05,0.0,1122.4
1.5,0.35,0.17,97.93,0.06,0.0,1358.4
1.77,0.43,0.2,97.52,0.07,0.0,1624.4
2.05,0.53,0.25,97.09,0.09,0.0,1908.8
2.46,0.6,0.3,96.52,0.12,0.0,2281.8
2.94,0.72,0.35,95.85,0.14,0.0,2722.2
3.46,0.86,0.42,95.09,0.17,0.01,3219.6
4.17,1.01,0.49,94.12,0.2,0.01,3856.0
4.91,1.23,0.59,93.02,0.25,0.01,4573.0
5.77,1.47,0.7,91.75,0.3,0.01,5406.2
6.74,1.74,0.81,90.34,0.35,0.01,6327.6
7.82,2.07,0.97,88.7,0.42,0.02,7407.2
8.94,2.45,1.16,86.91,0.52,0.02,8580.8
10.13,2.88,1.37,84.96,0.64,0.02,9856.4
11.37,3.47,1.64,82.74,0.75,0.03,11308.6
12.61,4.11,1.94,80.42,0.9,0.03,12834.6
13.8,4.85,2.29,77.95,1.08,0.04,14447.4
15.11,5.64,2.69,75.24,1.27,0.05,16228.4
16.43,6.54,3.16,72.26,1.54,0.06,18176.6
17.77,7.51,3.67,69.14,1.85,0.06,20223.6
19.17,8.58,4.2,65.79,2.18,0.07,22420.2
20.49,9.76,4.8,62.25,2.61,0.09,24739.4
21.88,10.93,5.45,58.54,3.11,0.1,27172.8
23.2,12.11,6.14,54.75,3.68,0.12,29652.4
24.35,13.34,6.87,50.89,4.42,0.13,32185.0
25.14,14.65,7.68,47.12,5.25,0.15,34652.8
25.83,15.96,8.52,43.31,6.21,0.18,37151.8
26.12,17.35,9.41,39.66,7.25,0.2,39541.2
26.15,18.72,10.33,36.1,8.47,0.23,41876.6
25.92,20.05,11.32,32.61,9.83,0.27,44161.8
25.4,21.31,12.31,29.35,11.33,0.3,46299.6
24.67,22.44,13.31,26.22,13.02,0.34,48350.2
23.67,23.47,14.22,23.46,14.82,0.38,50162.6
22.48,24.47,15.07,20.83,16.73,0.42,51885.0
21.25,25.13,15.88,18.41,18.86,0.47,53467.2
19.84,25.53,16.63,16.26,21.21,0.52,54881.6
18.38,25.77,17.33,14.23,23.71,0.57,56209.6
16.89,25.69,17.9,12.46,26.43,0.62,57369.6
15.36,25.4,18.35,10.87,29.35,0.68,58414.6
14.05,24.75,18.65,9.41,32.4,0.74,59369.6
12.67,23.97,18.85,8.16,35.56,0.8,60188.2
11.4,22.95,18.99,7.02,38.79,0.85,60936.2
10.2,21.83,18.95,6.05,42.05,0.91,61567.2
9.06,20.51,18.86,5.17,45.43,0.97,62145.8
8.01,19.17,18.65,4.45,48.7,1.02,62617.0
7.06,17.8,18.3,3.8,51.95,1.08,63043.6
6.14,16.37,17.87,3.27,55.21,1.14,63395.2
5.39,14.96,17.32,2.77,58.37,1.2,63717.8
4.65,13.54,16.68,2.37,61.5,1.26,63983.2
4.04,12.27,15.96,2.01,64.4,1.31,64214.8
3.45,11.02,15.13,1.72,67.31,1.36,64407.0
2.93,9.83,14.25,1.52,70.07,1.4,64539.8
2.49,8.76,13.32,1.32,72.67,1.45,64672.8
2.1,7.73,12.4,1.16,75.12,1.49,64772.4
1.75,6.84,11.48,1.03,77.38,1.54,64863.0
1.46,6.0,10.56,0.91,79.5,1.57,64937.6
1.18,5.23,9.63,0.83,81.53,1.6,64989.4
0.95,4.56,8.7,0.77,83.38,1.63,65028.6
0.81,3.9,7.82,0.71,85.1,1.66,65071.4
0.65,3.37,7.0,0.67,86.62,1.69,65096.0
0.52,2.85,6.26,0.64,88.01,1.71,65114.0
0.41,2.44,5.58,0.62,89.24,1.73,65129.0
0.31,2.06,4.93,0.6,90.36,1.74,65140.6
0.24,1.73,4.36,0.59,91.32,1.75,65148.6
0.19,1.42,3.79,0.58,92.25,1.77,65154.0
0.13,1.18,3.3,0.57,93.04,1.78,65158.8
0.1,0.95,2.86,0.57,93.73,1.79,65162.0
0.07,0.76,2.45,0.57,94.35,1.79,65162.6
0.05,0.63,2.1,0.57,94.84,1.8,65162.6
0.03,0.5,1.79,0.57,95.3,1.81,65163.2
0.02,0.4,1.51,0.57,95.68,1.81,65163.2
0.02,0.31,1.27,0.57,96.02,1.82,65164.4
0.01,0.24,1.08,0.57,96.29,1.82,65164.4
0.0,0.18,0.9,0.56,96.53,1.82,65165.0
0.0,0.14,0.75,0.56,96.72,1.83,65165.0
0.0,0.1,0.61,0.56,96.89,1.83,65165.0
0.0,0.07,0.5,0.56,97.03,1.83,65165.0
0.0,0.05,0.4,0.56,97.14,1.83,65165.0
0.0,0.04,0.32,0.56,97.24,1.83,65165.0
0.0,0.03,0.27,0.56,97.31,1.84,65165.0
0.0,0.02,0.21,0.56,97.37,1.84,65165.0
0.0,0.01,0.17,0.56,97.42,1.84,65165.0
0.0,0.01,0.13,0.56,97.46,1.84,65165.0
0.0,0.0,0.1,0.56,97.5,1.84,65165.0
0.0,0.0,0.08,0.56,97.52,1.84,65165.0
0.0,0.0,0.06,0.56,97.54,1.84,65165.0
0.0,0.0,0.04,0.56,97.56,1.84,65165.0
0.0,0.0,0.03,0.56,97.57,1.84,65165.0
0.0,0.0,0.02,0.56,97.58,1.84,65165.0
0.0,0.0,0.02,0.56,97.58,1.84,65165.0
0.0,0.0,0.01,0.56,97.59,1.84,65165.0
0.0,0.0,0.01,0.56,97.59,1.84,65165.0
0.0,0.0,0.0,0.56,97.59,1.84,65165.0
0.0,0.0,0.0,0.56,97.59,1.84,65165.0
0.0,0.0,0.0,0.56,97.6,1.84,65165.0
0.0,0.0,0.0,0.56,97.6,1.84,65165.0
0.0,0.0,0.0,0.56,97.6,1.84,65165.0
0.0,0.0,0.0,0.56,97.6,1.84,65165.0
0.0,0.0,0.0,0.56,97.6,1.84,65165.0
0.0,0.0,0.0,0.56,97.6,1.84,65165.0
0.0,0.0,0.0,0.56,97.6,1.84,65165.0
0.0,0.0,0.0,0.56,97.6,1.84,65165.0
0.0,0.0,0.0,0.56,97.6,1.84,65165.0
0.0,0.0,0.0,0.56,97.6,1.84,65165.0
0.0,0.0,0.0,0.56,97.6,1.84,65165.0
0.0,0.0,0.0,0.56,97.6,1.84,65165.0
0.0,0.0,0.0,0.56,97.6,1.84,65165.0
0.0,0.0,0.0,0.56,97.6,1.84,65165.0
0.0,0.0,0.0,0.56,97.6,1.84,65165.0
0.0,0.0,0.0,0.56,97.6,1.84,65165.0
0.0,0.0,0.0,0.56,97.6,1.84,65165.0
0.0,0.0,0.0,0.56,97.6,1.84,65165.0
0.0,0.0,0.0,0.56,97.6,1.84,65165.0
0.0,0.0,0.0,0.56,97.6,1.84,65165.0
0.0,0.0,0.0,0.56,97.6,1.84,65165.0
0.0,0.0,0.0,0.56,97.6,1.84,65165.0
0.0,0.0,0.0,0.56,97.6,1.84,65165.0
0.0,0.0,0.0,0.56,97.6,1.84,65165.0
0.0,0.0,0.0,0.56,97.6,1.84,65165.0
0.0,0.0,0.0,0.56,97.6,1.84,65165.0
0.0,0.0,0.0,0.56,97.6,1.84,65165.0
0.0,0.0,0.0,0.56,97.6,1.84,65165.0
0.0,0.0,0.0,0.56,97.6,1.84,65165.0
0.0,0.0,0.0,0.56,97.6,1.84,65165.0
0.0,0.0,0.0,0.56,97.6,1.84,65165.0
0.0,0.0,0.0,0.56,97.6,1.84,65165.0
0.0,0.0,0.0,0.56,97.6,1.84,65165.0
0.0,0.0,0.0,0.56,97.6,1.84,65165.0
0.0,0.0,0.0,0.56,97.6,1.84,65165.0
0.0,0.0,0.0,0.56,97.6,1.84,65165.0
0.0,0.0,0.0,0.56,97.6,1.84,65165.0
0.0,0.0,0.0,0.56,97.6,1.84,65165.0
0.0,0.0,0.0,0.56,97.6,1.84,65165.0
0.0,0.0,0.0,0.56,97.6,1.84,65165.0
0.0,0.0,0.0,0.56,97.6,1.84,65165.0
0.0,0.0,0.0,0.56,97.6,1.84,65165.0
0.0,0.0,0.0,0.56,97.6,1.84,65165.0
0.0,0.0,0.0,0.56,97.6,1.84,65165.0
0.0,0.0,0.0,0.56,97.6,1.84,65165.0
0.0,0.0,0.0,0.56,97.6,1.84,65165.0
0.0,0.0,0.0,0.56,97.6,1.84,65165.0
0.0,0.0,0.0,0.56,97.6,1.84,65165.0
0.0,0.0,0.0,0.56,97.6,1.84,65165.0
0.0,0.0,0.0,0.56,97.6,1.84,65165.0
0.0,0.0,0.0,0.56,97.6,1.84,65165.0
0.0,0.0,0.0,0.56,97.6,1.84,65165.0
0.0,0.0,0.0,0.56,97.6,1.84,65165.0
0.0,0.0,0.0,0.56,97.6,1.84,65165.0
0.0,0.0,0.0,0.56,97.6,1.84,65165.0
0.0,0.0,0.0,0.56,97.6,1.84,65165.0
0.0,0.0,0.0,0.56,97.6,1.84,65165.0
0.0,0.0,0.0,0.56,97.6,1.84,65165.0
0.0,0.0,0.0,0.56,97.6,1.84,65165.0
0.0,0.0,0.0,0.56,97.6,1.84,65165.0
0.0,0.0,0.0,0.56,97.6,1.84,65165.0
0.0,0.0,0.0,0.56,97.6,1.84,65165.0
0.0,0.0,0.0,0.56,97.6,1.84,65165.0
0.0,0.0,0.0,0.56,97.6,1.84,65165.0
0.0,0.0,0.0,0.56,97.6,1.84,65165.0
0.0,0.0,0.0,0.56,97.6,1.84,65165.0
0.0,0.0,0.0,0.56,97.6,1.84,65165.0
0.0,0.0,0.0,0.56,97.6,1.84,65165.0
0.0,0.0,0.0,0.56,97.6,1.84,65165.0
0.0,0.0,0.0,0.56,97.6,1.84,65165.0
0.0,0.0,0.0,0.56,97.6,1.84,65165.0
0.0,0.0,0.0,0.56,97.6,1.84,65165.0
0.0,0.0,0.0,0.56,97.6,1.84,65165.0
0.0,0.0,0.0,0.56,97.6,1.84,65165.0
0.0,0.0,0.0,0.56,97.6,1.84,65165.0
0.0,0.0,0.0,0.56,97.6,1.84,65165.0
0.0,0.0,0.0,0.56,97.6,1.84,65165.0
0.0,0.0,0.0,0.56,97.6,1.84,65165.0
0.0,0.0,0.0,0.56,97.6,1.84,65165.0
0.0,0.0,0.0,0.56,97.6,1.84,65165.0
0.0,0.0,0.0,0.56,97.6,1.84,65165.0
0.0,0.0,0.0,0.56,97.6,1.84,65165.0
0.0,0.0,0.0,0.56,97.6,1.84,65165.0
0.0,0.0,0.0,0.56,97.6,1.84,65165.0
0.0,0.0,0.0,0.56,97.6,1.84,65165.0
0.0,0.0,0.0,0.56,97.6,1.84,65165.0