incubando,i_mild,i_grave,susceptibles,recuperados,muertos,infectados_totales
0.01,0.0,0.0,99.99,0.0,0.0,7.0
0.01,0.0,0.0,99.99,0.0,0.0,13.0
0.02,0.0,0.0,99.98,0.0,0.0,19.0
0.02,0.0,0.0,99.98,0.0,0.0,25.0
0.03,0.0,0.0,99.97,0.0,0.0,37.6
0.04,0.0,0.0,99.96,0.0,0.0,40.0
0.05,0.0,0.0,99.95,0.0,0.0,53.4
0.05,0.0,0.0,99.95,0.0,0.0,59.8
0.05,0.01,0.0,99.94,0.0,0.0,70.6
0.06,0.01,0.0,99.92,0.0,0.0,86.6
0.07,0.02,0.01,99.91,0.0,0.0,101.2
0.09,0.02,0.01,99.87,0.0,0.0,140.2
0.13,0.03,0.01,99.83,0.0,0.0,185.0
0.16,0.03,0.01,99.8,0.0,0.0,227.2
0.19,0.04,0.02,99.76,0.0,0.0,268.0
0.25,0.05,0.02,99.69,0.0,0.0,347.2
0.3,0.06,0.02,99.62,0.0,0.0,420.2
0.4,0.06,0.03,99.51,0.0,0.0,546.8
0.46,0.08,0.04,99.42,0.01,0.0,648.0
0.5,0.11,0.05,99.33,0.01,0.0,744.2
0.59,0.13,0.06,99.2,0.02,0.0,886.0
0.7,0.15,0.07,99.06,0.02,0.0,1049.4
0.77,0.2,0.09,98.92,0.03,0.0,1201.4
0.84,0.24,0.11,98.78,0.03,0.0,1358.0
0.89,0.31,0.14,98.62,0.04,0.0,1533.6
0.99,0.37,0.17,98.43,0.05,0.0,1748.4
1.14,0.41,0.2,98.2,0.06,0.0,2005.4
1.31,0.5,0.23,97.89,0.07,0.0,2339.4
1.51,0.57,0.28,97.54,0.09,0.0,2731.2
1.79,0.64,0.32,97.13,0.12,0.01,3184.8
2.15,0.71,0.36,96.62,0.15,0.01,3751.6
2.56,0.8,0.4,96.06,0.18,0.01,4379.4
2.99,0.88,0.45,95.43,0.23,0.01,5075.4
3.34,1.0,0.52,94.86,0.28,0.01,5715.4
3.69,1.13,0.6,94.21,0.36,0.01,6438.6
4.16,1.32,0.69,93.38,0.43,0.01,7358.0
4.64,1.56,0.8,92.5,0.49,0.01,8337.8
5.09,1.83,0.94,91.54,0.58,0.02,9405.2
5.59,2.13,1.11,90.47,0.69,0.02,10589.6
6.11,2.48,1.28,89.32,0.79,0.02,11868.2
6.74,2.78,1.43,88.12,0.9,0.03,13200.6
7.31,3.13,1.61,86.89,1.02,0.03,14561.2
7.74,3.58,1.83,85.64,1.17,0.04,15955.6
8.15,4.03,2.08,84.35,1.35,0.04,17390.4
8.66,4.5,2.34,82.88,1.58,0.05,19022.4
9.0,4.99,2.61,81.47,1.87,0.06,20590.8
9.29,5.51,2.91,80.03,2.19,0.07,22189.0
9.48,5.99,3.23,78.64,2.58,0.07,23730.8
9.84,6.46,3.55,77.06,3.01,0.08,25492.8
10.21,6.9,3.87,75.43,3.5,0.09,27294.8
10.56,7.42,4.19,73.79,3.94,0.11,29126.0
10.72,8.0,4.56,72.16,4.44,0.11,30934.4
10.88,8.41,4.92,70.59,5.08,0.13,32682.0
11.08,8.81,5.29,68.95,5.74,0.14,34499.4
11.26,9.11,5.61,67.38,6.48,0.15,36246.2
11.13,9.48,5.97,65.92,7.32,0.17,37863.4
11.05,9.83,6.33,64.38,8.22,0.19,39577.2
10.79,10.15,6.69,63.0,9.17,0.2,41114.0
10.48,10.44,7.01,61.67,10.17,0.22,42584.2
10.16,10.67,7.29,60.42,11.21,0.24,43975.8
9.68,10.91,7.57,59.27,12.31,0.26,45252.0
9.31,10.96,7.87,58.07,13.51,0.28,46590.2
9.01,10.99,8.1,56.91,14.69,0.3,47876.0
8.44,11.06,8.31,55.94,15.92,0.33,48958.2
8.12,11.05,8.43,54.88,17.16,0.35,50133.8
7.71,10.86,8.53,53.96,18.56,0.38,51153.8
7.33,10.59,8.57,53.09,20.01,0.41,52120.4
6.97,10.24,8.56,52.31,21.5,0.43,52993.2
6.5,9.94,8.56,51.57,22.98,0.45,53811.0
5.92,9.65,8.53,51.0,24.43,0.48,54449.0
5.48,9.17,8.44,50.46,25.94,0.51,55042.0
4.9,8.83,8.38,49.98,27.38,0.53,55583.2
4.43,8.44,8.23,49.53,28.81,0.56,56081.2
3.92,7.97,8.08,49.17,30.28,0.58,56480.2
3.51,7.56,7.87,48.79,31.66,0.61,56895.0
3.1,7.14,7.68,48.47,32.98,0.63,57251.8
2.78,6.67,7.39,48.21,34.29,0.65,57543.0
2.44,6.23,7.09,48.02,35.55,0.68,57756.6
2.16,5.72,6.76,47.81,36.85,0.7,57983.6
1.85,5.22,6.42,47.68,38.12,0.71,58137.6
1.62,4.79,6.07,47.55,39.24,0.74,58280.6
1.38,4.31,5.7,47.41,40.43,0.75,58432.4
1.15,3.9,5.33,47.33,41.52,0.77,58525.0
0.99,3.48,4.99,47.22,42.54,0.79,58639.6
0.84,3.05,4.6,47.18,43.53,0.8,58692.4
0.68,2.67,4.25,47.13,44.44,0.82,58743.0
0.59,2.36,3.92,47.09,45.21,0.83,58791.4
0.49,2.07,3.61,47.06,45.93,0.84,58824.4
0.37,1.82,3.33,47.04,46.58,0.85,58848.6
0.31,1.56,3.01,47.02,47.24,0.86,58866.2
0.24,1.37,2.71,46.99,47.81,0.87,58901.4
0.2,1.14,2.45,46.98,48.35,0.88,58914.6
0.16,0.94,2.16,46.97,48.87,0.89,58925.6
0.13,0.79,1.91,46.96,49.32,0.9,58934.4
0.1,0.67,1.67,46.96,49.69,0.9,58938.8
0.09,0.55,1.46,46.95,50.05,0.91,58945.4
0.08,0.46,1.26,46.94,50.34,0.91,58954.2
0.05,0.39,1.11,46.94,50.59,0.92,58960.8
0.05,0.31,0.97,46.93,50.82,0.92,58967.4
0.04,0.26,0.83,46.93,51.02,0.93,58967.4
0.03,0.19,0.71,46.93,51.21,0.93,58969.6
0.03,0.16,0.61,46.92,51.34,0.93,58976.2
0.03,0.13,0.51,46.92,51.47,0.93,58976.2
0.02,0.11,0.43,46.92,51.59,0.94,58976.2
0.01,0.09,0.36,46.92,51.68,0.94,58976.2
0.01,0.08,0.3,46.92,51.75,0.94,58976.2
0.01,0.06,0.25,46.92,51.82,0.94,58976.2
0.01,0.04,0.21,46.92,51.88,0.94,58976.2
0.0,0.04,0.17,46.92,51.92,0.94,58976.2
0.0,0.03,0.13,46.92,51.97,0.94,58976.2
0.0,0.03,0.11,46.92,52.0,0.94,58976.2
0.0,0.02,0.08,46.92,52.03,0.94,58976.2
0.0,0.02,0.07,46.92,52.05,0.94,58976.2
0.0,0.01,0.06,46.92,52.07,0.94,58976.2
0.0,0.01,0.04,46.92,52.08,0.94,58976.2
0.0,0.01,0.04,46.92,52.09,0.94,58976.2
0.0,0.01,0.03,46.92,52.1,0.94,58976.2
0.0,0.0,0.03,46.92,52.1,0.95,58976.2
0.0,0.0,0.02,46.92,52.12,0.95,58976.2
0.0,0.0,0.01,46.92,52.12,0.95,58976.2
0.0,0.0,0.01,46.92,52.12,0.95,58976.2
0.0,0.0,0.01,46.92,52.12,0.95,58976.2
0.0,0.0,0.01,46.92,52.12,0.95,58976.2
0.0,0.0,0.01,46.92,52.13,0.95,58976.2
0.0,0.0,0.01,46.92,52.13,0.95,58976.2
0.0,0.0,0.0,46.92,52.13,0.95,58976.2
0.0,0.0,0.0,46.92,52.13,0.95,58976.2
0.0,0.0,0.0,46.92,52.13,0.95,58976.2
0.0,0.0,0.0,46.92,52.13,0.95,58976.2
0.0,0.0,0.0,46.92,52.13,0.95,58976.2
0.0,0.0,0.0,46.92,52.13,0.95,58976.2
0.0,0.0,0.0,46.92,52.13,0.95,58976.2
0.0,0.0,0.0,46.92,52.13,0.95,58976.2
0.0,0.0,0.0,46.92,52.13,0.95,58976.2
0.0,0.0,0.0,46.92,52.13,0.95,58976.2
0.0,0.0,0.0,46.92,52.13,0.95,58976.2
0.0,0.0,0.0,46.92,52.13,0.95,58976.2
0.0,0.0,0.0,46.92,52.13,0.95,58976.2
0.0,0.0,0.0,46.92,52.13,0.95,58976.2
0.0,0.0,0.0,46.92,52.13,0.95,58976.2
0.0,0.0,0.0,46.92,52.13,0.95,58976.2
0.0,0.0,0.0,46.92,52.13,0.95,58976.2
0.0,0.0,0.0,46.92,52.13,0.95,58976.2
0.0,0.0,0.0,46.92,52.13,0.95,58976.2
0.0,0.0,0.0,46.92,52.13,0.95,58976.2
0.0,0.0,0.0,46.92,52.13,0.95,58976.2
0.0,0.0,0.0,46.92,52.13,0.95,58976.2
0.0,0.0,0.0,46.92,52.13,0.95,58976.2
0.0,0.0,0.0,46.92,52.13,0.95,58976.2
0.0,0.0,0.0,46.92,52.13,0.95,58976.2
0.0,0.0,0.0,46.92,52.13,0.95,58976.2
0.0,0.0,0.0,46.92,52.13,0.95,58976.2
0.0,0.0,0.0,46.92,52.13,0.95,58976.2
0.0,0.0,0.0,46.92,52.13,0.95,58976.2
0.0,0.0,0.0,46.92,52.13,0.95,58976.2
0.0,0.0,0.0,46.92,52.13,0.95,58976.2
0.0,0.0,0.0,46.92,52.13,0.95,58976.2
0.0,0.0,0.0,46.92,52.13,0.95,58976.2
0.0,0.0,0.0,46.92,52.13,0.95,58976.2
0.0,0.0,0.0,46.92,52.13,0.95,58976.2
0.0,0.0,0.0,46.92,52.13,0.95,58976.2
0.0,0.0,0.0,46.92,52.13,0.95,58976.2
0.0,0.0,0.0,46.92,52.13,0.95,58976.2
0.0,0.0,0.0,46.92,52.13,0.95,58976.2
0.0,0.0,0.0,46.92,52.13,0.95,58976.2
0.0,0.0,0.0,46.92,52.13,0.95,58976.2
0.0,0.0,0.0,46.92,52.13,0.95,58976.2
0.0,0.0,0.0,46.92,52.13,0.95,58976.2
0.0,0.0,0.0,46.92,52.13,0.95,58976.2
0.0,0.0,0.0,46.92,52.13,0.95,58976.2
0.0,0.0,0.0,46.92,52.13,0.95,58976.2
0.0,0.0,0.0,46.92,52.13,0.95,58976.2
0.0,0.0,0.0,46.92,52.13,0.95,58976.2
0.0,0.0,0.0,46.92,52.13,0.95,58976.2
0.0,0.0,0.0,46.92,52.13,0.95,58976.2
0.0,0.0,0.0,46.92,52.13,0.95,58976.2
0.0,0.0,0.0,46.92,52.13,0.95,58976.2
0.0,0.0,0.0,46.92,52.13,0.95,58976.2
0.0,0.0,0.0,46.92,52.13,0.95,58976.2
0.0,0.0,0.0,46.92,52.13,0.95,58976.2
0.0,0.0,0.0,46.92,52.13,0.95,58976.2
0.0,0.0,0.0,46.92,52.13,0.95,58976.2
0.0,0.0,0.0,46.92,52.13,0.95,58976.2
0.0,0.0,0.0,46.92,52.13,0.95,58976.2
0.0,0.0,0.0,46.92,52.13,0.95,58976.2
0.0,0.0,0.0,46.92,52.13,0.95,58976.2
0.0,0.0,0.0,46.92,52.13,0.95,58976.2
0.0,0.0,0.0,46.92,52.13,0.95,58976.2
0.0,0.0,0.0,46.92,52.13,0.95,58976.2
0.0,0.0,0.0,46.92,52.13,0.95,58976.2
0.0,0.0,0.0,46.92,52.13,0.95,58976.2
0.0,0.0,0.0,46.92,52.13,0.95,58976.2
0.0,0.0,0.0,46.92,52.13,0.95,58976.2
0.0,0.0,0.0,46.92,52.13,0.95,58976.2
0.0,0.0,0.0,46.92,52.13,0.95,58976.2
0.0,0.0,0.0,46.92,52.13,0.95,58976.2
0.0,0.0,0.0,46.92,52.13,0.95,58976.2
0.0,0.0,0.0,46.92,52.13,0.95,58976.2
0.0,0.0,0.0,46.92,52.13,0.95,58976.2
0.0,0.0,0.0,46.92,52.13,0.95,58976.2