incubando,i_mild,i_grave,susceptibles,recuperados,muertos,infectados_totales
0.01,0.0,0.0,99.99,0.0,0.0,31.0
0.03,0.0,0.0,99.97,0.0,0.0,84.0
0.05,0.0,0.0,99.95,0.0,0.0,124.8
0.07,0.0,0.0,99.93,0.0,0.0,175.2
0.09,0.0,0.0,99.91,0.0,0.0,248.6
0.13,0.0,0.0,99.87,0.0,0.0,336.4
0.16,0.0,0.0,99.84,0.0,0.0,437.6
0.2,0.01,0.0,99.79,0.0,0.0,558.8
0.24,0.02,0.01,99.73,0.0,0.0,727.8
0.3,0.03,0.01,99.65,0.0,0.0,928.0
0.37,0.05,0.02,99.56,0.0,0.0,1169.4
0.46,0.07,0.03,99.45,0.0,0.0,1466.6
0.56,0.09,0.04,99.31,0.0,0.0,1834.2
0.69,0.12,0.05,99.14,0.0,0.0,2279.0
0.85,0.15,0.06,98.94,0.0,0.0,2821.4
1.04,0.19,0.08,98.69,0.0,0.0,3483.6
1.25,0.25,0.1,98.4,0.0,0.0,4247.8
1.48,0.3,0.13,98.08,0.01,0.0,5104.6
1.74,0.37,0.16,97.7,0.02,0.0,6099.0
2.02,0.45,0.2,97.29,0.03,0.0,7205.2
2.35,0.56,0.25,96.79,0.05,0.0,8530.0
2.74,0.69,0.3,96.2,0.07,0.0,10090.6
3.12,0.84,0.37,95.57,0.09,0.0,11772.0
3.58,1.02,0.46,94.82,0.12,0.01,13765.6
4.17,1.21,0.55,93.91,0.15,0.01,16186.4
4.82,1.43,0.66,92.88,0.19,0.01,18918.6
5.65,1.67,0.78,91.64,0.25,0.01,22222.8
6.56,1.96,0.92,90.23,0.31,0.01,25972.2
7.67,2.3,1.09,88.53,0.39,0.02,30477.4
8.96,2.65,1.26,86.61,0.49,0.02,35585.2
10.4,3.06,1.48,84.42,0.62,0.02,41412.0
11.9,3.55,1.74,82.01,0.77,0.03,47810.8
13.59,4.11,2.02,79.29,0.96,0.03,55030.2
15.37,4.79,2.36,76.26,1.17,0.04,63068.8
17.18,5.56,2.76,73.05,1.41,0.05,71611.2
18.88,6.51,3.23,69.65,1.68,0.06,80652.2
20.62,7.58,3.76,65.98,1.99,0.07,90387.0
22.21,8.77,4.36,62.2,2.37,0.08,100435.8
23.67,10.06,5.03,58.34,2.81,0.09,110696.6
24.85,11.55,5.76,54.44,3.3,0.11,121055.4
25.65,13.15,6.6,50.62,3.86,0.12,131224.2
26.22,14.78,7.48,46.83,4.55,0.15,141287.0
26.54,16.46,8.39,43.11,5.33,0.17,151176.2
26.47,18.16,9.38,39.52,6.28,0.19,160710.4
26.11,19.85,10.37,36.1,7.36,0.22,169806.6
25.52,21.38,11.38,32.82,8.65,0.25,178503.4
24.65,22.79,12.36,29.79,10.13,0.28,186565.6
23.67,23.95,13.32,26.94,11.79,0.32,194127.6
22.51,24.92,14.26,24.32,13.63,0.36,201093.0
21.19,25.61,15.15,21.91,15.73,0.4,207493.4
19.77,26.03,15.97,19.75,18.03,0.45,213251.6
18.31,26.2,16.7,17.79,20.51,0.5,218455.8
16.8,26.1,17.35,16.02,23.18,0.55,223146.0
15.35,25.68,17.9,14.44,26.04,0.6,227347.0
13.87,25.02,18.33,13.08,29.06,0.65,230970.4
12.45,24.14,18.65,11.88,32.19,0.7,234163.0
11.09,23.07,18.83,10.82,35.42,0.76,236972.0
9.84,21.9,18.88,9.9,38.65,0.82,239405.6
8.69,20.61,18.79,9.1,41.93,0.88,241533.6
7.59,19.23,18.59,8.43,45.21,0.94,243312.4
6.6,17.8,18.27,7.84,48.5,0.99,244888.6
5.74,16.32,17.78,7.34,51.78,1.05,246213.6
4.97,14.84,17.2,6.91,54.98,1.1,247356.8
4.27,13.43,16.53,6.55,58.07,1.16,248325.4
3.66,12.06,15.73,6.24,61.11,1.2,249139.6
3.14,10.77,14.89,5.96,63.99,1.25,249886.0
2.68,9.53,13.98,5.75,66.76,1.3,250442.4
2.28,8.42,13.05,5.56,69.36,1.34,250952.4
1.93,7.38,12.11,5.41,71.79,1.38,251346.0
1.63,6.44,11.16,5.29,74.08,1.41,251675.6
1.36,5.58,10.21,5.19,76.22,1.44,251930.4
1.13,4.84,9.29,5.11,78.16,1.48,252148.8
0.92,4.19,8.42,5.04,79.92,1.5,252337.6
0.78,3.59,7.56,4.97,81.57,1.53,252502.8
0.63,3.08,6.78,4.92,83.03,1.55,252633.6
0.53,2.62,6.03,4.88,84.37,1.57,252742.0
0.43,2.23,5.33,4.86,85.57,1.59,252818.8
0.36,1.87,4.68,4.83,86.65,1.61,252893.4
0.3,1.58,4.1,4.81,87.59,1.62,252948.2
0.24,1.32,3.57,4.79,88.43,1.64,252981.8
0.19,1.11,3.09,4.78,89.18,1.65,253012.0
0.15,0.93,2.66,4.77,89.83,1.66,253041.2
0.12,0.76,2.29,4.76,90.4,1.67,253066.2
0.1,0.63,1.95,4.76,90.89,1.67,253085.0
0.08,0.52,1.67,4.75,91.31,1.68,253100.4
0.06,0.43,1.41,4.74,91.67,1.68,253113.2
0.05,0.35,1.19,4.74,91.97,1.69,253123.2
0.04,0.29,1.01,4.74,92.22,1.69,253131.2
0.04,0.24,0.85,4.73,92.44,1.69,253139.2
0.03,0.2,0.72,4.73,92.63,1.7,253140.0
0.02,0.16,0.6,4.73,92.79,1.7,253141.6
0.02,0.13,0.5,4.73,92.93,1.7,253144.8
0.01,0.1,0.42,4.73,93.04,1.7,253145.6
0.01,0.08,0.34,4.73,93.14,1.7,253145.6
0.01,0.06,0.28,4.73,93.22,1.7,253145.6
0.0,0.05,0.23,4.73,93.28,1.7,253146.4
0.0,0.04,0.19,4.73,93.33,1.71,253146.4
0.0,0.03,0.15,4.73,93.38,1.71,253146.4
0.0,0.03,0.13,4.73,93.41,1.71,253146.4
0.0,0.02,0.1,4.73,93.44,1.71,253146.4
0.0,0.01,0.08,4.73,93.46,1.71,253146.4
0.0,0.01,0.07,4.73,93.48,1.71,253146.4
0.0,0.01,0.05,4.73,93.5,1.71,253147.2
0.0,0.01,0.04,4.73,93.51,1.71,253147.2
0.0,0.0,0.04,4.73,93.52,1.71,253147.2
0.0,0.0,0.03,4.73,93.53,1.71,253147.2
0.0,0.0,0.02,4.73,93.54,1.71,253147.2
0.0,0.0,0.02,4.73,93.54,1.71,253147.2
0.0,0.0,0.02,4.73,93.54,1.71,253147.2
0.0,0.0,0.01,4.73,93.55,1.71,253147.2
0.0,0.0,0.01,4.73,93.55,1.71,253147.2
0.0,0.0,0.01,4.73,93.55,1.71,253147.2
0.0,0.0,0.01,4.73,93.55,1.71,253147.2
0.0,0.0,0.0,4.73,93.56,1.71,253147.2
0.0,0.0,0.0,4.73,93.56,1.71,253147.2
0.0,0.0,0.0,4.73,93.56,1.71,253147.2
0.0,0.0,0.0,4.73,93.56,1.71,253147.2
0.0,0.0,0.0,4.73,93.56,1.71,253147.2
0.0,0.0,0.0,4.73,93.56,1.71,253147.2
0.0,0.0,0.0,4.73,93.56,1.71,253147.2
0.0,0.0,0.0,4.73,93.56,1.71,253147.2
0.0,0.0,0.0,4.73,93.56,1.71,253147.2
0.0,0.0,0.0,4.73,93.56,1.71,253147.2
0.0,0.0,0.0,4.73,93.56,1.71,253147.2
0.0,0.0,0.0,4.73,93.56,1.71,253147.2
0.0,0.0,0.0,4.73,93.56,1.71,253147.2
0.0,0.0,0.0,4.73,93.56,1.71,253147.2
0.0,0.0,0.0,4.73,93.56,1.71,253147.2
0.0,0.0,0.0,4.73,93.56,1.71,253147.2
0.0,0.0,0.0,4.73,93.56,1.71,253147.2
0.0,0.0,0.0,4.73,93.56,1.71,253147.2
0.0,0.0,0.0,4.73,93.56,1.71,253147.2
0.0,0.0,0.0,4.73,93.56,1.71,253147.2
0.0,0.0,0.0,4.73,93.56,1.71,253147.2
0.0,0.0,0.0,4.73,93.56,1.71,253147.2
0.0,0.0,0.0,4.73,93.56,1.71,253147.2
0.0,0.0,0.0,4.73,93.56,1.71,253147.2
0.0,0.0,0.0,4.73,93.56,1.71,253147.2
0.0,0.0,0.0,4.73,93.56,1.71,253147.2
0.0,0.0,0.0,4.73,93.56,1.71,253147.2
0.0,0.0,0.0,4.73,93.56,1.71,253147.2
0.0,0.0,0.0,4.73,93.56,1.71,253147.2
0.0,0.0,0.0,4.73,93.56,1.71,253147.2
0.0,0.0,0.0,4.73,93.56,1.71,253147.2
0.0,0.0,0.0,4.73,93.56,1.71,253147.2
0.0,0.0,0.0,4.73,93.56,1.71,253147.2
0.0,0.0,0.0,4.73,93.56,1.71,253147.2
0.0,0.0,0.0,4.73,93.56,1.71,253147.2
0.0,0.0,0.0,4.73,93.56,1.71,253147.2
0.0,0.0,0.0,4.73,93.56,1.71,253147.2
0.0,0.0,0.0,4.73,93.56,1.71,253147.2
0.0,0.0,0.0,4.73,93.56,1.71,253147.2
0.0,0.0,0.0,4.73,93.56,1.71,253147.2
0.0,0.0,0.0,4.73,93.56,1.71,253147.2
0.0,0.0,0.0,4.73,93.56,1.71,253147.2
0.0,0.0,0.0,4.73,93.56,1.71,253147.2
0.0,0.0,0.0,4.73,93.56,1.71,253147.2
0.0,0.0,0.0,4.73,93.56,1.71,253147.2
0.0,0.0,0.0,4.73,93.56,1.71,253147.2
0.0,0.0,0.0,4.73,93.56,1.71,253147.2
0.0,0.0,0.0,4.73,93.56,1.71,253147.2
0.0,0.0,0.0,4.73,93.56,1.71,253147.2
0.0,0.0,0.0,4.73,93.56,1.71,253147.2
0.0,0.0,0.0,4.73,93.56,1.71,253147.2
0.0,0.0,0.0,4.73,93.56,1.71,253147.2
0.0,0.0,0.0,4.73,93.56,1.71,253147.2
0.0,0.0,0.0,4.73,93.56,1.71,253147.2
0.0,0.0,0.0,4.73,93.56,1.71,253147.2
0.0,0.0,0.0,4.73,93.56,1.71,253147.2
0.0,0.0,0.0,4.73,93.56,1.71,253147.2
0.0,0.0,0.0,4.73,93.56,1.71,253147.2
0.0,0.0,0.0,4.73,93.56,1.71,253147.2
0.0,0.0,0.0,4.73,93.56,1.71,253147.2
0.0,0.0,0.0,4.73,93.56,1.71,253147.2
0.0,0.0,0.0,4.73,93.56,1.71,253147.2
0.0,0.0,0.0,4.73,93.56,1.71,253147.2
0.0,0.0,0.0,4.73,93.56,1.71,253147.2
0.0,0.0,0.0,4.73,93.56,1.71,253147.2
0.0,0.0,0.0,4.73,93.56,1.71,253147.2
0.0,0.0,0.0,4.73,93.56,1.71,253147.2
0.0,0.0,0.0,4.73,93.56,1.71,253147.2
0.0,0.0,0.0,4.73,93.56,1.71,253147.2
0.0,0.0,0.0,4.73,93.56,1.71,253147.2
0.0,0.0,0.0,4.73,93.56,1.71,253147.2
0.0,0.0,0.0,4.73,93.56,1.71,253147.2
0.0,0.0,0.0,4.73,93.56,1.71,253147.2
0.0,0.0,0.0,4.73,93.56,1.71,253147.2
0.0,0.0,0.0,4.73,93.56,1.71,253147.2
0.0,0.0,0.0,4.73,93.56,1.71,253147.2
0.0,0.0,0.0,4.73,93.56,1.71,253147.2
0.0,0.0,0.0,4.73,93.56,1.71,253147.2
0.0,0.0,0.0,4.73,93.56,1.71,253147.2
0.0,0.0,0.0,4.73,93.56,1.71,253147.2
0.0,0.0,0.0,4.73,93.56,1.71,253147.2
0.0,0.0,0.0,4.73,93.56,1.71,253147.2
0.0,0.0,0.0,4.73,93.56,1.71,253147.2
0.0,0.0,0.0,4.73,93.56,1.71,253147.2
0.0,0.0,0.0,4.73,93.56,1.71,253147.2
0.0,0.0,0.0,4.73,93.56,1.71,253147.2
0.0,0.0,0.0,4.73,93.56,1.71,253147.2