incubando,i_mild,i_grave,susceptibles,recuperados,muertos,infectados_totales
0.97,0.0,0.0,98.93,0.1,0.0,97.0
1.25,0.0,0.0,98.65,0.1,0.0,125.0
1.36,0.0,0.0,98.54,0.1,0.0,136.0
1.46,0.0,0.0,98.44,0.1,0.0,146.0
1.65,0.0,0.0,98.25,0.1,0.0,164.67
1.84,0.0,0.0,98.06,0.1,0.0,184.33
4.12,0.0,0.0,95.78,0.1,0.0,412.33
4.28,0.71,0.26,94.65,0.1,0.0,524.67
6.77,0.94,0.31,91.88,0.1,0.0,802.0
7.96,1.01,0.35,90.58,0.1,0.0,932.33
8.66,1.1,0.36,89.78,0.1,0.0,1011.67
9.35,1.23,0.41,88.9,0.1,0.0,1099.67
10.02,1.37,0.48,88.03,0.1,0.0,1186.67
10.13,3.0,1.12,85.65,0.1,0.0,1425.33
10.24,3.79,1.45,84.41,0.1,0.0,1549.0
8.37,5.77,2.25,83.51,0.1,0.0,1638.67
9.05,6.66,2.65,81.53,0.1,0.01,1837.33
9.12,6.49,2.89,80.66,0.81,0.02,1923.67
9.23,6.88,3.16,79.67,1.04,0.03,2023.0
9.36,7.45,3.36,78.68,1.11,0.04,2122.33
7.74,9.03,4.08,77.9,1.2,0.05,2199.67
7.12,9.79,4.41,77.29,1.33,0.06,2261.0
7.06,10.3,4.64,76.45,1.47,0.08,2344.67
5.77,10.04,5.24,75.76,3.1,0.09,2414.33
5.47,9.84,5.48,75.19,3.89,0.12,2471.0
6.71,8.51,5.82,72.96,5.87,0.13,2694.33
6.83,8.32,6.1,71.85,6.76,0.14,2805.0
6.67,8.32,6.31,71.24,7.3,0.16,2866.33
6.8,8.15,6.23,70.49,8.16,0.17,2940.67
6.45,8.11,6.4,70.0,8.86,0.18,2990.0
7.25,6.95,6.53,68.51,10.56,0.2,3139.0
8.29,6.45,6.68,66.9,11.46,0.22,3299.67
6.74,7.38,7.25,66.21,12.16,0.25,3368.67
6.22,6.82,7.46,65.63,13.59,0.27,3427.33
6.02,6.66,7.04,65.22,14.79,0.28,3468.0
5.68,6.52,6.92,64.81,15.76,0.3,3509.0
5.55,6.19,6.25,64.45,17.21,0.35,3545.33
4.3,6.73,6.24,64.21,18.15,0.38,3569.0
2.87,7.43,6.45,64.04,18.82,0.39,3586.33
2.34,7.29,6.4,63.87,19.67,0.42,3602.67
1.86,7.22,6.33,63.77,20.39,0.44,3613.33
1.53,7.1,5.79,63.69,21.43,0.46,3620.67
1.85,5.8,5.57,62.96,23.35,0.47,3694.0
1.67,5.27,5.4,62.77,24.4,0.48,3712.67
1.56,5.0,4.89,62.65,25.4,0.5,3724.67
1.45,4.6,4.69,62.58,26.15,0.52,3731.67
1.35,4.35,4.39,62.53,26.85,0.54,3737.33
1.33,3.35,4.16,62.44,28.18,0.55,3746.0
1.28,2.27,3.93,62.41,29.54,0.57,3749.0
0.58,2.33,3.96,62.38,30.17,0.58,3751.67
0.42,2.03,3.77,62.35,30.82,0.6,3755.0
0.32,1.85,3.61,62.33,31.27,0.61,3756.67
0.26,1.61,3.43,62.32,31.74,0.64,3758.0
0.21,1.38,2.82,62.31,32.63,0.65,3758.67
0.13,1.26,2.57,62.31,33.06,0.66,3758.67
0.1,1.18,2.4,62.31,33.34,0.67,3759.33
0.08,1.08,2.19,62.31,33.67,0.68,3759.33
0.04,1.03,2.07,62.31,33.86,0.68,3759.33
0.03,0.98,1.68,62.31,34.32,0.69,3759.33
0.01,0.47,1.25,62.31,35.27,0.69,3759.33
0.01,0.33,1.04,62.31,35.62,0.7,3759.33
0.01,0.24,0.89,62.31,35.86,0.7,3759.33
0.0,0.2,0.77,62.31,36.03,0.7,3759.33
0.0,0.15,0.64,62.31,36.2,0.7,3759.33
0.0,0.11,0.58,62.31,36.3,0.7,3759.33
0.0,0.08,0.5,62.31,36.41,0.71,3759.33
0.0,0.06,0.44,62.31,36.49,0.71,3759.33
0.0,0.03,0.4,62.31,36.55,0.71,3759.33
0.0,0.02,0.37,62.31,36.59,0.71,3759.33
0.0,0.01,0.36,62.31,36.62,0.71,3759.33
0.0,0.0,0.16,62.31,36.82,0.71,3759.33
0.0,0.0,0.12,62.31,36.86,0.71,3759.33
0.0,0.0,0.09,62.31,36.89,0.71,3759.33
0.0,0.0,0.07,62.31,36.91,0.71,3759.33
0.0,0.0,0.07,62.31,36.91,0.71,3759.33
0.0,0.0,0.03,62.31,36.95,0.71,3759.33
0.0,0.0,0.02,62.31,36.96,0.71,3759.33
0.0,0.0,0.02,62.31,36.96,0.71,3759.33
0.0,0.0,0.01,62.31,36.97,0.71,3759.33
0.0,0.0,0.0,62.31,36.98,0.71,3759.33
0.0,0.0,0.0,62.31,36.98,0.71,3759.33
0.0,0.0,0.0,62.31,36.98,0.71,3759.33
0.0,0.0,0.0,62.31,36.98,0.71,3759.33
0.0,0.0,0.0,62.31,36.98,0.71,3759.33
0.0,0.0,0.0,62.31,36.98,0.71,3759.33
0.0,0.0,0.0,62.31,36.98,0.71,3759.33
0.0,0.0,0.0,62.31,36.98,0.71,3759.33
0.0,0.0,0.0,62.31,36.98,0.71,3759.33
0.0,0.0,0.0,62.31,36.98,0.71,3759.33
0.0,0.0,0.0,62.31,36.98,0.71,3759.33
0.0,0.0,0.0,62.31,36.98,0.71,3759.33
0.0,0.0,0.0,62.31,36.98,0.71,3759.33
0.0,0.0,0.0,62.31,36.98,0.71,3759.33
0.0,0.0,0.0,62.31,36.98,0.71,3759.33
0.0,0.0,0.0,62.31,36.98,0.71,3759.33
0.0,0.0,0.0,62.31,36.98,0.71,3759.33
0.0,0.0,0.0,62.31,36.98,0.71,3759.33
0.0,0.0,0.0,62.31,36.98,0.71,3759.33
0.0,0.0,0.0,62.31,36.98,0.71,3759.33
0.0,0.0,0.0,62.31,36.98,0.71,3759.33
0.0,0.0,0.0,62.31,36.98,0.71,3759.33
0.0,0.0,0.0,62.31,36.98,0.71,3759.33
0.0,0.0,0.0,62.31,36.98,0.71,3759.33
0.0,0.0,0.0,62.31,36.98,0.71,3759.33
0.0,0.0,0.0,62.31,36.98,0.71,3759.33
0.0,0.0,0.0,62.31,36.98,0.71,3759.33
0.0,0.0,0.0,62.31,36.98,0.71,3759.33
0.0,0.0,0.0,62.31,36.98,0.71,3759.33
0.0,0.0,0.0,62.31,36.98,0.71,3759.33
0.0,0.0,0.0,62.31,36.98,0.71,3759.33
0.0,0.0,0.0,62.31,36.98,0.71,3759.33
0.0,0.0,0.0,62.31,36.98,0.71,3759.33
0.0,0.0,0.0,62.31,36.98,0.71,3759.33
0.0,0.0,0.0,62.31,36.98,0.71,3759.33
0.0,0.0,0.0,62.31,36.98,0.71,3759.33
0.0,0.0,0.0,62.31,36.98,0.71,3759.33
0.0,0.0,0.0,62.31,36.98,0.71,3759.33
0.0,0.0,0.0,62.31,36.98,0.71,3759.33
0.0,0.0,0.0,62.31,36.98,0.71,3759.33
0.0,0.0,0.0,62.31,36.98,0.71,3759.33
0.0,0.0,0.0,62.31,36.98,0.71,3759.33
0.0,0.0,0.0,62.31,36.98,0.71,3759.33
0.0,0.0,0.0,62.31,36.98,0.71,3759.33
0.0,0.0,0.0,62.31,36.98,0.71,3759.33
0.0,0.0,0.0,62.31,36.98,0.71,3759.33
0.0,0.0,0.0,62.31,36.98,0.71,3759.33
0.0,0.0,0.0,62.31,36.98,0.71,3759.33
0.0,0.0,0.0,62.31,36.98,0.71,3759.33
0.0,0.0,0.0,62.31,36.98,0.71,3759.33
0.0,0.0,0.0,62.31,36.98,0.71,3759.33
0.0,0.0,0.0,62.31,36.98,0.71,3759.33
0.0,0.0,0.0,62.31,36.98,0.71,3759.33
0.0,0.0,0.0,62.31,36.98,0.71,3759.33
0.0,0.0,0.0,62.31,36.98,0.71,3759.33
0.0,0.0,0.0,62.31,36.98,0.71,3759.33
0.0,0.0,0.0,62.31,36.98,0.71,3759.33
0.0,0.0,0.0,62.31,36.98,0.71,3759.33
0.0,0.0,0.0,62.31,36.98,0.71,3759.33
0.0,0.0,0.0,62.31,36.98,0.71,3759.33
0.0,0.0,0.0,62.31,36.98,0.71,3759.33
0.0,0.0,0.0,62.31,36.98,0.71,3759.33
0.0,0.0,0.0,62.31,36.98,0.71,3759.33
0.0,0.0,0.0,62.31,36.98,0.71,3759.33
0.0,0.0,0.0,62.31,36.98,0.71,3759.33
0.0,0.0,0.0,62.31,36.98,0.71,3759.33
0.0,0.0,0.0,62.31,36.98,0.71,3759.33
0.0,0.0,0.0,62.31,36.98,0.71,3759.33
0.0,0.0,0.0,62.31,36.98,0.71,3759.33
0.0,0.0,0.0,62.31,36.98,0.71,3759.33
0.0,0.0,0.0,62.31,36.98,0.71,3759.33
0.0,0.0,0.0,62.31,36.98,0.71,3759.33
0.0,0.0,0.0,62.31,36.98,0.71,3759.33
0.0,0.0,0.0,62.31,36.98,0.71,3759.33
0.0,0.0,0.0,62.31,36.98,0.71,3759.33
0.0,0.0,0.0,62.31,36.98,0.71,3759.33
0.0,0.0,0.0,62.31,36.98,0.71,3759.33
0.0,0.0,0.0,62.31,36.98,0.71,3759.33
0.0,0.0,0.0,62.31,36.98,0.71,3759.33
0.0,0.0,0.0,62.31,36.98,0.71,3759.33
0.0,0.0,0.0,62.31,36.98,0.71,3759.33
0.0,0.0,0.0,62.31,36.98,0.71,3759.33
0.0,0.0,0.0,62.31,36.98,0.71,3759.33
0.0,0.0,0.0,62.31,36.98,0.71,3759.33
0.0,0.0,0.0,62.31,36.98,0.71,3759.33
0.0,0.0,0.0,62.31,36.98,0.71,3759.33
0.0,0.0,0.0,62.31,36.98,0.71,3759.33
0.0,0.0,0.0,62.31,36.98,0.71,3759.33
0.0,0.0,0.0,62.31,36.98,0.71,3759.33
0.0,0.0,0.0,62.31,36.98,0.71,3759.33
0.0,0.0,0.0,62.31,36.98,0.71,3759.33
0.0,0.0,0.0,62.31,36.98,0.71,3759.33
0.0,0.0,0.0,62.31,36.98,0.71,3759.33
0.0,0.0,0.0,62.31,36.98,0.71,3759.33
0.0,0.0,0.0,62.31,36.98,0.71,3759.33
0.0,0.0,0.0,62.31,36.98,0.71,3759.33
0.0,0.0,0.0,62.31,36.98,0.71,3759.33
0.0,0.0,0.0,62.31,36.98,0.71,3759.33
0.0,0.0,0.0,62.31,36.98,0.71,3759.33
0.0,0.0,0.0,62.31,36.98,0.71,3759.33
0.0,0.0,0.0,62.31,36.98,0.71,3759.33
0.0,0.0,0.0,62.31,36.98,0.71,3759.33
0.0,0.0,0.0,62.31,36.98,0.71,3759.33
0.0,0.0,0.0,62.31,36.98,0.71,3759.33
0.0,0.0,0.0,62.31,36.98,0.71,3759.33
0.0,0.0,0.0,62.31,36.98,0.71,3759.33
0.0,0.0,0.0,62.31,36.98,0.71,3759.33
0.0,0.0,0.0,62.31,36.98,0.71,3759.33
0.0,0.0,0.0,62.31,36.98,0.71,3759.33
0.0,0.0,0.0,62.31,36.98,0.71,3759.33
0.0,0.0,0.0,62.31,36.98,0.71,3759.33
0.0,0.0,0.0,62.31,36.98,0.71,3759.33
0.0,0.0,0.0,62.31,36.98,0.71,3759.33
0.0,0.0,0.0,62.31,36.98,0.71,3759.33
0.0,0.0,0.0,62.31,36.98,0.71,3759.33
0.0,0.0,0.0,62.31,36.98,0.71,3759.33
0.0,0.0,0.0,62.31,36.98,0.71,3759.33
0.0,0.0,0.0,62.31,36.98,0.71,3759.33
0.0,0.0,0.0,62.31,36.98,0.71,3759.33
0.0,0.0,0.0,62.31,36.98,0.71,3759.33
0.0,0.0,0.0,62.31,36.98,0.71,3759.33
0.0,0.0,0.0,62.31,36.98,0.71,3759.33
0.0,0.0,0.0,62.31,36.98,0.71,3759.33
0.0,0.0,0.0,62.31,36.98,0.71,3759.33
0.0,0.0,0.0,62.31,36.98,0.71,3759.33
0.0,0.0,0.0,62.31,36.98,0.71,3759.33
0.0,0.0,0.0,62.31,36.98,0.71,3759.33
0.0,0.0,0.0,62.31,36.98,0.71,3759.33
0.0,0.0,0.0,62.31,36.98,0.71,3759.33
0.0,0.0,0.0,62.31,36.98,0.71,3759.33
0.0,0.0,0.0,62.31,36.98,0.71,3759.33
0.0,0.0,0.0,62.31,36.98,0.71,3759.33
0.0,0.0,0.0,62.31,36.98,0.71,3759.33
0.0,0.0,0.0,62.31,36.98,0.71,3759.33
0.0,0.0,0.0,62.31,36.98,0.71,3759.33
0.0,0.0,0.0,62.31,36.98,0.71,3759.33
0.0,0.0,0.0,62.31,36.98,0.71,3759.33
0.0,0.0,0.0,62.31,36.98,0.71,3759.33
0.0,0.0,0.0,62.31,36.98,0.71,3759.33
0.0,0.0,0.0,62.31,36.98,0.71,3759.33
0.0,0.0,0.0,62.31,36.98,0.71,3759.33
0.0,0.0,0.0,62.31,36.98,0.71,3759.33
0.0,0.0,0.0,62.31,36.98,0.71,3759.33
0.0,0.0,0.0,62.31,36.98,0.71,3759.33
0.0,0.0,0.0,62.31,36.98,0.71,3759.33
0.0,0.0,0.0,62.31,36.98,0.71,3759.33
0.0,0.0,0.0,62.31,36.98,0.71,3759.33
0.0,0.0,0.0,62.31,36.98,0.71,3759.33
0.0,0.0,0.0,62.31,36.98,0.71,3759.33
0.0,0.0,0.0,62.31,36.98,0.71,3759.33
0.0,0.0,0.0,62.31,36.98,0.71,3759.33
0.0,0.0,0.0,62.31,36.98,0.71,3759.33
0.0,0.0,0.0,62.31,36.98,0.71,3759.33
0.0,0.0,0.0,62.31,36.98,0.71,3759.33
0.0,0.0,0.0,62.31,36.98,0.71,3759.33
0.0,0.0,0.0,62.31,36.98,0.71,3759.33
0.0,0.0,0.0,62.31,36.98,0.71,3759.33
0.0,0.0,0.0,62.31,36.98,0.71,3759.33
0.0,0.0,0.0,62.31,36.98,0.71,3759.33
0.0,0.0,0.0,62.31,36.98,0.71,3759.33
0.0,0.0,0.0,62.31,36.98,0.71,3759.33
0.0,0.0,0.0,62.31,36.98,0.71,3759.33
0.0,0.0,0.0,62.31,36.98,0.71,3759.33
0.0,0.0,0.0,62.31,36.98,0.71,3759.33
0.0,0.0,0.0,62.31,36.98,0.71,3759.33
0.0,0.0,0.0,62.31,36.98,0.71,3759.33
0.0,0.0,0.0,62.31,36.98,0.71,3759.33
0.0,0.0,0.0,62.31,36.98,0.71,3759.33
0.0,0.0,0.0,62.31,36.98,0.71,3759.33
0.0,0.0,0.0,62.31,36.98,0.71,3759.33
0.0,0.0,0.0,62.31,36.98,0.71,3759.33
0.0,0.0,0.0,62.31,36.98,0.71,3759.33
0.0,0.0,0.0,62.31,36.98,0.71,3759.33
0.0,0.0,0.0,62.31,36.98,0.71,3759.33
0.0,0.0,0.0,62.31,36.98,0.71,3759.33
0.0,0.0,0.0,62.31,36.98,0.71,3759.33
0.0,0.0,0.0,62.31,36.98,0.71,3759.33
0.0,0.0,0.0,62.31,36.98,0.71,3759.33
0.0,0.0,0.0,62.31,36.98,0.71,3759.33
0.0,0.0,0.0,62.31,36.98,0.71,3759.33
0.0,0.0,0.0,62.31,36.98,0.71,3759.33
0.0,0.0,0.0,62.31,36.98,0.71,3759.33
0.0,0.0,0.0,62.31,36.98,0.71,3759.33
0.0,0.0,0.0,62.31,36.98,0.71,3759.33
0.0,0.0,0.0,62.31,36.98,0.71,3759.33
0.0,0.0,0.0,62.31,36.98,0.71,3759.33
0.0,0.0,0.0,62.31,36.98,0.71,3759.33
0.0,0.0,0.0,62.31,36.98,0.71,3759.33
0.0,0.0,0.0,62.31,36.98,0.71,3759.33
0.0,0.0,0.0,62.31,36.98,0.71,3759.33
0.0,0.0,0.0,62.31,36.98,0.71,3759.33
0.0,0.0,0.0,62.31,36.98,0.71,3759.33
0.0,0.0,0.0,62.31,36.98,0.71,3759.33
0.0,0.0,0.0,62.31,36.98,0.71,3759.33
0.0,0.0,0.0,62.31,36.98,0.71,3759.33
0.0,0.0,0.0,62.31,36.98,0.71,3759.33
0.0,0.0,0.0,62.31,36.98,0.71,3759.33
0.0,0.0,0.0,62.31,36.98,0.71,3759.33
0.0,0.0,0.0,62.31,36.98,0.71,3759.33
0.0,0.0,0.0,62.31,36.98,0.71,3759.33
0.0,0.0,0.0,62.31,36.98,0.71,3759.33
0.0,0.0,0.0,62.31,36.98,0.71,3759.33
0.0,0.0,0.0,62.31,36.98,0.71,3759.33
0.0,0.0,0.0,62.31,36.98,0.71,3759.33
0.0,0.0,0.0,62.31,36.98,0.71,3759.33
0.0,0.0,0.0,62.31,36.98,0.71,3759.33
0.0,0.0,0.0,62.31,36.98,0.71,3759.33
0.0,0.0,0.0,62.31,36.98,0.71,3759.33
0.0,0.0,0.0,62.31,36.98,0.71,3759.33
0.0,0.0,0.0,62.31,36.98,0.71,3759.33
0.0,0.0,0.0,62.31,36.98,0.71,3759.33
0.0,0.0,0.0,62.31,36.98,0.71,3759.33
0.0,0.0,0.0,62.31,36.98,0.71,3759.33
0.0,0.0,0.0,62.31,36.98,0.71,3759.33
0.0,0.0,0.0,62.31,36.98,0.71,3759.33
0.0,0.0,0.0,62.31,36.98,0.71,3759.33
0.0,0.0,0.0,62.31,36.98,0.71,3759.33
0.0,0.0,0.0,62.31,36.98,0.71,3759.33
0.0,0.0,0.0,62.31,36.98,0.71,3759.33
0.0,0.0,0.0,62.31,36.98,0.71,3759.33
0.0,0.0,0.0,62.31,36.98,0.71,3759.33