incubando,i_mild,i_grave,susceptibles,recuperados,muertos,infectados_totales
1.21,0.0,0.0,98.59,0.2,0.0,121.0
2.05,0.0,0.0,97.75,0.2,0.0,205.0
2.62,0.0,0.0,97.18,0.2,0.0,261.67
3.04,0.0,0.0,96.76,0.2,0.0,303.67
3.86,0.0,0.0,95.94,0.2,0.0,385.67
4.7,0.0,0.0,95.1,0.2,0.0,470.0
5.34,0.0,0.0,94.46,0.2,0.0,534.33
5.09,0.87,0.34,93.5,0.2,0.0,630.33
4.91,1.43,0.62,92.84,0.2,0.0,696.0
4.91,1.84,0.78,92.27,0.2,0.0,753.0
4.92,2.13,0.9,91.85,0.2,0.0,795.33
4.6,2.68,1.17,91.34,0.2,0.0,845.67
4.3,3.24,1.45,90.8,0.2,0.01,900.0
4.24,3.7,1.63,90.22,0.2,0.01,958.0
3.75,4.43,1.86,89.75,0.2,0.01,1005.33
3.85,4.9,2.03,88.99,0.2,0.03,1081.33
3.88,5.31,2.19,88.39,0.2,0.03,1140.67
4.09,4.74,2.3,87.76,1.07,0.05,1204.33
3.94,4.53,2.44,87.4,1.63,0.05,1239.67
3.91,4.52,2.59,86.89,2.04,0.06,1291.33
3.73,4.62,2.76,86.49,2.33,0.06,1330.67
3.57,4.43,2.87,86.18,2.88,0.07,1362.33
3.12,4.45,3.04,85.87,3.44,0.08,1393.0
2.97,4.43,3.19,85.42,3.9,0.09,1438.0
2.67,4.15,3.36,85.08,4.63,0.1,1471.67
2.65,3.92,3.47,84.75,5.1,0.11,1504.67
2.32,3.88,3.6,84.57,5.51,0.13,1523.33
2.06,3.87,3.69,84.44,5.81,0.14,1536.33
2.03,3.73,3.45,84.15,6.49,0.16,1565.33
2.03,3.56,3.26,83.84,7.15,0.16,1596.0
1.89,3.49,3.23,83.53,7.69,0.17,1627.0
1.8,3.37,3.23,83.28,8.16,0.17,1651.67
1.66,3.0,3.09,83.1,8.98,0.17,1670.33
1.78,2.66,2.89,82.78,9.7,0.18,1701.67
1.89,2.32,2.74,82.55,10.31,0.19,1725.33
1.87,2.28,2.61,82.28,10.77,0.19,1752.33
1.81,2.14,2.5,82.03,11.31,0.21,1777.0
1.62,2.07,2.42,81.91,11.76,0.22,1788.67
1.44,2.04,2.38,81.85,12.07,0.23,1795.33
1.3,1.96,2.28,81.8,12.44,0.23,1800.33
1.04,1.84,2.22,81.75,12.92,0.24,1805.33
0.84,1.78,2.11,81.7,13.32,0.24,1809.67
0.7,1.75,2.08,81.57,13.64,0.26,1822.67
0.52,1.81,1.99,81.51,13.91,0.26,1829.33
0.59,1.8,1.87,81.33,14.16,0.26,1847.33
0.6,1.63,1.72,81.24,14.54,0.26,1855.67
0.68,1.43,1.62,81.12,14.88,0.27,1868.33
0.96,1.23,1.51,80.78,15.24,0.28,1901.67
1.02,1.08,1.41,80.68,15.51,0.29,1911.67
0.96,1.03,1.35,80.61,15.75,0.29,1919.0
0.99,0.84,1.31,80.52,16.05,0.29,1928.0
0.96,0.78,1.27,80.37,16.33,0.3,1943.0
0.92,0.65,1.2,80.32,16.6,0.3,1947.67
1.0,0.57,1.13,80.11,16.88,0.3,1968.67
0.78,0.72,1.13,80.01,17.05,0.31,1979.33
0.71,0.74,1.15,79.97,17.11,0.31,1982.67
0.64,0.76,1.08,79.97,17.23,0.32,1983.0
0.61,0.8,1.04,79.91,17.32,0.32,1989.33
0.51,0.85,1.01,79.86,17.43,0.33,1993.67
0.53,0.8,0.97,79.8,17.57,0.34,2000.33
0.36,0.89,0.99,79.76,17.66,0.35,2004.33
0.26,0.85,0.94,79.75,17.86,0.35,2005.33
0.24,0.82,0.9,79.73,17.96,0.35,2006.67
0.24,0.73,0.81,79.73,18.14,0.35,2007.0
0.18,0.54,0.76,79.73,18.44,0.35,2007.33
0.14,0.51,0.74,79.72,18.53,0.35,2007.67
0.07,0.51,0.73,79.72,18.61,0.36,2007.67
0.04,0.48,0.72,79.72,18.68,0.36,2008.33
0.03,0.4,0.69,79.72,18.8,0.36,2008.33
0.02,0.39,0.68,79.71,18.83,0.36,2009.0
0.02,0.26,0.64,79.71,19.02,0.36,2009.0
0.02,0.19,0.61,79.71,19.11,0.36,2009.33
0.02,0.18,0.54,79.71,19.19,0.36,2009.33
0.02,0.18,0.5,79.71,19.23,0.37,2009.33
0.01,0.14,0.46,79.71,19.31,0.37,2009.33
0.01,0.11,0.36,79.71,19.44,0.37,2009.33
0.0,0.07,0.33,79.71,19.53,0.37,2009.33
0.0,0.04,0.31,79.71,19.57,0.37,2009.33
0.0,0.03,0.28,79.7,19.61,0.37,2009.67
0.0,0.02,0.22,79.7,19.69,0.37,2009.67
0.0,0.02,0.19,79.7,19.71,0.37,2009.67
0.0,0.02,0.12,79.7,19.78,0.37,2009.67
0.0,0.01,0.09,79.7,19.82,0.37,2009.67
0.0,0.01,0.06,79.7,19.84,0.37,2009.67
0.0,0.01,0.06,79.7,19.85,0.38,2009.67
0.0,0.01,0.04,79.7,19.87,0.38,2009.67
0.0,0.01,0.03,79.7,19.88,0.38,2009.67
0.0,0.01,0.01,79.7,19.9,0.38,2009.67
0.0,0.0,0.01,79.7,19.91,0.38,2009.67
0.0,0.0,0.0,79.7,19.91,0.38,2009.67
0.0,0.0,0.0,79.7,19.91,0.38,2009.67
0.0,0.0,0.0,79.7,19.91,0.38,2009.67
0.0,0.0,0.0,79.7,19.91,0.38,2009.67
0.0,0.0,0.0,79.7,19.91,0.38,2009.67
0.0,0.0,0.0,79.7,19.91,0.38,2009.67
0.0,0.0,0.0,79.7,19.92,0.38,2009.67
0.0,0.0,0.0,79.7,19.92,0.38,2009.67
0.0,0.0,0.0,79.7,19.92,0.38,2009.67
0.0,0.0,0.0,79.7,19.92,0.38,2009.67
0.0,0.0,0.0,79.7,19.92,0.38,2009.67
0.0,0.0,0.0,79.7,19.92,0.38,2009.67
0.0,0.0,0.0,79.7,19.92,0.38,2009.67
0.0,0.0,0.0,79.7,19.92,0.38,2009.67
0.0,0.0,0.0,79.7,19.92,0.38,2009.67
0.0,0.0,0.0,79.7,19.92,0.38,2009.67
0.0,0.0,0.0,79.7,19.92,0.38,2009.67
0.0,0.0,0.0,79.7,19.92,0.38,2009.67
0.0,0.0,0.0,79.7,19.92,0.38,2009.67
0.0,0.0,0.0,79.7,19.92,0.38,2009.67
0.0,0.0,0.0,79.7,19.92,0.38,2009.67
0.0,0.0,0.0,79.7,19.92,0.38,2009.67
0.0,0.0,0.0,79.7,19.92,0.38,2009.67
0.0,0.0,0.0,79.7,19.92,0.38,2009.67
0.0,0.0,0.0,79.7,19.92,0.38,2009.67
0.0,0.0,0.0,79.7,19.92,0.38,2009.67
0.0,0.0,0.0,79.7,19.92,0.38,2009.67
0.0,0.0,0.0,79.7,19.92,0.38,2009.67
0.0,0.0,0.0,79.7,19.92,0.38,2009.67
0.0,0.0,0.0,79.7,19.92,0.38,2009.67
0.0,0.0,0.0,79.7,19.92,0.38,2009.67
0.0,0.0,0.0,79.7,19.92,0.38,2009.67
0.0,0.0,0.0,79.7,19.92,0.38,2009.67
0.0,0.0,0.0,79.7,19.92,0.38,2009.67
0.0,0.0,0.0,79.7,19.92,0.38,2009.67
0.0,0.0,0.0,79.7,19.92,0.38,2009.67
0.0,0.0,0.0,79.7,19.92,0.38,2009.67
0.0,0.0,0.0,79.7,19.92,0.38,2009.67
0.0,0.0,0.0,79.7,19.92,0.38,2009.67
0.0,0.0,0.0,79.7,19.92,0.38,2009.67
0.0,0.0,0.0,79.7,19.92,0.38,2009.67
0.0,0.0,0.0,79.7,19.92,0.38,2009.67
0.0,0.0,0.0,79.7,19.92,0.38,2009.67
0.0,0.0,0.0,79.7,19.92,0.38,2009.67
0.0,0.0,0.0,79.7,19.92,0.38,2009.67
0.0,0.0,0.0,79.7,19.92,0.38,2009.67
0.0,0.0,0.0,79.7,19.92,0.38,2009.67
0.0,0.0,0.0,79.7,19.92,0.38,2009.67
0.0,0.0,0.0,79.7,19.92,0.38,2009.67
0.0,0.0,0.0,79.7,19.92,0.38,2009.67
0.0,0.0,0.0,79.7,19.92,0.38,2009.67
0.0,0.0,0.0,79.7,19.92,0.38,2009.67
0.0,0.0,0.0,79.7,19.92,0.38,2009.67
0.0,0.0,0.0,79.7,19.92,0.38,2009.67
0.0,0.0,0.0,79.7,19.92,0.38,2009.67
0.0,0.0,0.0,79.7,19.92,0.38,2009.67
0.0,0.0,0.0,79.7,19.92,0.38,2009.67
0.0,0.0,0.0,79.7,19.92,0.38,2009.67
0.0,0.0,0.0,79.7,19.92,0.38,2009.67
0.0,0.0,0.0,79.7,19.92,0.38,2009.67
0.0,0.0,0.0,79.7,19.92,0.38,2009.67
0.0,0.0,0.0,79.7,19.92,0.38,2009.67
0.0,0.0,0.0,79.7,19.92,0.38,2009.67
0.0,0.0,0.0,79.7,19.92,0.38,2009.67
0.0,0.0,0.0,79.7,19.92,0.38,2009.67
0.0,0.0,0.0,79.7,19.92,0.38,2009.67
0.0,0.0,0.0,79.7,19.92,0.38,2009.67
0.0,0.0,0.0,79.7,19.92,0.38,2009.67
0.0,0.0,0.0,79.7,19.92,0.38,2009.67
0.0,0.0,0.0,79.7,19.92,0.38,2009.67
0.0,0.0,0.0,79.7,19.92,0.38,2009.67
0.0,0.0,0.0,79.7,19.92,0.38,2009.67
0.0,0.0,0.0,79.7,19.92,0.38,2009.67
0.0,0.0,0.0,79.7,19.92,0.38,2009.67
0.0,0.0,0.0,79.7,19.92,0.38,2009.67
0.0,0.0,0.0,79.7,19.92,0.38,2009.67
0.0,0.0,0.0,79.7,19.92,0.38,2009.67
0.0,0.0,0.0,79.7,19.92,0.38,2009.67
0.0,0.0,0.0,79.7,19.92,0.38,2009.67
0.0,0.0,0.0,79.7,19.92,0.38,2009.67
0.0,0.0,0.0,79.7,19.92,0.38,2009.67
0.0,0.0,0.0,79.7,19.92,0.38,2009.67
0.0,0.0,0.0,79.7,19.92,0.38,2009.67
0.0,0.0,0.0,79.7,19.92,0.38,2009.67
0.0,0.0,0.0,79.7,19.92,0.38,2009.67
0.0,0.0,0.0,79.7,19.92,0.38,2009.67
0.0,0.0,0.0,79.7,19.92,0.38,2009.67
0.0,0.0,0.0,79.7,19.92,0.38,2009.67
0.0,0.0,0.0,79.7,19.92,0.38,2009.67
0.0,0.0,0.0,79.7,19.92,0.38,2009.67
0.0,0.0,0.0,79.7,19.92,0.38,2009.67
0.0,0.0,0.0,79.7,19.92,0.38,2009.67
0.0,0.0,0.0,79.7,19.92,0.38,2009.67
0.0,0.0,0.0,79.7,19.92,0.38,2009.67
0.0,0.0,0.0,79.7,19.92,0.38,2009.67
0.0,0.0,0.0,79.7,19.92,0.38,2009.67
0.0,0.0,0.0,79.7,19.92,0.38,2009.67
0.0,0.0,0.0,79.7,19.92,0.38,2009.67
0.0,0.0,0.0,79.7,19.92,0.38,2009.67
0.0,0.0,0.0,79.7,19.92,0.38,2009.67
0.0,0.0,0.0,79.7,19.92,0.38,2009.67
0.0,0.0,0.0,79.7,19.92,0.38,2009.67
0.0,0.0,0.0,79.7,19.92,0.38,2009.67
0.0,0.0,0.0,79.7,19.92,0.38,2009.67
0.0,0.0,0.0,79.7,19.92,0.38,2009.67
0.0,0.0,0.0,79.7,19.92,0.38,2009.67
0.0,0.0,0.0,79.7,19.92,0.38,2009.67
0.0,0.0,0.0,79.7,19.92,0.38,2009.67
0.0,0.0,0.0,79.7,19.92,0.38,2009.67
0.0,0.0,0.0,79.7,19.92,0.38,2009.67
0.0,0.0,0.0,79.7,19.92,0.38,2009.67
0.0,0.0,0.0,79.7,19.92,0.38,2009.67
0.0,0.0,0.0,79.7,19.92,0.38,2009.67
0.0,0.0,0.0,79.7,19.92,0.38,2009.67
0.0,0.0,0.0,79.7,19.92,0.38,2009.67
0.0,0.0,0.0,79.7,19.92,0.38,2009.67
0.0,0.0,0.0,79.7,19.92,0.38,2009.67
0.0,0.0,0.0,79.7,19.92,0.38,2009.67
0.0,0.0,0.0,79.7,19.92,0.38,2009.67
0.0,0.0,0.0,79.7,19.92,0.38,2009.67
0.0,0.0,0.0,79.7,19.92,0.38,2009.67
0.0,0.0,0.0,79.7,19.92,0.38,2009.67
0.0,0.0,0.0,79.7,19.92,0.38,2009.67
0.0,0.0,0.0,79.7,19.92,0.38,2009.67
0.0,0.0,0.0,79.7,19.92,0.38,2009.67
0.0,0.0,0.0,79.7,19.92,0.38,2009.67
0.0,0.0,0.0,79.7,19.92,0.38,2009.67
0.0,0.0,0.0,79.7,19.92,0.38,2009.67
0.0,0.0,0.0,79.7,19.92,0.38,2009.67
0.0,0.0,0.0,79.7,19.92,0.38,2009.67
0.0,0.0,0.0,79.7,19.92,0.38,2009.67
0.0,0.0,0.0,79.7,19.92,0.38,2009.67
0.0,0.0,0.0,79.7,19.92,0.38,2009.67
0.0,0.0,0.0,79.7,19.92,0.38,2009.67
0.0,0.0,0.0,79.7,19.92,0.38,2009.67
0.0,0.0,0.0,79.7,19.92,0.38,2009.67
0.0,0.0,0.0,79.7,19.92,0.38,2009.67
0.0,0.0,0.0,79.7,19.92,0.38,2009.67
0.0,0.0,0.0,79.7,19.92,0.38,2009.67
0.0,0.0,0.0,79.7,19.92,0.38,2009.67
0.0,0.0,0.0,79.7,19.92,0.38,2009.67
0.0,0.0,0.0,79.7,19.92,0.38,2009.67
0.0,0.0,0.0,79.7,19.92,0.38,2009.67
0.0,0.0,0.0,79.7,19.92,0.38,2009.67
0.0,0.0,0.0,79.7,19.92,0.38,2009.67
0.0,0.0,0.0,79.7,19.92,0.38,2009.67
0.0,0.0,0.0,79.7,19.92,0.38,2009.67
0.0,0.0,0.0,79.7,19.92,0.38,2009.67
0.0,0.0,0.0,79.7,19.92,0.38,2009.67
0.0,0.0,0.0,79.7,19.92,0.38,2009.67
0.0,0.0,0.0,79.7,19.92,0.38,2009.67
0.0,0.0,0.0,79.7,19.92,0.38,2009.67
0.0,0.0,0.0,79.7,19.92,0.38,2009.67
0.0,0.0,0.0,79.7,19.92,0.38,2009.67
0.0,0.0,0.0,79.7,19.92,0.38,2009.67
0.0,0.0,0.0,79.7,19.92,0.38,2009.67
0.0,0.0,0.0,79.7,19.92,0.38,2009.67
0.0,0.0,0.0,79.7,19.92,0.38,2009.67
0.0,0.0,0.0,79.7,19.92,0.38,2009.67
0.0,0.0,0.0,79.7,19.92,0.38,2009.67
0.0,0.0,0.0,79.7,19.92,0.38,2009.67
0.0,0.0,0.0,79.7,19.92,0.38,2009.67
0.0,0.0,0.0,79.7,19.92,0.38,2009.67
0.0,0.0,0.0,79.7,19.92,0.38,2009.67
0.0,0.0,0.0,79.7,19.92,0.38,2009.67
0.0,0.0,0.0,79.7,19.92,0.38,2009.67
0.0,0.0,0.0,79.7,19.92,0.38,2009.67
0.0,0.0,0.0,79.7,19.92,0.38,2009.67
0.0,0.0,0.0,79.7,19.92,0.38,2009.67
0.0,0.0,0.0,79.7,19.92,0.38,2009.67
0.0,0.0,0.0,79.7,19.92,0.38,2009.67
0.0,0.0,0.0,79.7,19.92,0.38,2009.67
0.0,0.0,0.0,79.7,19.92,0.38,2009.67
0.0,0.0,0.0,79.7,19.92,0.38,2009.67
0.0,0.0,0.0,79.7,19.92,0.38,2009.67
0.0,0.0,0.0,79.7,19.92,0.38,2009.67
0.0,0.0,0.0,79.7,19.92,0.38,2009.67
0.0,0.0,0.0,79.7,19.92,0.38,2009.67
0.0,0.0,0.0,79.7,19.92,0.38,2009.67
0.0,0.0,0.0,79.7,19.92,0.38,2009.67
0.0,0.0,0.0,79.7,19.92,0.38,2009.67
0.0,0.0,0.0,79.7,19.92,0.38,2009.67
0.0,0.0,0.0,79.7,19.92,0.38,2009.67
0.0,0.0,0.0,79.7,19.92,0.38,2009.67
0.0,0.0,0.0,79.7,19.92,0.38,2009.67
0.0,0.0,0.0,79.7,19.92,0.38,2009.67
0.0,0.0,0.0,79.7,19.92,0.38,2009.67
0.0,0.0,0.0,79.7,19.92,0.38,2009.67
0.0,0.0,0.0,79.7,19.92,0.38,2009.67
0.0,0.0,0.0,79.7,19.92,0.38,2009.67
0.0,0.0,0.0,79.7,19.92,0.38,2009.67
0.0,0.0,0.0,79.7,19.92,0.38,2009.67
0.0,0.0,0.0,79.7,19.92,0.38,2009.67
0.0,0.0,0.0,79.7,19.92,0.38,2009.67
0.0,0.0,0.0,79.7,19.92,0.38,2009.67
0.0,0.0,0.0,79.7,19.92,0.38,2009.67
0.0,0.0,0.0,79.7,19.92,0.38,2009.67
0.0,0.0,0.0,79.7,19.92,0.38,2009.67
0.0,0.0,0.0,79.7,19.92,0.38,2009.67
0.0,0.0,0.0,79.7,19.92,0.38,2009.67
0.0,0.0,0.0,79.7,19.92,0.38,2009.67
0.0,0.0,0.0,79.7,19.92,0.38,2009.67
0.0,0.0,0.0,79.7,19.92,0.38,2009.67
0.0,0.0,0.0,79.7,19.92,0.38,2009.67
0.0,0.0,0.0,79.7,19.92,0.38,2009.67
0.0,0.0,0.0,79.7,19.92,0.38,2009.67
0.0,0.0,0.0,79.7,19.92,0.38,2009.67
0.0,0.0,0.0,79.7,19.92,0.38,2009.67
0.0,0.0,0.0,79.7,19.92,0.38,2009.67
0.0,0.0,0.0,79.7,19.92,0.38,2009.67
0.0,0.0,0.0,79.7,19.92,0.38,2009.67