incubando,i_mild,i_grave,susceptibles,recuperados,muertos,infectados_totales
0.37,0.0,0.0,99.43,0.2,0.0,37.0
0.51,0.0,0.0,99.29,0.2,0.0,51.0
0.84,0.0,0.0,98.96,0.2,0.0,84.33
1.27,0.0,0.0,98.53,0.2,0.0,127.33
1.39,0.0,0.0,98.41,0.2,0.0,139.33
1.74,0.0,0.0,98.06,0.2,0.0,173.67
2.1,0.0,0.0,97.7,0.2,0.0,210.0
2.04,0.27,0.1,97.39,0.2,0.0,241.33
2.29,0.39,0.12,97.0,0.2,0.0,280.0
2.48,0.64,0.2,96.48,0.2,0.0,332.0
2.57,0.95,0.32,95.96,0.2,0.0,384.0
2.84,1.03,0.36,95.57,0.2,0.0,423.33
2.85,1.26,0.47,95.22,0.2,0.0,458.33
2.8,1.55,0.54,94.9,0.2,0.0,490.33
2.72,1.8,0.61,94.66,0.2,0.0,513.67
2.7,2.09,0.7,94.3,0.2,0.01,550.33
2.41,2.47,0.84,94.07,0.2,0.01,573.33
2.0,2.56,1.0,93.96,0.47,0.01,583.67
1.78,2.72,1.11,93.79,0.59,0.02,601.0
1.6,2.7,1.22,93.61,0.84,0.02,618.67
1.45,2.59,1.34,93.45,1.15,0.02,635.33
1.48,2.67,1.41,93.18,1.23,0.03,662.0
1.35,2.67,1.54,92.95,1.46,0.03,685.33
1.29,2.55,1.6,92.78,1.75,0.03,702.0
1.6,2.38,1.62,92.36,2.0,0.04,744.0
1.89,2.2,1.69,91.9,2.29,0.04,790.33
2.2,1.95,1.72,91.42,2.67,0.04,838.33
2.7,1.72,1.76,90.75,3.03,0.04,905.0
2.99,1.62,1.75,90.19,3.4,0.05,960.67
3.3,1.55,1.78,89.65,3.65,0.06,1015.0
3.61,1.48,1.74,89.17,3.93,0.07,1063.33
3.67,1.59,1.78,88.69,4.2,0.07,1111.33
3.54,1.67,1.88,88.35,4.47,0.07,1144.67
3.39,1.86,1.9,88.02,4.75,0.08,1177.67
3.18,2.25,2.03,87.57,4.89,0.08,1222.67
3.12,2.54,2.13,87.07,5.06,0.08,1273.0
3.08,2.81,2.17,86.57,5.29,0.09,1322.67
2.86,3.06,2.13,86.31,5.55,0.1,1349.0
2.68,3.19,2.13,86.0,5.88,0.11,1379.67
2.72,3.28,2.1,85.63,6.16,0.11,1417.0
2.7,3.39,2.07,85.33,6.39,0.12,1447.33
2.63,3.43,2.09,84.94,6.78,0.13,1485.67
2.51,3.47,2.15,84.56,7.17,0.15,1524.33
2.62,3.44,2.18,83.95,7.65,0.15,1584.67
2.67,3.14,2.22,83.64,8.17,0.17,1616.33
2.59,2.98,2.25,83.42,8.59,0.18,1638.33
2.56,2.82,2.3,83.07,9.06,0.19,1673.33
2.52,2.66,2.34,82.8,9.47,0.2,1699.67
2.4,2.58,2.44,82.54,9.83,0.21,1726.0
2.1,2.59,2.49,82.45,10.15,0.22,1734.67
1.69,2.8,2.57,82.27,10.45,0.23,1753.33
1.58,2.7,2.64,82.06,10.79,0.23,1774.0
1.54,2.5,2.56,81.88,11.28,0.24,1792.33
1.37,2.4,2.54,81.7,11.75,0.24,1810.0
1.23,2.45,2.47,81.57,12.03,0.25,1823.0
1.27,2.44,2.3,81.27,12.45,0.26,1852.67
1.43,2.26,2.17,81.03,12.85,0.27,1877.33
1.37,2.17,2.09,80.9,13.2,0.27,1890.0
1.25,2.1,2.03,80.81,13.54,0.28,1899.0
1.17,1.97,1.93,80.71,13.94,0.28,1909.0
1.05,1.64,1.9,80.65,14.47,0.29,1915.33
1.03,1.52,1.84,80.54,14.77,0.3,1926.33
0.77,1.58,1.79,80.5,15.06,0.3,1929.67
0.57,1.54,1.71,80.46,15.42,0.3,1934.0
0.48,1.42,1.59,80.42,15.78,0.31,1938.0
0.45,1.25,1.53,80.36,16.1,0.31,1944.33
0.37,1.25,1.49,80.34,16.23,0.32,1946.33
0.53,1.15,1.4,80.11,16.48,0.32,1968.67
0.49,1.05,1.36,80.05,16.72,0.33,1975.0
0.53,0.95,1.22,79.97,17.0,0.33,1982.67
0.73,0.86,1.1,79.73,17.24,0.34,2006.67
0.81,0.79,0.97,79.61,17.48,0.34,2019.0
0.8,0.61,0.89,79.56,17.8,0.34,2024.0
0.86,0.42,0.85,79.48,18.05,0.34,2032.0
0.67,0.5,0.78,79.44,18.25,0.36,2036.0
0.65,0.49,0.75,79.4,18.35,0.36,2040.33
0.67,0.48,0.73,79.3,18.45,0.37,2050.0
0.49,0.62,0.77,79.25,18.5,0.37,2055.33
0.56,0.64,0.76,79.05,18.62,0.38,2074.67
0.78,0.63,0.75,78.78,18.68,0.38,2101.67
0.78,0.65,0.73,78.7,18.76,0.38,2110.33
0.81,0.66,0.68,78.63,18.83,0.39,2116.67
0.79,0.65,0.66,78.6,18.9,0.39,2119.67
0.73,0.72,0.61,78.57,18.98,0.39,2123.33
0.7,0.58,0.58,78.55,19.2,0.39,2125.33
0.51,0.7,0.59,78.54,19.26,0.39,2125.67
0.25,0.82,0.64,78.53,19.36,0.39,2126.67
0.17,0.72,0.62,78.52,19.57,0.4,2127.67
0.21,0.67,0.62,78.43,19.68,0.4,2137.33
0.24,0.67,0.59,78.37,19.74,0.4,2143.33
0.23,0.65,0.59,78.33,19.8,0.4,2146.67
0.23,0.63,0.59,78.32,19.84,0.4,2148.0
0.24,0.6,0.57,78.31,19.89,0.4,2149.33
0.25,0.54,0.54,78.28,19.99,0.4,2151.67
0.24,0.51,0.52,78.28,20.04,0.4,2152.0
0.15,0.41,0.52,78.28,20.23,0.4,2152.33
0.09,0.28,0.51,78.27,20.44,0.41,2152.67
0.07,0.23,0.5,78.26,20.53,0.41,2154.0
0.06,0.2,0.45,78.26,20.62,0.41,2154.0
0.05,0.19,0.41,78.26,20.68,0.41,2154.33
0.03,0.18,0.39,78.26,20.74,0.41,2154.33
0.03,0.17,0.36,78.25,20.78,0.42,2154.67
0.03,0.17,0.35,78.25,20.79,0.42,2155.0
0.02,0.16,0.33,78.25,20.81,0.42,2155.0
0.01,0.17,0.31,78.25,20.84,0.42,2155.0
0.01,0.11,0.29,78.25,20.91,0.42,2155.0
0.01,0.08,0.25,78.25,20.99,0.42,2155.0
0.01,0.06,0.16,78.25,21.1,0.42,2155.0
0.0,0.05,0.15,78.25,21.12,0.42,2155.0
0.0,0.05,0.12,78.25,21.16,0.42,2155.0
0.0,0.03,0.11,78.25,21.19,0.42,2155.0
0.0,0.03,0.1,78.25,21.2,0.42,2155.0
0.0,0.02,0.09,78.25,21.21,0.42,2155.0
0.0,0.02,0.09,78.25,21.21,0.42,2155.0
0.0,0.01,0.09,78.25,21.23,0.42,2155.0
0.0,0.01,0.09,78.25,21.23,0.42,2155.0
0.0,0.01,0.05,78.25,21.27,0.42,2155.0
0.0,0.01,0.03,78.25,21.29,0.42,2155.0
0.0,0.0,0.02,78.25,21.31,0.42,2155.0
0.0,0.0,0.01,78.25,21.32,0.42,2155.0
0.0,0.0,0.01,78.25,21.32,0.42,2155.0
0.0,0.0,0.0,78.25,21.32,0.42,2155.0
0.0,0.0,0.0,78.25,21.32,0.42,2155.0
0.0,0.0,0.0,78.25,21.32,0.42,2155.0
0.0,0.0,0.0,78.25,21.33,0.42,2155.0
0.0,0.0,0.0,78.25,21.33,0.42,2155.0
0.0,0.0,0.0,78.25,21.33,0.42,2155.0
0.0,0.0,0.0,78.25,21.33,0.42,2155.0
0.0,0.0,0.0,78.25,21.33,0.42,2155.0
0.0,0.0,0.0,78.25,21.33,0.42,2155.0
0.0,0.0,0.0,78.25,21.33,0.42,2155.0
0.0,0.0,0.0,78.25,21.33,0.42,2155.0
0.0,0.0,0.0,78.25,21.33,0.42,2155.0
0.0,0.0,0.0,78.25,21.33,0.42,2155.0
0.0,0.0,0.0,78.25,21.33,0.42,2155.0
0.0,0.0,0.0,78.25,21.33,0.42,2155.0
0.0,0.0,0.0,78.25,21.33,0.42,2155.0
0.0,0.0,0.0,78.25,21.33,0.42,2155.0
0.0,0.0,0.0,78.25,21.33,0.42,2155.0
0.0,0.0,0.0,78.25,21.33,0.42,2155.0
0.0,0.0,0.0,78.25,21.33,0.42,2155.0
0.0,0.0,0.0,78.25,21.33,0.42,2155.0
0.0,0.0,0.0,78.25,21.33,0.42,2155.0
0.0,0.0,0.0,78.25,21.33,0.42,2155.0
0.0,0.0,0.0,78.25,21.33,0.42,2155.0
0.0,0.0,0.0,78.25,21.33,0.42,2155.0
0.0,0.0,0.0,78.25,21.33,0.42,2155.0
0.0,0.0,0.0,78.25,21.33,0.42,2155.0
0.0,0.0,0.0,78.25,21.33,0.42,2155.0
0.0,0.0,0.0,78.25,21.33,0.42,2155.0
0.0,0.0,0.0,78.25,21.33,0.42,2155.0
0.0,0.0,0.0,78.25,21.33,0.42,2155.0
0.0,0.0,0.0,78.25,21.33,0.42,2155.0
0.0,0.0,0.0,78.25,21.33,0.42,2155.0
0.0,0.0,0.0,78.25,21.33,0.42,2155.0
0.0,0.0,0.0,78.25,21.33,0.42,2155.0
0.0,0.0,0.0,78.25,21.33,0.42,2155.0
0.0,0.0,0.0,78.25,21.33,0.42,2155.0
0.0,0.0,0.0,78.25,21.33,0.42,2155.0
0.0,0.0,0.0,78.25,21.33,0.42,2155.0
0.0,0.0,0.0,78.25,21.33,0.42,2155.0
0.0,0.0,0.0,78.25,21.33,0.42,2155.0
0.0,0.0,0.0,78.25,21.33,0.42,2155.0
0.0,0.0,0.0,78.25,21.33,0.42,2155.0
0.0,0.0,0.0,78.25,21.33,0.42,2155.0
0.0,0.0,0.0,78.25,21.33,0.42,2155.0
0.0,0.0,0.0,78.25,21.33,0.42,2155.0
0.0,0.0,0.0,78.25,21.33,0.42,2155.0
0.0,0.0,0.0,78.25,21.33,0.42,2155.0
0.0,0.0,0.0,78.25,21.33,0.42,2155.0
0.0,0.0,0.0,78.25,21.33,0.42,2155.0
0.0,0.0,0.0,78.25,21.33,0.42,2155.0
0.0,0.0,0.0,78.25,21.33,0.42,2155.0
0.0,0.0,0.0,78.25,21.33,0.42,2155.0
0.0,0.0,0.0,78.25,21.33,0.42,2155.0
0.0,0.0,0.0,78.25,21.33,0.42,2155.0
0.0,0.0,0.0,78.25,21.33,0.42,2155.0
0.0,0.0,0.0,78.25,21.33,0.42,2155.0
0.0,0.0,0.0,78.25,21.33,0.42,2155.0
0.0,0.0,0.0,78.25,21.33,0.42,2155.0
0.0,0.0,0.0,78.25,21.33,0.42,2155.0
0.0,0.0,0.0,78.25,21.33,0.42,2155.0
0.0,0.0,0.0,78.25,21.33,0.42,2155.0
0.0,0.0,0.0,78.25,21.33,0.42,2155.0
0.0,0.0,0.0,78.25,21.33,0.42,2155.0
0.0,0.0,0.0,78.25,21.33,0.42,2155.0
0.0,0.0,0.0,78.25,21.33,0.42,2155.0
0.0,0.0,0.0,78.25,21.33,0.42,2155.0
0.0,0.0,0.0,78.25,21.33,0.42,2155.0
0.0,0.0,0.0,78.25,21.33,0.42,2155.0
0.0,0.0,0.0,78.25,21.33,0.42,2155.0
0.0,0.0,0.0,78.25,21.33,0.42,2155.0
0.0,0.0,0.0,78.25,21.33,0.42,2155.0
0.0,0.0,0.0,78.25,21.33,0.42,2155.0
0.0,0.0,0.0,78.25,21.33,0.42,2155.0
0.0,0.0,0.0,78.25,21.33,0.42,2155.0
0.0,0.0,0.0,78.25,21.33,0.42,2155.0
0.0,0.0,0.0,78.25,21.33,0.42,2155.0
0.0,0.0,0.0,78.25,21.33,0.42,2155.0
0.0,0.0,0.0,78.25,21.33,0.42,2155.0
0.0,0.0,0.0,78.25,21.33,0.42,2155.0
0.0,0.0,0.0,78.25,21.33,0.42,2155.0
0.0,0.0,0.0,78.25,21.33,0.42,2155.0
0.0,0.0,0.0,78.25,21.33,0.42,2155.0
0.0,0.0,0.0,78.25,21.33,0.42,2155.0
0.0,0.0,0.0,78.25,21.33,0.42,2155.0
0.0,0.0,0.0,78.25,21.33,0.42,2155.0
0.0,0.0,0.0,78.25,21.33,0.42,2155.0
0.0,0.0,0.0,78.25,21.33,0.42,2155.0
0.0,0.0,0.0,78.25,21.33,0.42,2155.0
0.0,0.0,0.0,78.25,21.33,0.42,2155.0
0.0,0.0,0.0,78.25,21.33,0.42,2155.0
0.0,0.0,0.0,78.25,21.33,0.42,2155.0
0.0,0.0,0.0,78.25,21.33,0.42,2155.0
0.0,0.0,0.0,78.25,21.33,0.42,2155.0
0.0,0.0,0.0,78.25,21.33,0.42,2155.0
0.0,0.0,0.0,78.25,21.33,0.42,2155.0
0.0,0.0,0.0,78.25,21.33,0.42,2155.0
0.0,0.0,0.0,78.25,21.33,0.42,2155.0
0.0,0.0,0.0,78.25,21.33,0.42,2155.0
0.0,0.0,0.0,78.25,21.33,0.42,2155.0
0.0,0.0,0.0,78.25,21.33,0.42,2155.0
0.0,0.0,0.0,78.25,21.33,0.42,2155.0
0.0,0.0,0.0,78.25,21.33,0.42,2155.0
0.0,0.0,0.0,78.25,21.33,0.42,2155.0
0.0,0.0,0.0,78.25,21.33,0.42,2155.0
0.0,0.0,0.0,78.25,21.33,0.42,2155.0
0.0,0.0,0.0,78.25,21.33,0.42,2155.0
0.0,0.0,0.0,78.25,21.33,0.42,2155.0
0.0,0.0,0.0,78.25,21.33,0.42,2155.0
0.0,0.0,0.0,78.25,21.33,0.42,2155.0
0.0,0.0,0.0,78.25,21.33,0.42,2155.0
0.0,0.0,0.0,78.25,21.33,0.42,2155.0
0.0,0.0,0.0,78.25,21.33,0.42,2155.0
0.0,0.0,0.0,78.25,21.33,0.42,2155.0
0.0,0.0,0.0,78.25,21.33,0.42,2155.0
0.0,0.0,0.0,78.25,21.33,0.42,2155.0
0.0,0.0,0.0,78.25,21.33,0.42,2155.0
0.0,0.0,0.0,78.25,21.33,0.42,2155.0
0.0,0.0,0.0,78.25,21.33,0.42,2155.0
0.0,0.0,0.0,78.25,21.33,0.42,2155.0
0.0,0.0,0.0,78.25,21.33,0.42,2155.0
0.0,0.0,0.0,78.25,21.33,0.42,2155.0
0.0,0.0,0.0,78.25,21.33,0.42,2155.0
0.0,0.0,0.0,78.25,21.33,0.42,2155.0
0.0,0.0,0.0,78.25,21.33,0.42,2155.0
0.0,0.0,0.0,78.25,21.33,0.42,2155.0
0.0,0.0,0.0,78.25,21.33,0.42,2155.0
0.0,0.0,0.0,78.25,21.33,0.42,2155.0
0.0,0.0,0.0,78.25,21.33,0.42,2155.0
0.0,0.0,0.0,78.25,21.33,0.42,2155.0
0.0,0.0,0.0,78.25,21.33,0.42,2155.0
0.0,0.0,0.0,78.25,21.33,0.42,2155.0
0.0,0.0,0.0,78.25,21.33,0.42,2155.0
0.0,0.0,0.0,78.25,21.33,0.42,2155.0
0.0,0.0,0.0,78.25,21.33,0.42,2155.0
0.0,0.0,0.0,78.25,21.33,0.42,2155.0
0.0,0.0,0.0,78.25,21.33,0.42,2155.0
0.0,0.0,0.0,78.25,21.33,0.42,2155.0
0.0,0.0,0.0,78.25,21.33,0.42,2155.0
0.0,0.0,0.0,78.25,21.33,0.42,2155.0
0.0,0.0,0.0,78.25,21.33,0.42,2155.0
0.0,0.0,0.0,78.25,21.33,0.42,2155.0
0.0,0.0,0.0,78.25,21.33,0.42,2155.0
0.0,0.0,0.0,78.25,21.33,0.42,2155.0
0.0,0.0,0.0,78.25,21.33,0.42,2155.0
0.0,0.0,0.0,78.25,21.33,0.42,2155.0
0.0,0.0,0.0,78.25,21.33,0.42,2155.0
0.0,0.0,0.0,78.25,21.33,0.42,2155.0
0.0,0.0,0.0,78.25,21.33,0.42,2155.0
0.0,0.0,0.0,78.25,21.33,0.42,2155.0
0.0,0.0,0.0,78.25,21.33,0.42,2155.0
0.0,0.0,0.0,78.25,21.33,0.42,2155.0
0.0,0.0,0.0,78.25,21.33,0.42,2155.0
0.0,0.0,0.0,78.25,21.33,0.42,2155.0
0.0,0.0,0.0,78.25,21.33,0.42,2155.0
0.0,0.0,0.0,78.25,21.33,0.42,2155.0
0.0,0.0,0.0,78.25,21.33,0.42,2155.0
0.0,0.0,0.0,78.25,21.33,0.42,2155.0
0.0,0.0,0.0,78.25,21.33,0.42,2155.0
0.0,0.0,0.0,78.25,21.33,0.42,2155.0
0.0,0.0,0.0,78.25,21.33,0.42,2155.0
0.0,0.0,0.0,78.25,21.33,0.42,2155.0
0.0,0.0,0.0,78.25,21.33,0.42,2155.0
0.0,0.0,0.0,78.25,21.33,0.42,2155.0
0.0,0.0,0.0,78.25,21.33,0.42,2155.0
0.0,0.0,0.0,78.25,21.33,0.42,2155.0
0.0,0.0,0.0,78.25,21.33,0.42,2155.0
0.0,0.0,0.0,78.25,21.33,0.42,2155.0
0.0,0.0,0.0,78.25,21.33,0.42,2155.0
0.0,0.0,0.0,78.25,21.33,0.42,2155.0
0.0,0.0,0.0,78.25,21.33,0.42,2155.0
0.0,0.0,0.0,78.25,21.33,0.42,2155.0
0.0,0.0,0.0,78.25,21.33,0.42,2155.0
0.0,0.0,0.0,78.25,21.33,0.42,2155.0
0.0,0.0,0.0,78.25,21.33,0.42,2155.0
0.0,0.0,0.0,78.25,21.33,0.42,2155.0
0.0,0.0,0.0,78.25,21.33,0.42,2155.0
0.0,0.0,0.0,78.25,21.33,0.42,2155.0
0.0,0.0,0.0,78.25,21.33,0.42,2155.0