incubando,i_mild,i_grave,susceptibles,recuperados,muertos,infectados_totales
1.17,0.0,0.0,98.53,0.3,0.0,117.0
1.4,0.0,0.0,98.3,0.3,0.0,140.33
1.54,0.0,0.0,98.16,0.3,0.0,154.0
1.64,0.0,0.0,98.06,0.3,0.0,164.0
1.68,0.0,0.0,98.02,0.3,0.0,168.33
1.74,0.0,0.0,97.96,0.3,0.0,174.33
1.78,0.0,0.0,97.92,0.3,0.0,177.67
0.69,0.89,0.28,97.84,0.3,0.0,186.33
0.53,1.05,0.35,97.77,0.3,0.0,193.33
0.42,1.14,0.4,97.74,0.3,0.0,196.0
0.35,1.21,0.43,97.71,0.3,0.0,198.67
0.32,1.25,0.43,97.7,0.3,0.0,200.0
0.27,1.31,0.43,97.69,0.3,0.0,201.33
0.33,1.34,0.44,97.59,0.3,0.0,211.0
0.34,1.4,0.46,97.5,0.3,0.0,220.0
0.39,1.45,0.48,97.38,0.3,0.0,232.33
0.42,1.47,0.48,97.32,0.3,0.01,238.33
0.52,0.61,0.49,97.19,1.19,0.01,250.67
0.7,0.45,0.49,97.0,1.35,0.01,270.33
0.76,0.38,0.49,96.93,1.44,0.01,277.33
0.72,0.36,0.53,96.87,1.51,0.01,282.67
0.65,0.4,0.55,96.85,1.55,0.01,285.33
0.67,0.42,0.59,96.71,1.61,0.01,299.33
0.74,0.44,0.6,96.58,1.64,0.01,312.33
0.72,0.45,0.64,96.48,1.7,0.01,322.33
0.67,0.55,0.69,96.33,1.75,0.01,337.0
0.69,0.58,0.71,96.24,1.77,0.01,346.0
0.7,0.59,0.73,96.17,1.79,0.02,352.67
0.75,0.59,0.46,96.1,2.08,0.02,360.33
0.7,0.68,0.44,96.01,2.15,0.02,369.33
0.75,0.71,0.43,95.82,2.26,0.02,387.67
0.76,0.71,0.43,95.71,2.35,0.02,398.67
0.76,0.75,0.46,95.57,2.44,0.02,412.67
0.78,0.75,0.5,95.46,2.49,0.02,423.67
0.9,0.73,0.51,95.28,2.57,0.02,442.33
0.93,0.63,0.51,95.17,2.74,0.02,453.0
0.95,0.65,0.51,95.06,2.81,0.02,464.0
0.84,0.74,0.56,94.98,2.85,0.02,472.0
0.82,0.8,0.59,94.89,2.87,0.03,480.67
0.74,0.81,0.61,94.83,2.97,0.03,486.67
0.67,0.82,0.63,94.79,3.06,0.03,490.67
0.54,0.87,0.65,94.73,3.17,0.03,496.67
0.45,0.82,0.67,94.72,3.31,0.03,498.33
0.59,0.85,0.66,94.47,3.4,0.04,523.33
0.6,0.86,0.65,94.38,3.46,0.05,532.33
0.67,0.86,0.64,94.22,3.56,0.05,548.0
0.65,0.83,0.62,94.19,3.68,0.05,551.33
0.7,0.73,0.61,94.09,3.82,0.05,560.67
0.68,0.7,0.6,94.06,3.92,0.05,564.33
0.72,0.61,0.58,94.0,4.04,0.06,570.33
0.55,0.72,0.6,93.92,4.16,0.06,578.0
0.58,0.65,0.58,93.8,4.33,0.06,590.33
0.67,0.69,0.61,93.55,4.42,0.06,615.33
0.71,0.63,0.59,93.48,4.53,0.06,622.0
0.68,0.63,0.58,93.41,4.63,0.06,628.67
0.81,0.61,0.57,93.25,4.69,0.07,645.0
0.81,0.61,0.58,93.19,4.75,0.07,651.33
0.79,0.62,0.59,93.13,4.8,0.07,657.0
0.71,0.66,0.57,93.08,4.9,0.07,661.67
0.52,0.83,0.61,93.03,4.95,0.07,667.0
0.52,0.68,0.59,92.96,5.18,0.07,673.67
0.49,0.66,0.6,92.93,5.26,0.07,677.33
0.36,0.7,0.56,92.89,5.41,0.07,681.0
0.31,0.72,0.54,92.87,5.48,0.08,682.67
0.31,0.7,0.52,92.82,5.57,0.08,687.67
0.33,0.69,0.52,92.76,5.62,0.08,694.33
0.29,0.7,0.5,92.74,5.69,0.08,696.33
0.39,0.71,0.5,92.58,5.75,0.08,712.33
0.64,0.64,0.51,92.29,5.84,0.08,741.33
0.78,0.49,0.5,92.11,6.04,0.08,759.0
0.96,0.44,0.51,91.91,6.09,0.08,779.0
1.01,0.44,0.47,91.81,6.18,0.08,789.0
1.05,0.36,0.45,91.71,6.36,0.08,799.33
1.12,0.33,0.4,91.61,6.45,0.09,808.67
1.08,0.39,0.44,91.5,6.5,0.09,820.0
0.91,0.57,0.49,91.38,6.56,0.09,832.33
0.81,0.65,0.55,91.3,6.6,0.09,839.67
0.63,0.73,0.59,91.28,6.68,0.09,841.67
0.56,0.77,0.6,91.25,6.73,0.09,845.33
0.52,0.81,0.59,91.19,6.79,0.1,851.0
0.5,0.87,0.56,91.11,6.86,0.1,859.0
0.51,0.9,0.59,90.99,6.91,0.1,871.0
0.41,0.92,0.6,90.96,7.0,0.1,873.67
0.37,0.96,0.6,90.94,7.03,0.11,876.33
0.37,0.87,0.58,90.92,7.16,0.11,878.33
0.35,0.67,0.59,90.9,7.38,0.11,880.0
0.3,0.61,0.58,90.89,7.51,0.11,881.33
0.39,0.54,0.58,90.72,7.65,0.12,898.0
0.35,0.56,0.6,90.64,7.73,0.12,906.33
0.38,0.5,0.59,90.59,7.82,0.12,911.33
0.4,0.46,0.59,90.54,7.9,0.12,916.0
0.38,0.4,0.58,90.53,7.97,0.13,916.67
0.38,0.33,0.58,90.52,8.07,0.13,918.0
0.49,0.28,0.58,90.4,8.12,0.13,930.0
0.36,0.38,0.62,90.36,8.14,0.14,933.67
0.29,0.43,0.58,90.35,8.2,0.15,935.0
0.24,0.42,0.51,90.34,8.33,0.15,935.67
0.2,0.4,0.46,90.34,8.45,0.15,936.33
0.21,0.32,0.4,90.32,8.59,0.15,938.0
0.2,0.32,0.36,90.32,8.65,0.16,938.33
0.09,0.39,0.36,90.31,8.69,0.16,938.67
0.06,0.4,0.35,90.31,8.73,0.16,939.33
0.07,0.39,0.32,90.28,8.78,0.16,941.67
0.07,0.4,0.28,90.28,8.81,0.16,942.33
0.06,0.3,0.26,90.28,8.94,0.16,942.33
0.04,0.24,0.26,90.28,9.02,0.16,942.33
0.04,0.2,0.24,90.28,9.08,0.16,942.33
0.04,0.17,0.23,90.27,9.12,0.16,942.67
0.03,0.17,0.22,90.27,9.14,0.16,942.67
0.01,0.18,0.19,90.27,9.19,0.16,942.67
0.01,0.09,0.18,90.27,9.29,0.16,943.0
0.01,0.07,0.18,90.27,9.32,0.16,943.0
0.01,0.06,0.17,90.27,9.33,0.16,943.0
0.01,0.05,0.17,90.27,9.34,0.16,943.0
0.0,0.05,0.16,90.27,9.36,0.17,943.0
0.0,0.03,0.1,90.27,9.43,0.17,943.0
0.0,0.03,0.08,90.27,9.44,0.17,943.0
0.0,0.03,0.08,90.27,9.46,0.17,943.0
0.0,0.02,0.06,90.27,9.48,0.17,943.33
0.0,0.01,0.06,90.27,9.49,0.17,943.33
0.0,0.0,0.06,90.27,9.5,0.17,943.33
0.0,0.0,0.04,90.27,9.52,0.17,943.33
0.0,0.0,0.02,90.27,9.54,0.17,943.33
0.0,0.0,0.02,90.27,9.54,0.17,943.33
0.0,0.0,0.02,90.27,9.55,0.17,943.33
0.0,0.0,0.02,90.27,9.55,0.17,943.33
0.0,0.0,0.01,90.27,9.55,0.17,943.33
0.0,0.0,0.01,90.27,9.55,0.17,943.33
0.0,0.0,0.01,90.27,9.55,0.17,943.33
0.0,0.0,0.01,90.27,9.55,0.17,943.33
0.0,0.0,0.0,90.27,9.56,0.17,943.33
0.0,0.0,0.0,90.27,9.56,0.17,943.33
0.0,0.0,0.0,90.27,9.56,0.17,943.33
0.0,0.0,0.0,90.27,9.56,0.17,943.33
0.0,0.0,0.0,90.27,9.56,0.17,943.33
0.0,0.0,0.0,90.27,9.56,0.17,943.33
0.0,0.0,0.0,90.27,9.56,0.17,943.33
0.0,0.0,0.0,90.27,9.56,0.17,943.33
0.0,0.0,0.0,90.27,9.57,0.17,943.33
0.0,0.0,0.0,90.27,9.57,0.17,943.33
0.0,0.0,0.0,90.27,9.57,0.17,943.33
0.0,0.0,0.0,90.27,9.57,0.17,943.33
0.0,0.0,0.0,90.27,9.57,0.17,943.33
0.0,0.0,0.0,90.27,9.57,0.17,943.33
0.0,0.0,0.0,90.27,9.57,0.17,943.33
0.0,0.0,0.0,90.27,9.57,0.17,943.33
0.0,0.0,0.0,90.27,9.57,0.17,943.33
0.0,0.0,0.0,90.27,9.57,0.17,943.33
0.0,0.0,0.0,90.27,9.57,0.17,943.33
0.0,0.0,0.0,90.27,9.57,0.17,943.33
0.0,0.0,0.0,90.27,9.57,0.17,943.33
0.0,0.0,0.0,90.27,9.57,0.17,943.33
0.0,0.0,0.0,90.27,9.57,0.17,943.33
0.0,0.0,0.0,90.27,9.57,0.17,943.33
0.0,0.0,0.0,90.27,9.57,0.17,943.33
0.0,0.0,0.0,90.27,9.57,0.17,943.33
0.0,0.0,0.0,90.27,9.57,0.17,943.33
0.0,0.0,0.0,90.27,9.57,0.17,943.33
0.0,0.0,0.0,90.27,9.57,0.17,943.33
0.0,0.0,0.0,90.27,9.57,0.17,943.33
0.0,0.0,0.0,90.27,9.57,0.17,943.33
0.0,0.0,0.0,90.27,9.57,0.17,943.33
0.0,0.0,0.0,90.27,9.57,0.17,943.33
0.0,0.0,0.0,90.27,9.57,0.17,943.33
0.0,0.0,0.0,90.27,9.57,0.17,943.33
0.0,0.0,0.0,90.27,9.57,0.17,943.33
0.0,0.0,0.0,90.27,9.57,0.17,943.33
0.0,0.0,0.0,90.27,9.57,0.17,943.33
0.0,0.0,0.0,90.27,9.57,0.17,943.33
0.0,0.0,0.0,90.27,9.57,0.17,943.33
0.0,0.0,0.0,90.27,9.57,0.17,943.33
0.0,0.0,0.0,90.27,9.57,0.17,943.33
0.0,0.0,0.0,90.27,9.57,0.17,943.33
0.0,0.0,0.0,90.27,9.57,0.17,943.33
0.0,0.0,0.0,90.27,9.57,0.17,943.33
0.0,0.0,0.0,90.27,9.57,0.17,943.33
0.0,0.0,0.0,90.27,9.57,0.17,943.33
0.0,0.0,0.0,90.27,9.57,0.17,943.33
0.0,0.0,0.0,90.27,9.57,0.17,943.33
0.0,0.0,0.0,90.27,9.57,0.17,943.33
0.0,0.0,0.0,90.27,9.57,0.17,943.33
0.0,0.0,0.0,90.27,9.57,0.17,943.33
0.0,0.0,0.0,90.27,9.57,0.17,943.33
0.0,0.0,0.0,90.27,9.57,0.17,943.33
0.0,0.0,0.0,90.27,9.57,0.17,943.33
0.0,0.0,0.0,90.27,9.57,0.17,943.33
0.0,0.0,0.0,90.27,9.57,0.17,943.33
0.0,0.0,0.0,90.27,9.57,0.17,943.33
0.0,0.0,0.0,90.27,9.57,0.17,943.33
0.0,0.0,0.0,90.27,9.57,0.17,943.33
0.0,0.0,0.0,90.27,9.57,0.17,943.33
0.0,0.0,0.0,90.27,9.57,0.17,943.33
0.0,0.0,0.0,90.27,9.57,0.17,943.33
0.0,0.0,0.0,90.27,9.57,0.17,943.33
0.0,0.0,0.0,90.27,9.57,0.17,943.33
0.0,0.0,0.0,90.27,9.57,0.17,943.33
0.0,0.0,0.0,90.27,9.57,0.17,943.33
0.0,0.0,0.0,90.27,9.57,0.17,943.33
0.0,0.0,0.0,90.27,9.57,0.17,943.33
0.0,0.0,0.0,90.27,9.57,0.17,943.33
0.0,0.0,0.0,90.27,9.57,0.17,943.33
0.0,0.0,0.0,90.27,9.57,0.17,943.33
0.0,0.0,0.0,90.27,9.57,0.17,943.33
0.0,0.0,0.0,90.27,9.57,0.17,943.33
0.0,0.0,0.0,90.27,9.57,0.17,943.33
0.0,0.0,0.0,90.27,9.57,0.17,943.33
0.0,0.0,0.0,90.27,9.57,0.17,943.33
0.0,0.0,0.0,90.27,9.57,0.17,943.33
0.0,0.0,0.0,90.27,9.57,0.17,943.33
0.0,0.0,0.0,90.27,9.57,0.17,943.33
0.0,0.0,0.0,90.27,9.57,0.17,943.33
0.0,0.0,0.0,90.27,9.57,0.17,943.33
0.0,0.0,0.0,90.27,9.57,0.17,943.33
0.0,0.0,0.0,90.27,9.57,0.17,943.33
0.0,0.0,0.0,90.27,9.57,0.17,943.33
0.0,0.0,0.0,90.27,9.57,0.17,943.33
0.0,0.0,0.0,90.27,9.57,0.17,943.33
0.0,0.0,0.0,90.27,9.57,0.17,943.33
0.0,0.0,0.0,90.27,9.57,0.17,943.33
0.0,0.0,0.0,90.27,9.57,0.17,943.33
0.0,0.0,0.0,90.27,9.57,0.17,943.33
0.0,0.0,0.0,90.27,9.57,0.17,943.33
0.0,0.0,0.0,90.27,9.57,0.17,943.33
0.0,0.0,0.0,90.27,9.57,0.17,943.33
0.0,0.0,0.0,90.27,9.57,0.17,943.33
0.0,0.0,0.0,90.27,9.57,0.17,943.33
0.0,0.0,0.0,90.27,9.57,0.17,943.33
0.0,0.0,0.0,90.27,9.57,0.17,943.33
0.0,0.0,0.0,90.27,9.57,0.17,943.33
0.0,0.0,0.0,90.27,9.57,0.17,943.33
0.0,0.0,0.0,90.27,9.57,0.17,943.33
0.0,0.0,0.0,90.27,9.57,0.17,943.33
0.0,0.0,0.0,90.27,9.57,0.17,943.33
0.0,0.0,0.0,90.27,9.57,0.17,943.33
0.0,0.0,0.0,90.27,9.57,0.17,943.33
0.0,0.0,0.0,90.27,9.57,0.17,943.33
0.0,0.0,0.0,90.27,9.57,0.17,943.33
0.0,0.0,0.0,90.27,9.57,0.17,943.33
0.0,0.0,0.0,90.27,9.57,0.17,943.33
0.0,0.0,0.0,90.27,9.57,0.17,943.33
0.0,0.0,0.0,90.27,9.57,0.17,943.33
0.0,0.0,0.0,90.27,9.57,0.17,943.33
0.0,0.0,0.0,90.27,9.57,0.17,943.33
0.0,0.0,0.0,90.27,9.57,0.17,943.33
0.0,0.0,0.0,90.27,9.57,0.17,943.33
0.0,0.0,0.0,90.27,9.57,0.17,943.33
0.0,0.0,0.0,90.27,9.57,0.17,943.33
0.0,0.0,0.0,90.27,9.57,0.17,943.33
0.0,0.0,0.0,90.27,9.57,0.17,943.33
0.0,0.0,0.0,90.27,9.57,0.17,943.33
0.0,0.0,0.0,90.27,9.57,0.17,943.33
0.0,0.0,0.0,90.27,9.57,0.17,943.33
0.0,0.0,0.0,90.27,9.57,0.17,943.33
0.0,0.0,0.0,90.27,9.57,0.17,943.33
0.0,0.0,0.0,90.27,9.57,0.17,943.33
0.0,0.0,0.0,90.27,9.57,0.17,943.33
0.0,0.0,0.0,90.27,9.57,0.17,943.33
0.0,0.0,0.0,90.27,9.57,0.17,943.33
0.0,0.0,0.0,90.27,9.57,0.17,943.33
0.0,0.0,0.0,90.27,9.57,0.17,943.33
0.0,0.0,0.0,90.27,9.57,0.17,943.33
0.0,0.0,0.0,90.27,9.57,0.17,943.33
0.0,0.0,0.0,90.27,9.57,0.17,943.33
0.0,0.0,0.0,90.27,9.57,0.17,943.33
0.0,0.0,0.0,90.27,9.57,0.17,943.33
0.0,0.0,0.0,90.27,9.57,0.17,943.33
0.0,0.0,0.0,90.27,9.57,0.17,943.33
0.0,0.0,0.0,90.27,9.57,0.17,943.33
0.0,0.0,0.0,90.27,9.57,0.17,943.33
0.0,0.0,0.0,90.27,9.57,0.17,943.33
0.0,0.0,0.0,90.27,9.57,0.17,943.33
0.0,0.0,0.0,90.27,9.57,0.17,943.33
0.0,0.0,0.0,90.27,9.57,0.17,943.33
0.0,0.0,0.0,90.27,9.57,0.17,943.33
0.0,0.0,0.0,90.27,9.57,0.17,943.33
0.0,0.0,0.0,90.27,9.57,0.17,943.33
0.0,0.0,0.0,90.27,9.57,0.17,943.33
0.0,0.0,0.0,90.27,9.57,0.17,943.33
0.0,0.0,0.0,90.27,9.57,0.17,943.33
0.0,0.0,0.0,90.27,9.57,0.17,943.33
0.0,0.0,0.0,90.27,9.57,0.17,943.33
0.0,0.0,0.0,90.27,9.57,0.17,943.33
0.0,0.0,0.0,90.27,9.57,0.17,943.33
0.0,0.0,0.0,90.27,9.57,0.17,943.33
0.0,0.0,0.0,90.27,9.57,0.17,943.33
0.0,0.0,0.0,90.27,9.57,0.17,943.33
0.0,0.0,0.0,90.27,9.57,0.17,943.33
0.0,0.0,0.0,90.27,9.57,0.17,943.33
0.0,0.0,0.0,90.27,9.57,0.17,943.33
0.0,0.0,0.0,90.27,9.57,0.17,943.33
0.0,0.0,0.0,90.27,9.57,0.17,943.33
0.0,0.0,0.0,90.27,9.57,0.17,943.33
0.0,0.0,0.0,90.27,9.57,0.17,943.33
0.0,0.0,0.0,90.27,9.57,0.17,943.33
0.0,0.0,0.0,90.27,9.57,0.17,943.33
0.0,0.0,0.0,90.27,9.57,0.17,943.33
0.0,0.0,0.0,90.27,9.57,0.17,943.33
0.0,0.0,0.0,90.27,9.57,0.17,943.33
0.0,0.0,0.0,90.27,9.57,0.17,943.33
0.0,0.0,0.0,90.27,9.57,0.17,943.33