incubando,i_mild,i_grave,susceptibles,recuperados,muertos,infectados_totales
0.52,0.0,0.0,99.38,0.1,0.0,52.0
0.9,0.0,0.0,99.0,0.1,0.0,90.0
1.0,0.0,0.0,98.9,0.1,0.0,100.33
1.1,0.0,0.0,98.8,0.1,0.0,110.0
1.43,0.0,0.0,98.47,0.1,0.0,143.33
1.8,0.0,0.0,98.1,0.1,0.0,180.33
2.31,0.0,0.0,97.59,0.1,0.0,231.33
2.11,0.38,0.14,97.27,0.1,0.0,263.0
8.19,0.67,0.23,90.81,0.1,0.0,908.67
10.33,0.74,0.26,88.57,0.1,0.0,1133.0
12.63,0.82,0.28,86.17,0.1,0.0,1372.67
14.94,1.05,0.38,83.53,0.1,0.0,1637.33
22.24,1.34,0.46,75.85,0.1,0.01,2404.67
25.01,1.71,0.6,72.58,0.1,0.01,2732.0
26.95,1.95,0.68,70.32,0.1,0.01,2957.67
28.04,6.48,2.6,62.77,0.1,0.01,3713.0
29.06,8.04,3.27,59.51,0.1,0.02,4038.67
29.56,9.4,3.92,56.61,0.48,0.02,4329.0
29.47,10.9,4.75,54.06,0.77,0.05,4584.0
23.02,16.19,7.06,52.83,0.84,0.06,4706.67
21.2,18.4,8.01,51.38,0.92,0.09,4852.0
19.46,19.76,8.64,50.86,1.15,0.12,4904.0
12.86,24.94,10.7,49.91,1.44,0.15,4999.0
10.02,26.87,11.64,49.49,1.81,0.17,5041.0
7.53,28.69,12.46,49.08,2.05,0.19,5082.0
5.11,25.96,13.17,48.95,6.58,0.23,5094.67
4.02,25.26,13.5,48.81,8.14,0.26,5108.67
2.65,24.47,13.96,48.73,9.88,0.3,5116.67
2.16,23.09,13.92,48.7,11.8,0.34,5120.0
1.23,18.37,14.1,48.68,17.24,0.38,5122.33
0.86,16.35,14.16,48.63,19.56,0.43,5127.0
0.49,15.05,14.25,48.59,21.16,0.46,5131.0
0.4,9.68,14.14,48.56,26.73,0.5,5134.33
0.27,7.49,14.05,48.55,29.11,0.54,5135.33
0.19,5.49,13.88,48.54,31.31,0.58,5135.67
0.17,3.72,13.78,48.53,33.18,0.61,5137.0
0.15,2.87,11.91,48.53,35.88,0.66,5137.33
0.1,1.95,11.28,48.53,37.46,0.68,5137.33
0.07,1.57,10.65,48.52,38.48,0.7,5137.67
0.03,0.95,9.81,48.52,39.94,0.74,5137.67
0.02,0.68,7.58,48.52,42.42,0.76,5137.67
0.02,0.4,6.65,48.52,43.62,0.78,5137.67
0.01,0.3,6.04,48.52,44.34,0.79,5137.67
0.0,0.21,4.07,48.52,46.39,0.81,5137.67
0.0,0.14,3.13,48.52,47.36,0.84,5137.67
0.0,0.11,2.34,48.52,48.17,0.85,5137.67
0.0,0.09,1.62,48.52,48.9,0.86,5137.67
0.0,0.06,1.28,48.52,49.27,0.86,5137.67
0.0,0.04,0.8,48.52,49.77,0.87,5137.67
0.0,0.02,0.69,48.52,49.9,0.87,5137.67
0.0,0.02,0.39,48.52,50.2,0.87,5137.67
0.0,0.01,0.25,48.52,50.35,0.87,5137.67
0.0,0.01,0.13,48.52,50.47,0.87,5137.67
0.0,0.0,0.11,48.52,50.49,0.87,5137.67
0.0,0.0,0.08,48.52,50.53,0.87,5137.67
0.0,0.0,0.06,48.52,50.55,0.87,5137.67
0.0,0.0,0.06,48.52,50.55,0.87,5137.67
0.0,0.0,0.06,48.52,50.55,0.87,5137.67
0.0,0.0,0.04,48.52,50.57,0.87,5137.67
0.0,0.0,0.03,48.52,50.58,0.87,5137.67
0.0,0.0,0.01,48.52,50.6,0.87,5137.67
0.0,0.0,0.01,48.52,50.6,0.87,5137.67
0.0,0.0,0.01,48.52,50.6,0.87,5137.67
0.0,0.0,0.0,48.52,50.61,0.87,5137.67
0.0,0.0,0.0,48.52,50.61,0.87,5137.67
0.0,0.0,0.0,48.52,50.61,0.87,5137.67
0.0,0.0,0.0,48.52,50.61,0.87,5137.67
0.0,0.0,0.0,48.52,50.61,0.87,5137.67
0.0,0.0,0.0,48.52,50.61,0.87,5137.67
0.0,0.0,0.0,48.52,50.61,0.87,5137.67
0.0,0.0,0.0,48.52,50.61,0.87,5137.67
0.0,0.0,0.0,48.52,50.61,0.87,5137.67
0.0,0.0,0.0,48.52,50.61,0.87,5137.67
0.0,0.0,0.0,48.52,50.61,0.87,5137.67
0.0,0.0,0.0,48.52,50.61,0.87,5137.67
0.0,0.0,0.0,48.52,50.61,0.87,5137.67
0.0,0.0,0.0,48.52,50.61,0.87,5137.67
0.0,0.0,0.0,48.52,50.61,0.87,5137.67
0.0,0.0,0.0,48.52,50.61,0.87,5137.67
0.0,0.0,0.0,48.52,50.61,0.87,5137.67
0.0,0.0,0.0,48.52,50.61,0.87,5137.67
0.0,0.0,0.0,48.52,50.61,0.87,5137.67
0.0,0.0,0.0,48.52,50.61,0.87,5137.67
0.0,0.0,0.0,48.52,50.61,0.87,5137.67
0.0,0.0,0.0,48.52,50.61,0.87,5137.67
0.0,0.0,0.0,48.52,50.61,0.87,5137.67
0.0,0.0,0.0,48.52,50.61,0.87,5137.67
0.0,0.0,0.0,48.52,50.61,0.87,5137.67
0.0,0.0,0.0,48.52,50.61,0.87,5137.67
0.0,0.0,0.0,48.52,50.61,0.87,5137.67
0.0,0.0,0.0,48.52,50.61,0.87,5137.67
0.0,0.0,0.0,48.52,50.61,0.87,5137.67
0.0,0.0,0.0,48.52,50.61,0.87,5137.67
0.0,0.0,0.0,48.52,50.61,0.87,5137.67
0.0,0.0,0.0,48.52,50.61,0.87,5137.67
0.0,0.0,0.0,48.52,50.61,0.87,5137.67
0.0,0.0,0.0,48.52,50.61,0.87,5137.67
0.0,0.0,0.0,48.52,50.61,0.87,5137.67
0.0,0.0,0.0,48.52,50.61,0.87,5137.67
0.0,0.0,0.0,48.52,50.61,0.87,5137.67
0.0,0.0,0.0,48.52,50.61,0.87,5137.67
0.0,0.0,0.0,48.52,50.61,0.87,5137.67
0.0,0.0,0.0,48.52,50.61,0.87,5137.67
0.0,0.0,0.0,48.52,50.61,0.87,5137.67
0.0,0.0,0.0,48.52,50.61,0.87,5137.67
0.0,0.0,0.0,48.52,50.61,0.87,5137.67
0.0,0.0,0.0,48.52,50.61,0.87,5137.67
0.0,0.0,0.0,48.52,50.61,0.87,5137.67
0.0,0.0,0.0,48.52,50.61,0.87,5137.67
0.0,0.0,0.0,48.52,50.61,0.87,5137.67
0.0,0.0,0.0,48.52,50.61,0.87,5137.67
0.0,0.0,0.0,48.52,50.61,0.87,5137.67
0.0,0.0,0.0,48.52,50.61,0.87,5137.67
0.0,0.0,0.0,48.52,50.61,0.87,5137.67
0.0,0.0,0.0,48.52,50.61,0.87,5137.67
0.0,0.0,0.0,48.52,50.61,0.87,5137.67
0.0,0.0,0.0,48.52,50.61,0.87,5137.67
0.0,0.0,0.0,48.52,50.61,0.87,5137.67
0.0,0.0,0.0,48.52,50.61,0.87,5137.67
0.0,0.0,0.0,48.52,50.61,0.87,5137.67
0.0,0.0,0.0,48.52,50.61,0.87,5137.67
0.0,0.0,0.0,48.52,50.61,0.87,5137.67
0.0,0.0,0.0,48.52,50.61,0.87,5137.67
0.0,0.0,0.0,48.52,50.61,0.87,5137.67
0.0,0.0,0.0,48.52,50.61,0.87,5137.67
0.0,0.0,0.0,48.52,50.61,0.87,5137.67
0.0,0.0,0.0,48.52,50.61,0.87,5137.67
0.0,0.0,0.0,48.52,50.61,0.87,5137.67
0.0,0.0,0.0,48.52,50.61,0.87,5137.67
0.0,0.0,0.0,48.52,50.61,0.87,5137.67
0.0,0.0,0.0,48.52,50.61,0.87,5137.67
0.0,0.0,0.0,48.52,50.61,0.87,5137.67
0.0,0.0,0.0,48.52,50.61,0.87,5137.67
0.0,0.0,0.0,48.52,50.61,0.87,5137.67
0.0,0.0,0.0,48.52,50.61,0.87,5137.67
0.0,0.0,0.0,48.52,50.61,0.87,5137.67
0.0,0.0,0.0,48.52,50.61,0.87,5137.67
0.0,0.0,0.0,48.52,50.61,0.87,5137.67
0.0,0.0,0.0,48.52,50.61,0.87,5137.67
0.0,0.0,0.0,48.52,50.61,0.87,5137.67
0.0,0.0,0.0,48.52,50.61,0.87,5137.67
0.0,0.0,0.0,48.52,50.61,0.87,5137.67
0.0,0.0,0.0,48.52,50.61,0.87,5137.67
0.0,0.0,0.0,48.52,50.61,0.87,5137.67
0.0,0.0,0.0,48.52,50.61,0.87,5137.67
0.0,0.0,0.0,48.52,50.61,0.87,5137.67
0.0,0.0,0.0,48.52,50.61,0.87,5137.67
0.0,0.0,0.0,48.52,50.61,0.87,5137.67
0.0,0.0,0.0,48.52,50.61,0.87,5137.67
0.0,0.0,0.0,48.52,50.61,0.87,5137.67
0.0,0.0,0.0,48.52,50.61,0.87,5137.67
0.0,0.0,0.0,48.52,50.61,0.87,5137.67
0.0,0.0,0.0,48.52,50.61,0.87,5137.67
0.0,0.0,0.0,48.52,50.61,0.87,5137.67
0.0,0.0,0.0,48.52,50.61,0.87,5137.67
0.0,0.0,0.0,48.52,50.61,0.87,5137.67
0.0,0.0,0.0,48.52,50.61,0.87,5137.67
0.0,0.0,0.0,48.52,50.61,0.87,5137.67
0.0,0.0,0.0,48.52,50.61,0.87,5137.67
0.0,0.0,0.0,48.52,50.61,0.87,5137.67
0.0,0.0,0.0,48.52,50.61,0.87,5137.67
0.0,0.0,0.0,48.52,50.61,0.87,5137.67
0.0,0.0,0.0,48.52,50.61,0.87,5137.67
0.0,0.0,0.0,48.52,50.61,0.87,5137.67
0.0,0.0,0.0,48.52,50.61,0.87,5137.67
0.0,0.0,0.0,48.52,50.61,0.87,5137.67
0.0,0.0,0.0,48.52,50.61,0.87,5137.67
0.0,0.0,0.0,48.52,50.61,0.87,5137.67
0.0,0.0,0.0,48.52,50.61,0.87,5137.67
0.0,0.0,0.0,48.52,50.61,0.87,5137.67
0.0,0.0,0.0,48.52,50.61,0.87,5137.67
0.0,0.0,0.0,48.52,50.61,0.87,5137.67
0.0,0.0,0.0,48.52,50.61,0.87,5137.67
0.0,0.0,0.0,48.52,50.61,0.87,5137.67
0.0,0.0,0.0,48.52,50.61,0.87,5137.67
0.0,0.0,0.0,48.52,50.61,0.87,5137.67
0.0,0.0,0.0,48.52,50.61,0.87,5137.67
0.0,0.0,0.0,48.52,50.61,0.87,5137.67
0.0,0.0,0.0,48.52,50.61,0.87,5137.67
0.0,0.0,0.0,48.52,50.61,0.87,5137.67
0.0,0.0,0.0,48.52,50.61,0.87,5137.67
0.0,0.0,0.0,48.52,50.61,0.87,5137.67
0.0,0.0,0.0,48.52,50.61,0.87,5137.67
0.0,0.0,0.0,48.52,50.61,0.87,5137.67
0.0,0.0,0.0,48.52,50.61,0.87,5137.67
0.0,0.0,0.0,48.52,50.61,0.87,5137.67
0.0,0.0,0.0,48.52,50.61,0.87,5137.67
0.0,0.0,0.0,48.52,50.61,0.87,5137.67
0.0,0.0,0.0,48.52,50.61,0.87,5137.67
0.0,0.0,0.0,48.52,50.61,0.87,5137.67
0.0,0.0,0.0,48.52,50.61,0.87,5137.67
0.0,0.0,0.0,48.52,50.61,0.87,5137.67
0.0,0.0,0.0,48.52,50.61,0.87,5137.67
0.0,0.0,0.0,48.52,50.61,0.87,5137.67
0.0,0.0,0.0,48.52,50.61,0.87,5137.67
0.0,0.0,0.0,48.52,50.61,0.87,5137.67
0.0,0.0,0.0,48.52,50.61,0.87,5137.67
0.0,0.0,0.0,48.52,50.61,0.87,5137.67
0.0,0.0,0.0,48.52,50.61,0.87,5137.67
0.0,0.0,0.0,48.52,50.61,0.87,5137.67
0.0,0.0,0.0,48.52,50.61,0.87,5137.67
0.0,0.0,0.0,48.52,50.61,0.87,5137.67
0.0,0.0,0.0,48.52,50.61,0.87,5137.67
0.0,0.0,0.0,48.52,50.61,0.87,5137.67
0.0,0.0,0.0,48.52,50.61,0.87,5137.67
0.0,0.0,0.0,48.52,50.61,0.87,5137.67
0.0,0.0,0.0,48.52,50.61,0.87,5137.67
0.0,0.0,0.0,48.52,50.61,0.87,5137.67
0.0,0.0,0.0,48.52,50.61,0.87,5137.67
0.0,0.0,0.0,48.52,50.61,0.87,5137.67
0.0,0.0,0.0,48.52,50.61,0.87,5137.67
0.0,0.0,0.0,48.52,50.61,0.87,5137.67
0.0,0.0,0.0,48.52,50.61,0.87,5137.67
0.0,0.0,0.0,48.52,50.61,0.87,5137.67
0.0,0.0,0.0,48.52,50.61,0.87,5137.67
0.0,0.0,0.0,48.52,50.61,0.87,5137.67
0.0,0.0,0.0,48.52,50.61,0.87,5137.67
0.0,0.0,0.0,48.52,50.61,0.87,5137.67
0.0,0.0,0.0,48.52,50.61,0.87,5137.67
0.0,0.0,0.0,48.52,50.61,0.87,5137.67
0.0,0.0,0.0,48.52,50.61,0.87,5137.67
0.0,0.0,0.0,48.52,50.61,0.87,5137.67
0.0,0.0,0.0,48.52,50.61,0.87,5137.67
0.0,0.0,0.0,48.52,50.61,0.87,5137.67
0.0,0.0,0.0,48.52,50.61,0.87,5137.67
0.0,0.0,0.0,48.52,50.61,0.87,5137.67
0.0,0.0,0.0,48.52,50.61,0.87,5137.67
0.0,0.0,0.0,48.52,50.61,0.87,5137.67
0.0,0.0,0.0,48.52,50.61,0.87,5137.67
0.0,0.0,0.0,48.52,50.61,0.87,5137.67
0.0,0.0,0.0,48.52,50.61,0.87,5137.67
0.0,0.0,0.0,48.52,50.61,0.87,5137.67
0.0,0.0,0.0,48.52,50.61,0.87,5137.67
0.0,0.0,0.0,48.52,50.61,0.87,5137.67
0.0,0.0,0.0,48.52,50.61,0.87,5137.67
0.0,0.0,0.0,48.52,50.61,0.87,5137.67
0.0,0.0,0.0,48.52,50.61,0.87,5137.67
0.0,0.0,0.0,48.52,50.61,0.87,5137.67
0.0,0.0,0.0,48.52,50.61,0.87,5137.67
0.0,0.0,0.0,48.52,50.61,0.87,5137.67
0.0,0.0,0.0,48.52,50.61,0.87,5137.67
0.0,0.0,0.0,48.52,50.61,0.87,5137.67
0.0,0.0,0.0,48.52,50.61,0.87,5137.67
0.0,0.0,0.0,48.52,50.61,0.87,5137.67
0.0,0.0,0.0,48.52,50.61,0.87,5137.67
0.0,0.0,0.0,48.52,50.61,0.87,5137.67
0.0,0.0,0.0,48.52,50.61,0.87,5137.67
0.0,0.0,0.0,48.52,50.61,0.87,5137.67
0.0,0.0,0.0,48.52,50.61,0.87,5137.67
0.0,0.0,0.0,48.52,50.61,0.87,5137.67
0.0,0.0,0.0,48.52,50.61,0.87,5137.67
0.0,0.0,0.0,48.52,50.61,0.87,5137.67
0.0,0.0,0.0,48.52,50.61,0.87,5137.67
0.0,0.0,0.0,48.52,50.61,0.87,5137.67
0.0,0.0,0.0,48.52,50.61,0.87,5137.67
0.0,0.0,0.0,48.52,50.61,0.87,5137.67
0.0,0.0,0.0,48.52,50.61,0.87,5137.67
0.0,0.0,0.0,48.52,50.61,0.87,5137.67
0.0,0.0,0.0,48.52,50.61,0.87,5137.67
0.0,0.0,0.0,48.52,50.61,0.87,5137.67
0.0,0.0,0.0,48.52,50.61,0.87,5137.67
0.0,0.0,0.0,48.52,50.61,0.87,5137.67
0.0,0.0,0.0,48.52,50.61,0.87,5137.67
0.0,0.0,0.0,48.52,50.61,0.87,5137.67
0.0,0.0,0.0,48.52,50.61,0.87,5137.67
0.0,0.0,0.0,48.52,50.61,0.87,5137.67
0.0,0.0,0.0,48.52,50.61,0.87,5137.67
0.0,0.0,0.0,48.52,50.61,0.87,5137.67
0.0,0.0,0.0,48.52,50.61,0.87,5137.67
0.0,0.0,0.0,48.52,50.61,0.87,5137.67
0.0,0.0,0.0,48.52,50.61,0.87,5137.67
0.0,0.0,0.0,48.52,50.61,0.87,5137.67
0.0,0.0,0.0,48.52,50.61,0.87,5137.67
0.0,0.0,0.0,48.52,50.61,0.87,5137.67
0.0,0.0,0.0,48.52,50.61,0.87,5137.67
0.0,0.0,0.0,48.52,50.61,0.87,5137.67
0.0,0.0,0.0,48.52,50.61,0.87,5137.67
0.0,0.0,0.0,48.52,50.61,0.87,5137.67
0.0,0.0,0.0,48.52,50.61,0.87,5137.67
0.0,0.0,0.0,48.52,50.61,0.87,5137.67
0.0,0.0,0.0,48.52,50.61,0.87,5137.67
0.0,0.0,0.0,48.52,50.61,0.87,5137.67
0.0,0.0,0.0,48.52,50.61,0.87,5137.67
0.0,0.0,0.0,48.52,50.61,0.87,5137.67
0.0,0.0,0.0,48.52,50.61,0.87,5137.67
0.0,0.0,0.0,48.52,50.61,0.87,5137.67
0.0,0.0,0.0,48.52,50.61,0.87,5137.67
0.0,0.0,0.0,48.52,50.61,0.87,5137.67
0.0,0.0,0.0,48.52,50.61,0.87,5137.67
0.0,0.0,0.0,48.52,50.61,0.87,5137.67
0.0,0.0,0.0,48.52,50.61,0.87,5137.67
0.0,0.0,0.0,48.52,50.61,0.87,5137.67
0.0,0.0,0.0,48.52,50.61,0.87,5137.67
0.0,0.0,0.0,48.52,50.61,0.87,5137.67
0.0,0.0,0.0,48.52,50.61,0.87,5137.67
0.0,0.0,0.0,48.52,50.61,0.87,5137.67
0.0,0.0,0.0,48.52,50.61,0.87,5137.67
0.0,0.0,0.0,48.52,50.61,0.87,5137.67
0.0,0.0,0.0,48.52,50.61,0.87,5137.67
0.0,0.0,0.0,48.52,50.61,0.87,5137.67