incubando,i_mild,i_grave,susceptibles,recuperados,muertos,infectados_totales
0.48,0.0,0.0,99.02,0.5,0.0,48.0
0.63,0.0,0.0,98.87,0.5,0.0,63.33
0.69,0.0,0.0,98.81,0.5,0.0,69.0
0.72,0.0,0.0,98.78,0.5,0.0,72.0
0.75,0.0,0.0,98.75,0.5,0.0,75.0
0.78,0.0,0.0,98.72,0.5,0.0,78.33
0.79,0.0,0.0,98.71,0.5,0.0,78.67
0.34,0.32,0.16,98.68,0.5,0.0,82.0
0.19,0.44,0.2,98.68,0.5,0.0,82.33
0.14,0.48,0.21,98.67,0.5,0.0,83.33
0.12,0.5,0.22,98.66,0.5,0.0,84.33
0.09,0.53,0.22,98.66,0.5,0.0,84.33
0.06,0.55,0.23,98.65,0.5,0.0,84.67
0.06,0.55,0.24,98.65,0.5,0.0,84.67
0.03,0.57,0.25,98.65,0.5,0.0,84.67
0.02,0.57,0.25,98.65,0.5,0.0,84.67
0.02,0.58,0.26,98.65,0.5,0.0,85.33
0.01,0.27,0.26,98.65,0.82,0.0,85.33
0.01,0.15,0.26,98.65,0.94,0.0,85.33
0.01,0.11,0.26,98.65,0.98,0.0,85.33
0.01,0.09,0.26,98.65,1.0,0.0,85.33
0.01,0.06,0.26,98.65,1.03,0.0,85.33
0.01,0.04,0.26,98.65,1.05,0.0,85.33
0.0,0.04,0.26,98.65,1.05,0.0,85.33
0.0,0.02,0.26,98.65,1.07,0.0,85.33
0.0,0.02,0.26,98.65,1.07,0.0,85.33
0.0,0.01,0.26,98.65,1.08,0.01,85.33
0.0,0.01,0.26,98.65,1.08,0.01,85.33
0.0,0.01,0.1,98.65,1.24,0.01,85.33
0.0,0.0,0.07,98.65,1.28,0.01,85.33
0.0,0.0,0.05,98.65,1.29,0.01,85.33
0.0,0.0,0.04,98.65,1.3,0.01,85.33
0.0,0.0,0.04,98.65,1.3,0.01,85.33
0.0,0.0,0.03,98.65,1.32,0.01,85.33
0.0,0.0,0.03,98.65,1.32,0.01,85.33
0.0,0.0,0.01,98.65,1.33,0.01,85.33
0.0,0.0,0.01,98.65,1.33,0.01,85.33
0.0,0.0,0.01,98.65,1.34,0.01,85.33
0.0,0.0,0.0,98.65,1.34,0.01,85.33
0.0,0.0,0.0,98.65,1.34,0.01,85.33
0.0,0.0,0.0,98.65,1.34,0.01,85.33
0.0,0.0,0.0,98.65,1.34,0.01,85.33
0.0,0.0,0.0,98.65,1.34,0.01,85.33
0.0,0.0,0.0,98.65,1.34,0.01,85.33
0.0,0.0,0.0,98.65,1.35,0.01,85.33
0.0,0.0,0.0,98.65,1.35,0.01,85.33
0.0,0.0,0.0,98.65,1.35,0.01,85.33
0.0,0.0,0.0,98.65,1.35,0.01,85.33
0.0,0.0,0.0,98.65,1.35,0.01,85.33
0.0,0.0,0.0,98.65,1.35,0.01,85.33
0.0,0.0,0.0,98.65,1.35,0.01,85.33
0.0,0.0,0.0,98.65,1.35,0.01,85.33
0.0,0.0,0.0,98.65,1.35,0.01,85.33
0.0,0.0,0.0,98.65,1.35,0.01,85.33
0.0,0.0,0.0,98.65,1.35,0.01,85.33
0.0,0.0,0.0,98.65,1.35,0.01,85.33
0.0,0.0,0.0,98.65,1.35,0.01,85.33
0.0,0.0,0.0,98.65,1.35,0.01,85.33
0.0,0.0,0.0,98.65,1.35,0.01,85.33
0.0,0.0,0.0,98.65,1.35,0.01,85.33
0.0,0.0,0.0,98.65,1.35,0.01,85.33
0.0,0.0,0.0,98.65,1.35,0.01,85.33
0.0,0.0,0.0,98.65,1.35,0.01,85.33
0.0,0.0,0.0,98.65,1.35,0.01,85.33
0.0,0.0,0.0,98.65,1.35,0.01,85.33
0.0,0.0,0.0,98.65,1.35,0.01,85.33
0.0,0.0,0.0,98.65,1.35,0.01,85.33
0.0,0.0,0.0,98.65,1.35,0.01,85.33
0.0,0.0,0.0,98.65,1.35,0.01,85.33
0.0,0.0,0.0,98.65,1.35,0.01,85.33
0.0,0.0,0.0,98.65,1.35,0.01,85.33
0.0,0.0,0.0,98.65,1.35,0.01,85.33
0.0,0.0,0.0,98.65,1.35,0.01,85.33
0.0,0.0,0.0,98.65,1.35,0.01,85.33
0.0,0.0,0.0,98.65,1.35,0.01,85.33
0.0,0.0,0.0,98.65,1.35,0.01,85.33
0.0,0.0,0.0,98.65,1.35,0.01,85.33
0.0,0.0,0.0,98.65,1.35,0.01,85.33
0.0,0.0,0.0,98.65,1.35,0.01,85.33
0.0,0.0,0.0,98.65,1.35,0.01,85.33
0.0,0.0,0.0,98.65,1.35,0.01,85.33
0.0,0.0,0.0,98.65,1.35,0.01,85.33
0.0,0.0,0.0,98.65,1.35,0.01,85.33
0.0,0.0,0.0,98.65,1.35,0.01,85.33
0.0,0.0,0.0,98.65,1.35,0.01,85.33
0.0,0.0,0.0,98.65,1.35,0.01,85.33
0.0,0.0,0.0,98.65,1.35,0.01,85.33
0.0,0.0,0.0,98.65,1.35,0.01,85.33
0.0,0.0,0.0,98.65,1.35,0.01,85.33
0.0,0.0,0.0,98.65,1.35,0.01,85.33
0.0,0.0,0.0,98.65,1.35,0.01,85.33
0.0,0.0,0.0,98.65,1.35,0.01,85.33
0.0,0.0,0.0,98.65,1.35,0.01,85.33
0.0,0.0,0.0,98.65,1.35,0.01,85.33
0.0,0.0,0.0,98.65,1.35,0.01,85.33
0.0,0.0,0.0,98.65,1.35,0.01,85.33
0.0,0.0,0.0,98.65,1.35,0.01,85.33
0.0,0.0,0.0,98.65,1.35,0.01,85.33
0.0,0.0,0.0,98.65,1.35,0.01,85.33
0.0,0.0,0.0,98.65,1.35,0.01,85.33
0.0,0.0,0.0,98.65,1.35,0.01,85.33
0.0,0.0,0.0,98.65,1.35,0.01,85.33
0.0,0.0,0.0,98.65,1.35,0.01,85.33
0.0,0.0,0.0,98.65,1.35,0.01,85.33
0.0,0.0,0.0,98.65,1.35,0.01,85.33
0.0,0.0,0.0,98.65,1.35,0.01,85.33
0.0,0.0,0.0,98.65,1.35,0.01,85.33
0.0,0.0,0.0,98.65,1.35,0.01,85.33
0.0,0.0,0.0,98.65,1.35,0.01,85.33
0.0,0.0,0.0,98.65,1.35,0.01,85.33
0.0,0.0,0.0,98.65,1.35,0.01,85.33
0.0,0.0,0.0,98.65,1.35,0.01,85.33
0.0,0.0,0.0,98.65,1.35,0.01,85.33
0.0,0.0,0.0,98.65,1.35,0.01,85.33
0.0,0.0,0.0,98.65,1.35,0.01,85.33
0.0,0.0,0.0,98.65,1.35,0.01,85.33
0.0,0.0,0.0,98.65,1.35,0.01,85.33
0.0,0.0,0.0,98.65,1.35,0.01,85.33
0.0,0.0,0.0,98.65,1.35,0.01,85.33
0.0,0.0,0.0,98.65,1.35,0.01,85.33
0.0,0.0,0.0,98.65,1.35,0.01,85.33
0.0,0.0,0.0,98.65,1.35,0.01,85.33
0.0,0.0,0.0,98.65,1.35,0.01,85.33
0.0,0.0,0.0,98.65,1.35,0.01,85.33
0.0,0.0,0.0,98.65,1.35,0.01,85.33
0.0,0.0,0.0,98.65,1.35,0.01,85.33
0.0,0.0,0.0,98.65,1.35,0.01,85.33
0.0,0.0,0.0,98.65,1.35,0.01,85.33
0.0,0.0,0.0,98.65,1.35,0.01,85.33
0.0,0.0,0.0,98.65,1.35,0.01,85.33
0.0,0.0,0.0,98.65,1.35,0.01,85.33
0.0,0.0,0.0,98.65,1.35,0.01,85.33
0.0,0.0,0.0,98.65,1.35,0.01,85.33
0.0,0.0,0.0,98.65,1.35,0.01,85.33
0.0,0.0,0.0,98.65,1.35,0.01,85.33
0.0,0.0,0.0,98.65,1.35,0.01,85.33
0.0,0.0,0.0,98.65,1.35,0.01,85.33
0.0,0.0,0.0,98.65,1.35,0.01,85.33
0.0,0.0,0.0,98.65,1.35,0.01,85.33
0.0,0.0,0.0,98.65,1.35,0.01,85.33
0.0,0.0,0.0,98.65,1.35,0.01,85.33
0.0,0.0,0.0,98.65,1.35,0.01,85.33
0.0,0.0,0.0,98.65,1.35,0.01,85.33
0.0,0.0,0.0,98.65,1.35,0.01,85.33
0.0,0.0,0.0,98.65,1.35,0.01,85.33
0.0,0.0,0.0,98.65,1.35,0.01,85.33
0.0,0.0,0.0,98.65,1.35,0.01,85.33
0.0,0.0,0.0,98.65,1.35,0.01,85.33
0.0,0.0,0.0,98.65,1.35,0.01,85.33
0.0,0.0,0.0,98.65,1.35,0.01,85.33
0.0,0.0,0.0,98.65,1.35,0.01,85.33
0.0,0.0,0.0,98.65,1.35,0.01,85.33
0.0,0.0,0.0,98.65,1.35,0.01,85.33
0.0,0.0,0.0,98.65,1.35,0.01,85.33
0.0,0.0,0.0,98.65,1.35,0.01,85.33
0.0,0.0,0.0,98.65,1.35,0.01,85.33
0.0,0.0,0.0,98.65,1.35,0.01,85.33
0.0,0.0,0.0,98.65,1.35,0.01,85.33
0.0,0.0,0.0,98.65,1.35,0.01,85.33
0.0,0.0,0.0,98.65,1.35,0.01,85.33
0.0,0.0,0.0,98.65,1.35,0.01,85.33
0.0,0.0,0.0,98.65,1.35,0.01,85.33
0.0,0.0,0.0,98.65,1.35,0.01,85.33
0.0,0.0,0.0,98.65,1.35,0.01,85.33
0.0,0.0,0.0,98.65,1.35,0.01,85.33
0.0,0.0,0.0,98.65,1.35,0.01,85.33
0.0,0.0,0.0,98.65,1.35,0.01,85.33
0.0,0.0,0.0,98.65,1.35,0.01,85.33
0.0,0.0,0.0,98.65,1.35,0.01,85.33
0.0,0.0,0.0,98.65,1.35,0.01,85.33
0.0,0.0,0.0,98.65,1.35,0.01,85.33
0.0,0.0,0.0,98.65,1.35,0.01,85.33
0.0,0.0,0.0,98.65,1.35,0.01,85.33
0.0,0.0,0.0,98.65,1.35,0.01,85.33
0.0,0.0,0.0,98.65,1.35,0.01,85.33
0.0,0.0,0.0,98.65,1.35,0.01,85.33
0.0,0.0,0.0,98.65,1.35,0.01,85.33
0.0,0.0,0.0,98.65,1.35,0.01,85.33
0.0,0.0,0.0,98.65,1.35,0.01,85.33
0.0,0.0,0.0,98.65,1.35,0.01,85.33
0.0,0.0,0.0,98.65,1.35,0.01,85.33
0.0,0.0,0.0,98.65,1.35,0.01,85.33
0.0,0.0,0.0,98.65,1.35,0.01,85.33
0.0,0.0,0.0,98.65,1.35,0.01,85.33
0.0,0.0,0.0,98.65,1.35,0.01,85.33
0.0,0.0,0.0,98.65,1.35,0.01,85.33
0.0,0.0,0.0,98.65,1.35,0.01,85.33
0.0,0.0,0.0,98.65,1.35,0.01,85.33
0.0,0.0,0.0,98.65,1.35,0.01,85.33
0.0,0.0,0.0,98.65,1.35,0.01,85.33
0.0,0.0,0.0,98.65,1.35,0.01,85.33
0.0,0.0,0.0,98.65,1.35,0.01,85.33
0.0,0.0,0.0,98.65,1.35,0.01,85.33
0.0,0.0,0.0,98.65,1.35,0.01,85.33
0.0,0.0,0.0,98.65,1.35,0.01,85.33
0.0,0.0,0.0,98.65,1.35,0.01,85.33
0.0,0.0,0.0,98.65,1.35,0.01,85.33
0.0,0.0,0.0,98.65,1.35,0.01,85.33
0.0,0.0,0.0,98.65,1.35,0.01,85.33
0.0,0.0,0.0,98.65,1.35,0.01,85.33
0.0,0.0,0.0,98.65,1.35,0.01,85.33
0.0,0.0,0.0,98.65,1.35,0.01,85.33
0.0,0.0,0.0,98.65,1.35,0.01,85.33
0.0,0.0,0.0,98.65,1.35,0.01,85.33
0.0,0.0,0.0,98.65,1.35,0.01,85.33
0.0,0.0,0.0,98.65,1.35,0.01,85.33
0.0,0.0,0.0,98.65,1.35,0.01,85.33
0.0,0.0,0.0,98.65,1.35,0.01,85.33
0.0,0.0,0.0,98.65,1.35,0.01,85.33
0.0,0.0,0.0,98.65,1.35,0.01,85.33
0.0,0.0,0.0,98.65,1.35,0.01,85.33
0.0,0.0,0.0,98.65,1.35,0.01,85.33
0.0,0.0,0.0,98.65,1.35,0.01,85.33
0.0,0.0,0.0,98.65,1.35,0.01,85.33
0.0,0.0,0.0,98.65,1.35,0.01,85.33
0.0,0.0,0.0,98.65,1.35,0.01,85.33
0.0,0.0,0.0,98.65,1.35,0.01,85.33
0.0,0.0,0.0,98.65,1.35,0.01,85.33
0.0,0.0,0.0,98.65,1.35,0.01,85.33
0.0,0.0,0.0,98.65,1.35,0.01,85.33
0.0,0.0,0.0,98.65,1.35,0.01,85.33
0.0,0.0,0.0,98.65,1.35,0.01,85.33
0.0,0.0,0.0,98.65,1.35,0.01,85.33
0.0,0.0,0.0,98.65,1.35,0.01,85.33
0.0,0.0,0.0,98.65,1.35,0.01,85.33
0.0,0.0,0.0,98.65,1.35,0.01,85.33
0.0,0.0,0.0,98.65,1.35,0.01,85.33
0.0,0.0,0.0,98.65,1.35,0.01,85.33
0.0,0.0,0.0,98.65,1.35,0.01,85.33
0.0,0.0,0.0,98.65,1.35,0.01,85.33
0.0,0.0,0.0,98.65,1.35,0.01,85.33
0.0,0.0,0.0,98.65,1.35,0.01,85.33
0.0,0.0,0.0,98.65,1.35,0.01,85.33
0.0,0.0,0.0,98.65,1.35,0.01,85.33
0.0,0.0,0.0,98.65,1.35,0.01,85.33
0.0,0.0,0.0,98.65,1.35,0.01,85.33
0.0,0.0,0.0,98.65,1.35,0.01,85.33
0.0,0.0,0.0,98.65,1.35,0.01,85.33
0.0,0.0,0.0,98.65,1.35,0.01,85.33
0.0,0.0,0.0,98.65,1.35,0.01,85.33
0.0,0.0,0.0,98.65,1.35,0.01,85.33
0.0,0.0,0.0,98.65,1.35,0.01,85.33
0.0,0.0,0.0,98.65,1.35,0.01,85.33
0.0,0.0,0.0,98.65,1.35,0.01,85.33
0.0,0.0,0.0,98.65,1.35,0.01,85.33
0.0,0.0,0.0,98.65,1.35,0.01,85.33
0.0,0.0,0.0,98.65,1.35,0.01,85.33
0.0,0.0,0.0,98.65,1.35,0.01,85.33
0.0,0.0,0.0,98.65,1.35,0.01,85.33
0.0,0.0,0.0,98.65,1.35,0.01,85.33
0.0,0.0,0.0,98.65,1.35,0.01,85.33
0.0,0.0,0.0,98.65,1.35,0.01,85.33
0.0,0.0,0.0,98.65,1.35,0.01,85.33
0.0,0.0,0.0,98.65,1.35,0.01,85.33
0.0,0.0,0.0,98.65,1.35,0.01,85.33
0.0,0.0,0.0,98.65,1.35,0.01,85.33
0.0,0.0,0.0,98.65,1.35,0.01,85.33
0.0,0.0,0.0,98.65,1.35,0.01,85.33
0.0,0.0,0.0,98.65,1.35,0.01,85.33
0.0,0.0,0.0,98.65,1.35,0.01,85.33
0.0,0.0,0.0,98.65,1.35,0.01,85.33
0.0,0.0,0.0,98.65,1.35,0.01,85.33
0.0,0.0,0.0,98.65,1.35,0.01,85.33
0.0,0.0,0.0,98.65,1.35,0.01,85.33
0.0,0.0,0.0,98.65,1.35,0.01,85.33
0.0,0.0,0.0,98.65,1.35,0.01,85.33
0.0,0.0,0.0,98.65,1.35,0.01,85.33
0.0,0.0,0.0,98.65,1.35,0.01,85.33
0.0,0.0,0.0,98.65,1.35,0.01,85.33
0.0,0.0,0.0,98.65,1.35,0.01,85.33
0.0,0.0,0.0,98.65,1.35,0.01,85.33
0.0,0.0,0.0,98.65,1.35,0.01,85.33
0.0,0.0,0.0,98.65,1.35,0.01,85.33
0.0,0.0,0.0,98.65,1.35,0.01,85.33
0.0,0.0,0.0,98.65,1.35,0.01,85.33
0.0,0.0,0.0,98.65,1.35,0.01,85.33
0.0,0.0,0.0,98.65,1.35,0.01,85.33
0.0,0.0,0.0,98.65,1.35,0.01,85.33
0.0,0.0,0.0,98.65,1.35,0.01,85.33
0.0,0.0,0.0,98.65,1.35,0.01,85.33
0.0,0.0,0.0,98.65,1.35,0.01,85.33
0.0,0.0,0.0,98.65,1.35,0.01,85.33
0.0,0.0,0.0,98.65,1.35,0.01,85.33
0.0,0.0,0.0,98.65,1.35,0.01,85.33
0.0,0.0,0.0,98.65,1.35,0.01,85.33
0.0,0.0,0.0,98.65,1.35,0.01,85.33
0.0,0.0,0.0,98.65,1.35,0.01,85.33
0.0,0.0,0.0,98.65,1.35,0.01,85.33
0.0,0.0,0.0,98.65,1.35,0.01,85.33
0.0,0.0,0.0,98.65,1.35,0.01,85.33
0.0,0.0,0.0,98.65,1.35,0.01,85.33
0.0,0.0,0.0,98.65,1.35,0.01,85.33
0.0,0.0,0.0,98.65,1.35,0.01,85.33
0.0,0.0,0.0,98.65,1.35,0.01,85.33
0.0,0.0,0.0,98.65,1.35,0.01,85.33
0.0,0.0,0.0,98.65,1.35,0.01,85.33
0.0,0.0,0.0,98.65,1.35,0.01,85.33
0.0,0.0,0.0,98.65,1.35,0.01,85.33
0.0,0.0,0.0,98.65,1.35,0.01,85.33
0.0,0.0,0.0,98.65,1.35,0.01,85.33