incubando,i_mild,i_grave,susceptibles,recuperados,muertos,infectados_totales
0.01,0.0,0.0,99.99,0.0,0.0,4.0
0.02,0.0,0.0,99.98,0.0,0.0,11.0
0.05,0.0,0.0,99.95,0.0,0.0,25.0
0.09,0.0,0.0,99.91,0.0,0.0,43.33
0.13,0.0,0.0,99.87,0.0,0.0,63.33
0.2,0.0,0.0,99.8,0.0,0.0,99.0
0.28,0.0,0.0,99.72,0.0,0.0,142.0
0.4,0.01,0.0,99.59,0.0,0.0,205.33
0.53,0.01,0.01,99.45,0.0,0.0,276.67
0.72,0.04,0.01,99.23,0.0,0.0,386.33
1.0,0.06,0.03,98.91,0.0,0.0,543.0
1.37,0.09,0.03,98.51,0.0,0.0,746.33
1.91,0.15,0.05,97.9,0.0,0.0,1052.0
2.61,0.21,0.07,97.11,0.0,0.0,1444.67
3.55,0.3,0.11,96.03,0.0,0.0,1982.67
4.85,0.41,0.15,94.6,0.0,0.0,2702.33
6.6,0.56,0.21,92.63,0.0,0.0,3685.67
8.79,0.79,0.29,90.12,0.01,0.0,4937.67
11.84,1.06,0.41,86.67,0.01,0.0,6666.33
15.71,1.46,0.61,82.18,0.04,0.0,8908.67
20.39,2.01,0.82,76.72,0.06,0.0,11638.0
26.03,2.71,1.16,70.0,0.09,0.0,14999.33
32.45,3.69,1.56,62.14,0.15,0.01,18928.33
39.26,5.02,2.13,53.37,0.21,0.01,23316.0
46.17,6.71,2.84,43.96,0.3,0.02,28022.33
52.19,9.05,3.85,34.47,0.41,0.02,32763.33
56.44,12.08,5.15,25.74,0.56,0.03,37129.33
58.57,15.7,6.73,18.15,0.79,0.05,40924.67
57.87,20.19,8.67,12.13,1.08,0.06,43933.0
54.37,25.37,10.89,7.78,1.5,0.09,46111.33
48.63,30.96,13.46,4.73,2.08,0.13,47632.67
41.12,36.94,16.11,2.83,2.83,0.17,48584.67
32.84,42.54,18.89,1.63,3.87,0.23,49182.67
24.82,47.29,21.42,0.92,5.28,0.27,49538.67
17.62,50.89,23.53,0.53,7.09,0.35,49733.67
11.83,52.68,25.21,0.3,9.57,0.41,49849.0
7.6,52.59,26.38,0.17,12.78,0.48,49913.0
4.63,50.86,27.15,0.11,16.7,0.55,49946.33
2.76,47.44,27.54,0.07,21.55,0.64,49966.33
1.59,42.71,27.68,0.04,27.26,0.72,49980.0
0.9,37.04,27.62,0.03,33.61,0.81,49987.0
0.52,30.6,27.47,0.02,40.52,0.88,49991.67
0.29,24.12,27.14,0.01,47.49,0.95,49994.0
0.16,18.06,26.73,0.01,54.01,1.03,49995.33
0.1,12.72,26.12,0.01,59.93,1.12,49997.0
0.06,8.51,25.39,0.0,64.84,1.19,49998.67
0.04,5.45,24.38,0.0,68.85,1.28,49999.33
0.03,3.32,23.07,0.0,72.22,1.36,49999.67
0.02,1.98,21.51,0.0,75.06,1.43,50000.0
0.01,1.12,19.61,0.0,77.77,1.49,50000.0
0.01,0.63,17.43,0.0,80.37,1.56,50000.0
0.01,0.36,14.93,0.0,83.1,1.6,50000.0
0.0,0.2,12.35,0.0,85.8,1.64,50000.0
0.0,0.12,9.63,0.0,88.56,1.68,50000.0
0.0,0.07,7.16,0.0,91.05,1.71,50000.0
0.0,0.05,5.08,0.0,93.15,1.73,50000.0
0.0,0.03,3.4,0.0,94.83,1.75,50000.0
0.0,0.02,2.19,0.0,96.04,1.75,50000.0
0.0,0.01,1.33,0.0,96.9,1.76,50000.0
0.0,0.01,0.79,0.0,97.43,1.77,50000.0
0.0,0.01,0.48,0.0,97.74,1.77,50000.0
0.0,0.0,0.28,0.0,97.95,1.77,50000.0
0.0,0.0,0.16,0.0,98.07,1.77,50000.0
0.0,0.0,0.09,0.0,98.13,1.77,50000.0
0.0,0.0,0.05,0.0,98.18,1.77,50000.0
0.0,0.0,0.03,0.0,98.2,1.77,50000.0
0.0,0.0,0.02,0.0,98.21,1.77,50000.0
0.0,0.0,0.01,0.0,98.22,1.77,50000.0
0.0,0.0,0.01,0.0,98.22,1.77,50000.0
0.0,0.0,0.01,0.0,98.22,1.77,50000.0
0.0,0.0,0.0,0.0,98.22,1.77,50000.0
0.0,0.0,0.0,0.0,98.22,1.77,50000.0
0.0,0.0,0.0,0.0,98.23,1.77,50000.0
0.0,0.0,0.0,0.0,98.23,1.77,50000.0
0.0,0.0,0.0,0.0,98.23,1.77,50000.0
0.0,0.0,0.0,0.0,98.23,1.77,50000.0
0.0,0.0,0.0,0.0,98.23,1.77,50000.0
0.0,0.0,0.0,0.0,98.23,1.77,50000.0
0.0,0.0,0.0,0.0,98.23,1.77,50000.0
0.0,0.0,0.0,0.0,98.23,1.77,50000.0
0.0,0.0,0.0,0.0,98.23,1.77,50000.0
0.0,0.0,0.0,0.0,98.23,1.77,50000.0
0.0,0.0,0.0,0.0,98.23,1.77,50000.0
0.0,0.0,0.0,0.0,98.23,1.77,50000.0
0.0,0.0,0.0,0.0,98.23,1.77,50000.0
0.0,0.0,0.0,0.0,98.23,1.77,50000.0
0.0,0.0,0.0,0.0,98.23,1.77,50000.0
0.0,0.0,0.0,0.0,98.23,1.77,50000.0
0.0,0.0,0.0,0.0,98.23,1.77,50000.0
0.0,0.0,0.0,0.0,98.23,1.77,50000.0
0.0,0.0,0.0,0.0,98.23,1.77,50000.0
0.0,0.0,0.0,0.0,98.23,1.77,50000.0
0.0,0.0,0.0,0.0,98.23,1.77,50000.0
0.0,0.0,0.0,0.0,98.23,1.77,50000.0
0.0,0.0,0.0,0.0,98.23,1.77,50000.0
0.0,0.0,0.0,0.0,98.23,1.77,50000.0
0.0,0.0,0.0,0.0,98.23,1.77,50000.0
0.0,0.0,0.0,0.0,98.23,1.77,50000.0
0.0,0.0,0.0,0.0,98.23,1.77,50000.0
0.0,0.0,0.0,0.0,98.23,1.77,50000.0
0.0,0.0,0.0,0.0,98.23,1.77,50000.0
0.0,0.0,0.0,0.0,98.23,1.77,50000.0
0.0,0.0,0.0,0.0,98.23,1.77,50000.0
0.0,0.0,0.0,0.0,98.23,1.77,50000.0
0.0,0.0,0.0,0.0,98.23,1.77,50000.0
0.0,0.0,0.0,0.0,98.23,1.77,50000.0
0.0,0.0,0.0,0.0,98.23,1.77,50000.0
0.0,0.0,0.0,0.0,98.23,1.77,50000.0
0.0,0.0,0.0,0.0,98.23,1.77,50000.0
0.0,0.0,0.0,0.0,98.23,1.77,50000.0
0.0,0.0,0.0,0.0,98.23,1.77,50000.0
0.0,0.0,0.0,0.0,98.23,1.77,50000.0
0.0,0.0,0.0,0.0,98.23,1.77,50000.0
0.0,0.0,0.0,0.0,98.23,1.77,50000.0
0.0,0.0,0.0,0.0,98.23,1.77,50000.0
0.0,0.0,0.0,0.0,98.23,1.77,50000.0
0.0,0.0,0.0,0.0,98.23,1.77,50000.0
0.0,0.0,0.0,0.0,98.23,1.77,50000.0
0.0,0.0,0.0,0.0,98.23,1.77,50000.0
0.0,0.0,0.0,0.0,98.23,1.77,50000.0
0.0,0.0,0.0,0.0,98.23,1.77,50000.0
0.0,0.0,0.0,0.0,98.23,1.77,50000.0
0.0,0.0,0.0,0.0,98.23,1.77,50000.0
0.0,0.0,0.0,0.0,98.23,1.77,50000.0
0.0,0.0,0.0,0.0,98.23,1.77,50000.0
0.0,0.0,0.0,0.0,98.23,1.77,50000.0
0.0,0.0,0.0,0.0,98.23,1.77,50000.0
0.0,0.0,0.0,0.0,98.23,1.77,50000.0
0.0,0.0,0.0,0.0,98.23,1.77,50000.0
0.0,0.0,0.0,0.0,98.23,1.77,50000.0
0.0,0.0,0.0,0.0,98.23,1.77,50000.0
0.0,0.0,0.0,0.0,98.23,1.77,50000.0
0.0,0.0,0.0,0.0,98.23,1.77,50000.0
0.0,0.0,0.0,0.0,98.23,1.77,50000.0
0.0,0.0,0.0,0.0,98.23,1.77,50000.0
0.0,0.0,0.0,0.0,98.23,1.77,50000.0
0.0,0.0,0.0,0.0,98.23,1.77,50000.0
0.0,0.0,0.0,0.0,98.23,1.77,50000.0
0.0,0.0,0.0,0.0,98.23,1.77,50000.0
0.0,0.0,0.0,0.0,98.23,1.77,50000.0
0.0,0.0,0.0,0.0,98.23,1.77,50000.0
0.0,0.0,0.0,0.0,98.23,1.77,50000.0
0.0,0.0,0.0,0.0,98.23,1.77,50000.0
0.0,0.0,0.0,0.0,98.23,1.77,50000.0
0.0,0.0,0.0,0.0,98.23,1.77,50000.0
0.0,0.0,0.0,0.0,98.23,1.77,50000.0
0.0,0.0,0.0,0.0,98.23,1.77,50000.0
0.0,0.0,0.0,0.0,98.23,1.77,50000.0
0.0,0.0,0.0,0.0,98.23,1.77,50000.0
0.0,0.0,0.0,0.0,98.23,1.77,50000.0
0.0,0.0,0.0,0.0,98.23,1.77,50000.0
0.0,0.0,0.0,0.0,98.23,1.77,50000.0
0.0,0.0,0.0,0.0,98.23,1.77,50000.0
0.0,0.0,0.0,0.0,98.23,1.77,50000.0
0.0,0.0,0.0,0.0,98.23,1.77,50000.0
0.0,0.0,0.0,0.0,98.23,1.77,50000.0
0.0,0.0,0.0,0.0,98.23,1.77,50000.0
0.0,0.0,0.0,0.0,98.23,1.77,50000.0
0.0,0.0,0.0,0.0,98.23,1.77,50000.0
0.0,0.0,0.0,0.0,98.23,1.77,50000.0
0.0,0.0,0.0,0.0,98.23,1.77,50000.0
0.0,0.0,0.0,0.0,98.23,1.77,50000.0
0.0,0.0,0.0,0.0,98.23,1.77,50000.0
0.0,0.0,0.0,0.0,98.23,1.77,50000.0
0.0,0.0,0.0,0.0,98.23,1.77,50000.0
0.0,0.0,0.0,0.0,98.23,1.77,50000.0
0.0,0.0,0.0,0.0,98.23,1.77,50000.0
0.0,0.0,0.0,0.0,98.23,1.77,50000.0
0.0,0.0,0.0,0.0,98.23,1.77,50000.0
0.0,0.0,0.0,0.0,98.23,1.77,50000.0
0.0,0.0,0.0,0.0,98.23,1.77,50000.0
0.0,0.0,0.0,0.0,98.23,1.77,50000.0
0.0,0.0,0.0,0.0,98.23,1.77,50000.0
0.0,0.0,0.0,0.0,98.23,1.77,50000.0
0.0,0.0,0.0,0.0,98.23,1.77,50000.0
0.0,0.0,0.0,0.0,98.23,1.77,50000.0
0.0,0.0,0.0,0.0,98.23,1.77,50000.0
0.0,0.0,0.0,0.0,98.23,1.77,50000.0
0.0,0.0,0.0,0.0,98.23,1.77,50000.0
0.0,0.0,0.0,0.0,98.23,1.77,50000.0
0.0,0.0,0.0,0.0,98.23,1.77,50000.0
0.0,0.0,0.0,0.0,98.23,1.77,50000.0
0.0,0.0,0.0,0.0,98.23,1.77,50000.0
0.0,0.0,0.0,0.0,98.23,1.77,50000.0
0.0,0.0,0.0,0.0,98.23,1.77,50000.0
0.0,0.0,0.0,0.0,98.23,1.77,50000.0
0.0,0.0,0.0,0.0,98.23,1.77,50000.0
0.0,0.0,0.0,0.0,98.23,1.77,50000.0
0.0,0.0,0.0,0.0,98.23,1.77,50000.0
0.0,0.0,0.0,0.0,98.23,1.77,50000.0
0.0,0.0,0.0,0.0,98.23,1.77,50000.0
0.0,0.0,0.0,0.0,98.23,1.77,50000.0
0.0,0.0,0.0,0.0,98.23,1.77,50000.0
0.0,0.0,0.0,0.0,98.23,1.77,50000.0
0.0,0.0,0.0,0.0,98.23,1.77,50000.0
0.0,0.0,0.0,0.0,98.23,1.77,50000.0
0.0,0.0,0.0,0.0,98.23,1.77,50000.0
0.0,0.0,0.0,0.0,98.23,1.77,50000.0
0.0,0.0,0.0,0.0,98.23,1.77,50000.0
0.0,0.0,0.0,0.0,98.23,1.77,50000.0
0.0,0.0,0.0,0.0,98.23,1.77,50000.0
0.0,0.0,0.0,0.0,98.23,1.77,50000.0
0.0,0.0,0.0,0.0,98.23,1.77,50000.0
0.0,0.0,0.0,0.0,98.23,1.77,50000.0
0.0,0.0,0.0,0.0,98.23,1.77,50000.0
0.0,0.0,0.0,0.0,98.23,1.77,50000.0
0.0,0.0,0.0,0.0,98.23,1.77,50000.0
0.0,0.0,0.0,0.0,98.23,1.77,50000.0
0.0,0.0,0.0,0.0,98.23,1.77,50000.0
0.0,0.0,0.0,0.0,98.23,1.77,50000.0
0.0,0.0,0.0,0.0,98.23,1.77,50000.0
0.0,0.0,0.0,0.0,98.23,1.77,50000.0
0.0,0.0,0.0,0.0,98.23,1.77,50000.0
0.0,0.0,0.0,0.0,98.23,1.77,50000.0
0.0,0.0,0.0,0.0,98.23,1.77,50000.0
0.0,0.0,0.0,0.0,98.23,1.77,50000.0
0.0,0.0,0.0,0.0,98.23,1.77,50000.0
0.0,0.0,0.0,0.0,98.23,1.77,50000.0
0.0,0.0,0.0,0.0,98.23,1.77,50000.0
0.0,0.0,0.0,0.0,98.23,1.77,50000.0
0.0,0.0,0.0,0.0,98.23,1.77,50000.0
0.0,0.0,0.0,0.0,98.23,1.77,50000.0
0.0,0.0,0.0,0.0,98.23,1.77,50000.0
0.0,0.0,0.0,0.0,98.23,1.77,50000.0
0.0,0.0,0.0,0.0,98.23,1.77,50000.0
0.0,0.0,0.0,0.0,98.23,1.77,50000.0
0.0,0.0,0.0,0.0,98.23,1.77,50000.0
0.0,0.0,0.0,0.0,98.23,1.77,50000.0
0.0,0.0,0.0,0.0,98.23,1.77,50000.0
0.0,0.0,0.0,0.0,98.23,1.77,50000.0
0.0,0.0,0.0,0.0,98.23,1.77,50000.0
0.0,0.0,0.0,0.0,98.23,1.77,50000.0
0.0,0.0,0.0,0.0,98.23,1.77,50000.0
0.0,0.0,0.0,0.0,98.23,1.77,50000.0
0.0,0.0,0.0,0.0,98.23,1.77,50000.0
0.0,0.0,0.0,0.0,98.23,1.77,50000.0
0.0,0.0,0.0,0.0,98.23,1.77,50000.0
0.0,0.0,0.0,0.0,98.23,1.77,50000.0
0.0,0.0,0.0,0.0,98.23,1.77,50000.0
0.0,0.0,0.0,0.0,98.23,1.77,50000.0
0.0,0.0,0.0,0.0,98.23,1.77,50000.0
0.0,0.0,0.0,0.0,98.23,1.77,50000.0
0.0,0.0,0.0,0.0,98.23,1.77,50000.0
0.0,0.0,0.0,0.0,98.23,1.77,50000.0
0.0,0.0,0.0,0.0,98.23,1.77,50000.0
0.0,0.0,0.0,0.0,98.23,1.77,50000.0
0.0,0.0,0.0,0.0,98.23,1.77,50000.0
0.0,0.0,0.0,0.0,98.23,1.77,50000.0
0.0,0.0,0.0,0.0,98.23,1.77,50000.0
0.0,0.0,0.0,0.0,98.23,1.77,50000.0
0.0,0.0,0.0,0.0,98.23,1.77,50000.0
0.0,0.0,0.0,0.0,98.23,1.77,50000.0
0.0,0.0,0.0,0.0,98.23,1.77,50000.0
0.0,0.0,0.0,0.0,98.23,1.77,50000.0
0.0,0.0,0.0,0.0,98.23,1.77,50000.0
0.0,0.0,0.0,0.0,98.23,1.77,50000.0
0.0,0.0,0.0,0.0,98.23,1.77,50000.0
0.0,0.0,0.0,0.0,98.23,1.77,50000.0
0.0,0.0,0.0,0.0,98.23,1.77,50000.0
0.0,0.0,0.0,0.0,98.23,1.77,50000.0
0.0,0.0,0.0,0.0,98.23,1.77,50000.0
0.0,0.0,0.0,0.0,98.23,1.77,50000.0
0.0,0.0,0.0,0.0,98.23,1.77,50000.0
0.0,0.0,0.0,0.0,98.23,1.77,50000.0
0.0,0.0,0.0,0.0,98.23,1.77,50000.0
0.0,0.0,0.0,0.0,98.23,1.77,50000.0
0.0,0.0,0.0,0.0,98.23,1.77,50000.0
0.0,0.0,0.0,0.0,98.23,1.77,50000.0
0.0,0.0,0.0,0.0,98.23,1.77,50000.0
0.0,0.0,0.0,0.0,98.23,1.77,50000.0
0.0,0.0,0.0,0.0,98.23,1.77,50000.0
0.0,0.0,0.0,0.0,98.23,1.77,50000.0
0.0,0.0,0.0,0.0,98.23,1.77,50000.0
0.0,0.0,0.0,0.0,98.23,1.77,50000.0
0.0,0.0,0.0,0.0,98.23,1.77,50000.0
0.0,0.0,0.0,0.0,98.23,1.77,50000.0
0.0,0.0,0.0,0.0,98.23,1.77,50000.0
0.0,0.0,0.0,0.0,98.23,1.77,50000.0
0.0,0.0,0.0,0.0,98.23,1.77,50000.0
0.0,0.0,0.0,0.0,98.23,1.77,50000.0
0.0,0.0,0.0,0.0,98.23,1.77,50000.0
0.0,0.0,0.0,0.0,98.23,1.77,50000.0
0.0,0.0,0.0,0.0,98.23,1.77,50000.0
0.0,0.0,0.0,0.0,98.23,1.77,50000.0
0.0,0.0,0.0,0.0,98.23,1.77,50000.0
0.0,0.0,0.0,0.0,98.23,1.77,50000.0
0.0,0.0,0.0,0.0,98.23,1.77,50000.0
0.0,0.0,0.0,0.0,98.23,1.77,50000.0
0.0,0.0,0.0,0.0,98.23,1.77,50000.0
0.0,0.0,0.0,0.0,98.23,1.77,50000.0
0.0,0.0,0.0,0.0,98.23,1.77,50000.0
0.0,0.0,0.0,0.0,98.23,1.77,50000.0
0.0,0.0,0.0,0.0,98.23,1.77,50000.0
0.0,0.0,0.0,0.0,98.23,1.77,50000.0
0.0,0.0,0.0,0.0,98.23,1.77,50000.0
0.0,0.0,0.0,0.0,98.23,1.77,50000.0
0.0,0.0,0.0,0.0,98.23,1.77,50000.0
0.0,0.0,0.0,0.0,98.23,1.77,50000.0
0.0,0.0,0.0,0.0,98.23,1.77,50000.0
0.0,0.0,0.0,0.0,98.23,1.77,50000.0
0.0,0.0,0.0,0.0,98.23,1.77,50000.0
0.0,0.0,0.0,0.0,98.23,1.77,50000.0
0.0,0.0,0.0,0.0,98.23,1.77,50000.0
0.0,0.0,0.0,0.0,98.23,1.77,50000.0
0.0,0.0,0.0,0.0,98.23,1.77,50000.0
0.0,0.0,0.0,0.0,98.23,1.77,50000.0
0.0,0.0,0.0,0.0,98.23,1.77,50000.0
0.0,0.0,0.0,0.0,98.23,1.77,50000.0
0.0,0.0,0.0,0.0,98.23,1.77,50000.0
0.0,0.0,0.0,0.0,98.23,1.77,50000.0
0.0,0.0,0.0,0.0,98.23,1.77,50000.0
0.0,0.0,0.0,0.0,98.23,1.77,50000.0
0.0,0.0,0.0,0.0,98.23,1.77,50000.0
0.0,0.0,0.0,0.0,98.23,1.77,50000.0
0.0,0.0,0.0,0.0,98.23,1.77,50000.0
0.0,0.0,0.0,0.0,98.23,1.77,50000.0
0.0,0.0,0.0,0.0,98.23,1.77,50000.0
0.0,0.0,0.0,0.0,98.23,1.77,50000.0
0.0,0.0,0.0,0.0,98.23,1.77,50000.0
0.0,0.0,0.0,0.0,98.23,1.77,50000.0
0.0,0.0,0.0,0.0,98.23,1.77,50000.0
0.0,0.0,0.0,0.0,98.23,1.77,50000.0
0.0,0.0,0.0,0.0,98.23,1.77,50000.0
0.0,0.0,0.0,0.0,98.23,1.77,50000.0
0.0,0.0,0.0,0.0,98.23,1.77,50000.0
0.0,0.0,0.0,0.0,98.23,1.77,50000.0
0.0,0.0,0.0,0.0,98.23,1.77,50000.0
0.0,0.0,0.0,0.0,98.23,1.77,50000.0
0.0,0.0,0.0,0.0,98.23,1.77,50000.0
0.0,0.0,0.0,0.0,98.23,1.77,50000.0
0.0,0.0,0.0,0.0,98.23,1.77,50000.0
0.0,0.0,0.0,0.0,98.23,1.77,50000.0
0.0,0.0,0.0,0.0,98.23,1.77,50000.0
0.0,0.0,0.0,0.0,98.23,1.77,50000.0
0.0,0.0,0.0,0.0,98.23,1.77,50000.0
0.0,0.0,0.0,0.0,98.23,1.77,50000.0
0.0,0.0,0.0,0.0,98.23,1.77,50000.0
0.0,0.0,0.0,0.0,98.23,1.77,50000.0
0.0,0.0,0.0,0.0,98.23,1.77,50000.0
0.0,0.0,0.0,0.0,98.23,1.77,50000.0
0.0,0.0,0.0,0.0,98.23,1.77,50000.0
0.0,0.0,0.0,0.0,98.23,1.77,50000.0
0.0,0.0,0.0,0.0,98.23,1.77,50000.0
0.0,0.0,0.0,0.0,98.23,1.77,50000.0
0.0,0.0,0.0,0.0,98.23,1.77,50000.0
0.0,0.0,0.0,0.0,98.23,1.77,50000.0
0.0,0.0,0.0,0.0,98.23,1.77,50000.0
0.0,0.0,0.0,0.0,98.23,1.77,50000.0
0.0,0.0,0.0,0.0,98.23,1.77,50000.0
0.0,0.0,0.0,0.0,98.23,1.77,50000.0
0.0,0.0,0.0,0.0,98.23,1.77,50000.0
0.0,0.0,0.0,0.0,98.23,1.77,50000.0
0.0,0.0,0.0,0.0,98.23,1.77,50000.0
0.0,0.0,0.0,0.0,98.23,1.77,50000.0
0.0,0.0,0.0,0.0,98.23,1.77,50000.0
0.0,0.0,0.0,0.0,98.23,1.77,50000.0
0.0,0.0,0.0,0.0,98.23,1.77,50000.0
0.0,0.0,0.0,0.0,98.23,1.77,50000.0
0.0,0.0,0.0,0.0,98.23,1.77,50000.0
0.0,0.0,0.0,0.0,98.23,1.77,50000.0
0.0,0.0,0.0,0.0,98.23,1.77,50000.0
0.0,0.0,0.0,0.0,98.23,1.77,50000.0
0.0,0.0,0.0,0.0,98.23,1.77,50000.0
0.0,0.0,0.0,0.0,98.23,1.77,50000.0
0.0,0.0,0.0,0.0,98.23,1.77,50000.0