incubando,i_mild,i_grave,susceptibles,recuperados,muertos,infectados_totales
1.04,0.0,0.0,98.96,0.0,0.0,522.0
2.69,0.0,0.0,97.31,0.0,0.0,1345.33
5.43,0.0,0.0,94.57,0.0,0.0,2713.67
9.98,0.0,0.0,90.02,0.0,0.0,4991.33
17.09,0.0,0.0,82.91,0.0,0.0,8546.33
28.05,0.0,0.0,71.95,0.0,0.0,14023.67
43.07,0.0,0.0,56.93,0.0,0.0,21533.0
59.86,0.75,0.3,39.1,0.0,0.0,30452.33
75.33,1.94,0.75,21.98,0.0,0.0,39009.67
84.83,3.85,1.58,9.74,0.0,0.0,45128.0
86.8,7.09,2.89,3.21,0.0,0.01,48392.67
82.06,12.2,4.88,0.85,0.0,0.01,49577.0
71.77,19.92,8.1,0.19,0.0,0.02,49907.0
56.89,30.57,12.45,0.04,0.0,0.05,49979.67
39.08,43.17,17.65,0.01,0.0,0.08,49994.67
21.98,55.23,22.65,0.0,0.0,0.14,49999.33
9.74,63.83,26.22,0.0,0.0,0.2,49999.33
3.21,67.72,28.04,0.0,0.75,0.28,49999.67
0.85,68.18,28.68,0.0,1.94,0.35,50000.0
0.19,66.73,28.79,0.0,3.85,0.45,50000.0
0.04,63.59,28.76,0.0,7.09,0.53,50000.0
0.01,58.5,28.66,0.0,12.2,0.63,50000.0
0.0,50.78,28.59,0.0,19.92,0.71,50000.0
0.0,40.13,28.51,0.0,30.57,0.79,50000.0
0.0,27.53,28.43,0.0,43.17,0.87,50000.0
0.0,15.47,28.36,0.0,55.23,0.94,50000.0
0.0,6.87,28.28,0.0,63.83,1.02,50000.0
0.0,2.23,28.2,0.0,68.46,1.1,50000.0
0.0,0.58,27.84,0.0,70.4,1.18,50000.0
0.0,0.13,27.34,0.0,71.27,1.26,50000.0
0.0,0.03,26.48,0.0,72.16,1.33,50000.0
0.0,0.01,25.14,0.0,73.43,1.42,50000.0
0.0,0.0,23.18,0.0,75.31,1.51,50000.0
0.0,0.0,20.07,0.0,78.35,1.58,50000.0
0.0,0.0,15.89,0.0,82.47,1.64,50000.0
0.0,0.0,10.94,0.0,87.38,1.69,50000.0
0.0,0.0,6.17,0.0,92.12,1.71,50000.0
0.0,0.0,2.73,0.0,95.54,1.73,50000.0
0.0,0.0,0.93,0.0,97.34,1.73,50000.0
0.0,0.0,0.25,0.0,98.02,1.73,50000.0
0.0,0.0,0.06,0.0,98.21,1.73,50000.0
0.0,0.0,0.01,0.0,98.25,1.73,50000.0
0.0,0.0,0.0,0.0,98.26,1.73,50000.0
0.0,0.0,0.0,0.0,98.26,1.73,50000.0
0.0,0.0,0.0,0.0,98.26,1.73,50000.0
0.0,0.0,0.0,0.0,98.27,1.73,50000.0
0.0,0.0,0.0,0.0,98.27,1.73,50000.0
0.0,0.0,0.0,0.0,98.27,1.73,50000.0
0.0,0.0,0.0,0.0,98.27,1.73,50000.0
0.0,0.0,0.0,0.0,98.27,1.73,50000.0
0.0,0.0,0.0,0.0,98.27,1.73,50000.0
0.0,0.0,0.0,0.0,98.27,1.73,50000.0
0.0,0.0,0.0,0.0,98.27,1.73,50000.0
0.0,0.0,0.0,0.0,98.27,1.73,50000.0
0.0,0.0,0.0,0.0,98.27,1.73,50000.0
0.0,0.0,0.0,0.0,98.27,1.73,50000.0
0.0,0.0,0.0,0.0,98.27,1.73,50000.0
0.0,0.0,0.0,0.0,98.27,1.73,50000.0
0.0,0.0,0.0,0.0,98.27,1.73,50000.0
0.0,0.0,0.0,0.0,98.27,1.73,50000.0
0.0,0.0,0.0,0.0,98.27,1.73,50000.0
0.0,0.0,0.0,0.0,98.27,1.73,50000.0
0.0,0.0,0.0,0.0,98.27,1.73,50000.0
0.0,0.0,0.0,0.0,98.27,1.73,50000.0
0.0,0.0,0.0,0.0,98.27,1.73,50000.0
0.0,0.0,0.0,0.0,98.27,1.73,50000.0
0.0,0.0,0.0,0.0,98.27,1.73,50000.0
0.0,0.0,0.0,0.0,98.27,1.73,50000.0
0.0,0.0,0.0,0.0,98.27,1.73,50000.0
0.0,0.0,0.0,0.0,98.27,1.73,50000.0
0.0,0.0,0.0,0.0,98.27,1.73,50000.0
0.0,0.0,0.0,0.0,98.27,1.73,50000.0
0.0,0.0,0.0,0.0,98.27,1.73,50000.0
0.0,0.0,0.0,0.0,98.27,1.73,50000.0
0.0,0.0,0.0,0.0,98.27,1.73,50000.0
0.0,0.0,0.0,0.0,98.27,1.73,50000.0
0.0,0.0,0.0,0.0,98.27,1.73,50000.0
0.0,0.0,0.0,0.0,98.27,1.73,50000.0
0.0,0.0,0.0,0.0,98.27,1.73,50000.0
0.0,0.0,0.0,0.0,98.27,1.73,50000.0
0.0,0.0,0.0,0.0,98.27,1.73,50000.0
0.0,0.0,0.0,0.0,98.27,1.73,50000.0
0.0,0.0,0.0,0.0,98.27,1.73,50000.0
0.0,0.0,0.0,0.0,98.27,1.73,50000.0
0.0,0.0,0.0,0.0,98.27,1.73,50000.0
0.0,0.0,0.0,0.0,98.27,1.73,50000.0
0.0,0.0,0.0,0.0,98.27,1.73,50000.0
0.0,0.0,0.0,0.0,98.27,1.73,50000.0
0.0,0.0,0.0,0.0,98.27,1.73,50000.0
0.0,0.0,0.0,0.0,98.27,1.73,50000.0
0.0,0.0,0.0,0.0,98.27,1.73,50000.0
0.0,0.0,0.0,0.0,98.27,1.73,50000.0
0.0,0.0,0.0,0.0,98.27,1.73,50000.0
0.0,0.0,0.0,0.0,98.27,1.73,50000.0
0.0,0.0,0.0,0.0,98.27,1.73,50000.0
0.0,0.0,0.0,0.0,98.27,1.73,50000.0
0.0,0.0,0.0,0.0,98.27,1.73,50000.0
0.0,0.0,0.0,0.0,98.27,1.73,50000.0
0.0,0.0,0.0,0.0,98.27,1.73,50000.0
0.0,0.0,0.0,0.0,98.27,1.73,50000.0
0.0,0.0,0.0,0.0,98.27,1.73,50000.0
0.0,0.0,0.0,0.0,98.27,1.73,50000.0
0.0,0.0,0.0,0.0,98.27,1.73,50000.0
0.0,0.0,0.0,0.0,98.27,1.73,50000.0
0.0,0.0,0.0,0.0,98.27,1.73,50000.0
0.0,0.0,0.0,0.0,98.27,1.73,50000.0
0.0,0.0,0.0,0.0,98.27,1.73,50000.0
0.0,0.0,0.0,0.0,98.27,1.73,50000.0
0.0,0.0,0.0,0.0,98.27,1.73,50000.0
0.0,0.0,0.0,0.0,98.27,1.73,50000.0
0.0,0.0,0.0,0.0,98.27,1.73,50000.0
0.0,0.0,0.0,0.0,98.27,1.73,50000.0
0.0,0.0,0.0,0.0,98.27,1.73,50000.0
0.0,0.0,0.0,0.0,98.27,1.73,50000.0
0.0,0.0,0.0,0.0,98.27,1.73,50000.0
0.0,0.0,0.0,0.0,98.27,1.73,50000.0
0.0,0.0,0.0,0.0,98.27,1.73,50000.0
0.0,0.0,0.0,0.0,98.27,1.73,50000.0
0.0,0.0,0.0,0.0,98.27,1.73,50000.0
0.0,0.0,0.0,0.0,98.27,1.73,50000.0
0.0,0.0,0.0,0.0,98.27,1.73,50000.0
0.0,0.0,0.0,0.0,98.27,1.73,50000.0
0.0,0.0,0.0,0.0,98.27,1.73,50000.0
0.0,0.0,0.0,0.0,98.27,1.73,50000.0
0.0,0.0,0.0,0.0,98.27,1.73,50000.0
0.0,0.0,0.0,0.0,98.27,1.73,50000.0
0.0,0.0,0.0,0.0,98.27,1.73,50000.0
0.0,0.0,0.0,0.0,98.27,1.73,50000.0
0.0,0.0,0.0,0.0,98.27,1.73,50000.0
0.0,0.0,0.0,0.0,98.27,1.73,50000.0
0.0,0.0,0.0,0.0,98.27,1.73,50000.0
0.0,0.0,0.0,0.0,98.27,1.73,50000.0
0.0,0.0,0.0,0.0,98.27,1.73,50000.0
0.0,0.0,0.0,0.0,98.27,1.73,50000.0
0.0,0.0,0.0,0.0,98.27,1.73,50000.0
0.0,0.0,0.0,0.0,98.27,1.73,50000.0
0.0,0.0,0.0,0.0,98.27,1.73,50000.0
0.0,0.0,0.0,0.0,98.27,1.73,50000.0
0.0,0.0,0.0,0.0,98.27,1.73,50000.0
0.0,0.0,0.0,0.0,98.27,1.73,50000.0
0.0,0.0,0.0,0.0,98.27,1.73,50000.0
0.0,0.0,0.0,0.0,98.27,1.73,50000.0
0.0,0.0,0.0,0.0,98.27,1.73,50000.0
0.0,0.0,0.0,0.0,98.27,1.73,50000.0
0.0,0.0,0.0,0.0,98.27,1.73,50000.0
0.0,0.0,0.0,0.0,98.27,1.73,50000.0
0.0,0.0,0.0,0.0,98.27,1.73,50000.0
0.0,0.0,0.0,0.0,98.27,1.73,50000.0
0.0,0.0,0.0,0.0,98.27,1.73,50000.0
0.0,0.0,0.0,0.0,98.27,1.73,50000.0
0.0,0.0,0.0,0.0,98.27,1.73,50000.0
0.0,0.0,0.0,0.0,98.27,1.73,50000.0
0.0,0.0,0.0,0.0,98.27,1.73,50000.0
0.0,0.0,0.0,0.0,98.27,1.73,50000.0
0.0,0.0,0.0,0.0,98.27,1.73,50000.0
0.0,0.0,0.0,0.0,98.27,1.73,50000.0
0.0,0.0,0.0,0.0,98.27,1.73,50000.0
0.0,0.0,0.0,0.0,98.27,1.73,50000.0
0.0,0.0,0.0,0.0,98.27,1.73,50000.0
0.0,0.0,0.0,0.0,98.27,1.73,50000.0
0.0,0.0,0.0,0.0,98.27,1.73,50000.0
0.0,0.0,0.0,0.0,98.27,1.73,50000.0
0.0,0.0,0.0,0.0,98.27,1.73,50000.0
0.0,0.0,0.0,0.0,98.27,1.73,50000.0
0.0,0.0,0.0,0.0,98.27,1.73,50000.0
0.0,0.0,0.0,0.0,98.27,1.73,50000.0
0.0,0.0,0.0,0.0,98.27,1.73,50000.0
0.0,0.0,0.0,0.0,98.27,1.73,50000.0
0.0,0.0,0.0,0.0,98.27,1.73,50000.0
0.0,0.0,0.0,0.0,98.27,1.73,50000.0
0.0,0.0,0.0,0.0,98.27,1.73,50000.0
0.0,0.0,0.0,0.0,98.27,1.73,50000.0
0.0,0.0,0.0,0.0,98.27,1.73,50000.0
0.0,0.0,0.0,0.0,98.27,1.73,50000.0
0.0,0.0,0.0,0.0,98.27,1.73,50000.0
0.0,0.0,0.0,0.0,98.27,1.73,50000.0
0.0,0.0,0.0,0.0,98.27,1.73,50000.0
0.0,0.0,0.0,0.0,98.27,1.73,50000.0
0.0,0.0,0.0,0.0,98.27,1.73,50000.0
0.0,0.0,0.0,0.0,98.27,1.73,50000.0
0.0,0.0,0.0,0.0,98.27,1.73,50000.0
0.0,0.0,0.0,0.0,98.27,1.73,50000.0
0.0,0.0,0.0,0.0,98.27,1.73,50000.0
0.0,0.0,0.0,0.0,98.27,1.73,50000.0
0.0,0.0,0.0,0.0,98.27,1.73,50000.0
0.0,0.0,0.0,0.0,98.27,1.73,50000.0
0.0,0.0,0.0,0.0,98.27,1.73,50000.0
0.0,0.0,0.0,0.0,98.27,1.73,50000.0
0.0,0.0,0.0,0.0,98.27,1.73,50000.0
0.0,0.0,0.0,0.0,98.27,1.73,50000.0
0.0,0.0,0.0,0.0,98.27,1.73,50000.0
0.0,0.0,0.0,0.0,98.27,1.73,50000.0
0.0,0.0,0.0,0.0,98.27,1.73,50000.0
0.0,0.0,0.0,0.0,98.27,1.73,50000.0
0.0,0.0,0.0,0.0,98.27,1.73,50000.0
0.0,0.0,0.0,0.0,98.27,1.73,50000.0
0.0,0.0,0.0,0.0,98.27,1.73,50000.0
0.0,0.0,0.0,0.0,98.27,1.73,50000.0
0.0,0.0,0.0,0.0,98.27,1.73,50000.0
0.0,0.0,0.0,0.0,98.27,1.73,50000.0
0.0,0.0,0.0,0.0,98.27,1.73,50000.0
0.0,0.0,0.0,0.0,98.27,1.73,50000.0
0.0,0.0,0.0,0.0,98.27,1.73,50000.0
0.0,0.0,0.0,0.0,98.27,1.73,50000.0
0.0,0.0,0.0,0.0,98.27,1.73,50000.0
0.0,0.0,0.0,0.0,98.27,1.73,50000.0
0.0,0.0,0.0,0.0,98.27,1.73,50000.0
0.0,0.0,0.0,0.0,98.27,1.73,50000.0
0.0,0.0,0.0,0.0,98.27,1.73,50000.0
0.0,0.0,0.0,0.0,98.27,1.73,50000.0
0.0,0.0,0.0,0.0,98.27,1.73,50000.0
0.0,0.0,0.0,0.0,98.27,1.73,50000.0
0.0,0.0,0.0,0.0,98.27,1.73,50000.0
0.0,0.0,0.0,0.0,98.27,1.73,50000.0
0.0,0.0,0.0,0.0,98.27,1.73,50000.0
0.0,0.0,0.0,0.0,98.27,1.73,50000.0
0.0,0.0,0.0,0.0,98.27,1.73,50000.0
0.0,0.0,0.0,0.0,98.27,1.73,50000.0
0.0,0.0,0.0,0.0,98.27,1.73,50000.0
0.0,0.0,0.0,0.0,98.27,1.73,50000.0
0.0,0.0,0.0,0.0,98.27,1.73,50000.0
0.0,0.0,0.0,0.0,98.27,1.73,50000.0
0.0,0.0,0.0,0.0,98.27,1.73,50000.0
0.0,0.0,0.0,0.0,98.27,1.73,50000.0
0.0,0.0,0.0,0.0,98.27,1.73,50000.0
0.0,0.0,0.0,0.0,98.27,1.73,50000.0
0.0,0.0,0.0,0.0,98.27,1.73,50000.0
0.0,0.0,0.0,0.0,98.27,1.73,50000.0
0.0,0.0,0.0,0.0,98.27,1.73,50000.0
0.0,0.0,0.0,0.0,98.27,1.73,50000.0
0.0,0.0,0.0,0.0,98.27,1.73,50000.0
0.0,0.0,0.0,0.0,98.27,1.73,50000.0
0.0,0.0,0.0,0.0,98.27,1.73,50000.0
0.0,0.0,0.0,0.0,98.27,1.73,50000.0
0.0,0.0,0.0,0.0,98.27,1.73,50000.0
0.0,0.0,0.0,0.0,98.27,1.73,50000.0
0.0,0.0,0.0,0.0,98.27,1.73,50000.0
0.0,0.0,0.0,0.0,98.27,1.73,50000.0
0.0,0.0,0.0,0.0,98.27,1.73,50000.0
0.0,0.0,0.0,0.0,98.27,1.73,50000.0
0.0,0.0,0.0,0.0,98.27,1.73,50000.0
0.0,0.0,0.0,0.0,98.27,1.73,50000.0
0.0,0.0,0.0,0.0,98.27,1.73,50000.0
0.0,0.0,0.0,0.0,98.27,1.73,50000.0
0.0,0.0,0.0,0.0,98.27,1.73,50000.0
0.0,0.0,0.0,0.0,98.27,1.73,50000.0
0.0,0.0,0.0,0.0,98.27,1.73,50000.0
0.0,0.0,0.0,0.0,98.27,1.73,50000.0
0.0,0.0,0.0,0.0,98.27,1.73,50000.0
0.0,0.0,0.0,0.0,98.27,1.73,50000.0
0.0,0.0,0.0,0.0,98.27,1.73,50000.0
0.0,0.0,0.0,0.0,98.27,1.73,50000.0
0.0,0.0,0.0,0.0,98.27,1.73,50000.0
0.0,0.0,0.0,0.0,98.27,1.73,50000.0
0.0,0.0,0.0,0.0,98.27,1.73,50000.0
0.0,0.0,0.0,0.0,98.27,1.73,50000.0
0.0,0.0,0.0,0.0,98.27,1.73,50000.0
0.0,0.0,0.0,0.0,98.27,1.73,50000.0
0.0,0.0,0.0,0.0,98.27,1.73,50000.0
0.0,0.0,0.0,0.0,98.27,1.73,50000.0
0.0,0.0,0.0,0.0,98.27,1.73,50000.0
0.0,0.0,0.0,0.0,98.27,1.73,50000.0
0.0,0.0,0.0,0.0,98.27,1.73,50000.0
0.0,0.0,0.0,0.0,98.27,1.73,50000.0
0.0,0.0,0.0,0.0,98.27,1.73,50000.0
0.0,0.0,0.0,0.0,98.27,1.73,50000.0
0.0,0.0,0.0,0.0,98.27,1.73,50000.0
0.0,0.0,0.0,0.0,98.27,1.73,50000.0
0.0,0.0,0.0,0.0,98.27,1.73,50000.0
0.0,0.0,0.0,0.0,98.27,1.73,50000.0
0.0,0.0,0.0,0.0,98.27,1.73,50000.0
0.0,0.0,0.0,0.0,98.27,1.73,50000.0
0.0,0.0,0.0,0.0,98.27,1.73,50000.0
0.0,0.0,0.0,0.0,98.27,1.73,50000.0
0.0,0.0,0.0,0.0,98.27,1.73,50000.0
0.0,0.0,0.0,0.0,98.27,1.73,50000.0
0.0,0.0,0.0,0.0,98.27,1.73,50000.0
0.0,0.0,0.0,0.0,98.27,1.73,50000.0
0.0,0.0,0.0,0.0,98.27,1.73,50000.0
0.0,0.0,0.0,0.0,98.27,1.73,50000.0
0.0,0.0,0.0,0.0,98.27,1.73,50000.0
0.0,0.0,0.0,0.0,98.27,1.73,50000.0
0.0,0.0,0.0,0.0,98.27,1.73,50000.0
0.0,0.0,0.0,0.0,98.27,1.73,50000.0
0.0,0.0,0.0,0.0,98.27,1.73,50000.0
0.0,0.0,0.0,0.0,98.27,1.73,50000.0
0.0,0.0,0.0,0.0,98.27,1.73,50000.0
0.0,0.0,0.0,0.0,98.27,1.73,50000.0
0.0,0.0,0.0,0.0,98.27,1.73,50000.0
0.0,0.0,0.0,0.0,98.27,1.73,50000.0
0.0,0.0,0.0,0.0,98.27,1.73,50000.0
0.0,0.0,0.0,0.0,98.27,1.73,50000.0
0.0,0.0,0.0,0.0,98.27,1.73,50000.0
0.0,0.0,0.0,0.0,98.27,1.73,50000.0
0.0,0.0,0.0,0.0,98.27,1.73,50000.0
0.0,0.0,0.0,0.0,98.27,1.73,50000.0
0.0,0.0,0.0,0.0,98.27,1.73,50000.0
0.0,0.0,0.0,0.0,98.27,1.73,50000.0
0.0,0.0,0.0,0.0,98.27,1.73,50000.0
0.0,0.0,0.0,0.0,98.27,1.73,50000.0
0.0,0.0,0.0,0.0,98.27,1.73,50000.0
0.0,0.0,0.0,0.0,98.27,1.73,50000.0
0.0,0.0,0.0,0.0,98.27,1.73,50000.0
0.0,0.0,0.0,0.0,98.27,1.73,50000.0
0.0,0.0,0.0,0.0,98.27,1.73,50000.0
0.0,0.0,0.0,0.0,98.27,1.73,50000.0
0.0,0.0,0.0,0.0,98.27,1.73,50000.0
0.0,0.0,0.0,0.0,98.27,1.73,50000.0
0.0,0.0,0.0,0.0,98.27,1.73,50000.0
0.0,0.0,0.0,0.0,98.27,1.73,50000.0
0.0,0.0,0.0,0.0,98.27,1.73,50000.0
0.0,0.0,0.0,0.0,98.27,1.73,50000.0
0.0,0.0,0.0,0.0,98.27,1.73,50000.0
0.0,0.0,0.0,0.0,98.27,1.73,50000.0
0.0,0.0,0.0,0.0,98.27,1.73,50000.0
0.0,0.0,0.0,0.0,98.27,1.73,50000.0
0.0,0.0,0.0,0.0,98.27,1.73,50000.0
0.0,0.0,0.0,0.0,98.27,1.73,50000.0
0.0,0.0,0.0,0.0,98.27,1.73,50000.0
0.0,0.0,0.0,0.0,98.27,1.73,50000.0
0.0,0.0,0.0,0.0,98.27,1.73,50000.0
0.0,0.0,0.0,0.0,98.27,1.73,50000.0
0.0,0.0,0.0,0.0,98.27,1.73,50000.0
0.0,0.0,0.0,0.0,98.27,1.73,50000.0
0.0,0.0,0.0,0.0,98.27,1.73,50000.0
0.0,0.0,0.0,0.0,98.27,1.73,50000.0
0.0,0.0,0.0,0.0,98.27,1.73,50000.0
0.0,0.0,0.0,0.0,98.27,1.73,50000.0
0.0,0.0,0.0,0.0,98.27,1.73,50000.0
0.0,0.0,0.0,0.0,98.27,1.73,50000.0
0.0,0.0,0.0,0.0,98.27,1.73,50000.0
0.0,0.0,0.0,0.0,98.27,1.73,50000.0
0.0,0.0,0.0,0.0,98.27,1.73,50000.0
0.0,0.0,0.0,0.0,98.27,1.73,50000.0
0.0,0.0,0.0,0.0,98.27,1.73,50000.0
0.0,0.0,0.0,0.0,98.27,1.73,50000.0
0.0,0.0,0.0,0.0,98.27,1.73,50000.0
0.0,0.0,0.0,0.0,98.27,1.73,50000.0
0.0,0.0,0.0,0.0,98.27,1.73,50000.0
0.0,0.0,0.0,0.0,98.27,1.73,50000.0
0.0,0.0,0.0,0.0,98.27,1.73,50000.0
0.0,0.0,0.0,0.0,98.27,1.73,50000.0
0.0,0.0,0.0,0.0,98.27,1.73,50000.0
0.0,0.0,0.0,0.0,98.27,1.73,50000.0
0.0,0.0,0.0,0.0,98.27,1.73,50000.0
0.0,0.0,0.0,0.0,98.27,1.73,50000.0
0.0,0.0,0.0,0.0,98.27,1.73,50000.0
0.0,0.0,0.0,0.0,98.27,1.73,50000.0
0.0,0.0,0.0,0.0,98.27,1.73,50000.0
0.0,0.0,0.0,0.0,98.27,1.73,50000.0
0.0,0.0,0.0,0.0,98.27,1.73,50000.0
0.0,0.0,0.0,0.0,98.27,1.73,50000.0
0.0,0.0,0.0,0.0,98.27,1.73,50000.0
0.0,0.0,0.0,0.0,98.27,1.73,50000.0
0.0,0.0,0.0,0.0,98.27,1.73,50000.0
0.0,0.0,0.0,0.0,98.27,1.73,50000.0
0.0,0.0,0.0,0.0,98.27,1.73,50000.0
0.0,0.0,0.0,0.0,98.27,1.73,50000.0
0.0,0.0,0.0,0.0,98.27,1.73,50000.0
0.0,0.0,0.0,0.0,98.27,1.73,50000.0
0.0,0.0,0.0,0.0,98.27,1.73,50000.0
0.0,0.0,0.0,0.0,98.27,1.73,50000.0
0.0,0.0,0.0,0.0,98.27,1.73,50000.0
0.0,0.0,0.0,0.0,98.27,1.73,50000.0
0.0,0.0,0.0,0.0,98.27,1.73,50000.0