incubando,i_mild,i_grave,susceptibles,recuperados,muertos,infectados_totales
0.08,0.0,0.0,99.92,0.0,0.0,42.0
0.22,0.0,0.0,99.78,0.0,0.0,108.67
0.41,0.0,0.0,99.59,0.0,0.0,204.33
0.68,0.0,0.0,99.32,0.0,0.0,341.0
1.03,0.0,0.0,98.97,0.0,0.0,514.0
1.54,0.0,0.0,98.46,0.0,0.0,770.67
2.2,0.0,0.0,97.8,0.0,0.0,1099.33
3.03,0.06,0.02,96.89,0.0,0.0,1556.0
4.14,0.16,0.06,95.64,0.0,0.0,2179.67
5.7,0.29,0.12,93.9,0.0,0.0,3052.0
7.8,0.48,0.2,91.51,0.0,0.0,4243.0
10.46,0.71,0.31,88.51,0.0,0.0,5743.33
13.97,1.07,0.46,84.49,0.0,0.0,7753.33
18.45,1.52,0.67,79.35,0.0,0.0,10325.0
23.9,2.18,0.93,72.99,0.0,0.01,13506.67
30.35,3.06,1.29,65.29,0.0,0.01,17354.33
37.27,4.3,1.79,56.63,0.0,0.01,21685.0
44.45,5.87,2.53,47.07,0.06,0.02,26466.67
51.07,7.89,3.41,37.44,0.16,0.03,31278.33
56.2,10.59,4.59,28.29,0.29,0.04,35854.67
59.0,14.01,6.11,20.35,0.48,0.05,39825.0
59.26,18.3,7.94,13.73,0.71,0.07,43135.0
56.34,23.42,10.12,8.95,1.07,0.09,45523.67
51.11,29.08,12.64,5.52,1.52,0.12,47239.33
43.75,35.21,15.38,3.32,2.18,0.17,48340.0
35.5,41.09,18.2,1.94,3.06,0.21,49030.67
27.18,46.4,20.76,1.11,4.3,0.26,49445.67
19.78,50.42,22.97,0.57,5.94,0.32,49713.33
13.42,52.98,24.82,0.31,8.07,0.4,49843.0
8.79,53.56,26.09,0.16,10.94,0.47,49921.0
5.43,52.36,26.97,0.09,14.59,0.55,49956.67
3.27,49.41,27.43,0.05,19.2,0.64,49973.33
1.9,44.91,27.64,0.04,24.79,0.73,49980.67
1.08,39.4,27.63,0.03,31.04,0.82,49986.67
0.55,33.01,27.5,0.02,38.01,0.91,49989.67
0.3,26.42,27.26,0.02,45.02,0.99,49992.33
0.15,19.99,26.88,0.01,51.91,1.07,49993.67
0.08,14.36,26.34,0.01,58.05,1.16,49995.33
0.05,9.71,25.58,0.01,63.42,1.23,49996.33
0.03,6.32,24.68,0.01,67.64,1.31,49997.33
0.02,3.92,23.51,0.0,71.17,1.37,49997.67
0.02,2.35,22.01,0.0,74.19,1.43,49998.0
0.01,1.37,20.22,0.0,76.89,1.49,49998.67
0.01,0.77,18.09,0.0,79.58,1.55,49999.33
0.01,0.39,15.63,0.0,82.37,1.6,50000.0
0.01,0.21,12.97,0.0,85.16,1.65,50000.0
0.01,0.1,10.24,0.0,87.97,1.69,50000.0
0.0,0.06,7.76,0.0,90.47,1.71,50000.0
0.0,0.03,5.59,0.0,92.64,1.73,50000.0
0.0,0.02,3.76,0.0,94.47,1.75,50000.0
0.0,0.02,2.46,0.0,95.77,1.76,50000.0
0.0,0.01,1.5,0.0,96.72,1.76,50000.0
0.0,0.01,0.91,0.0,97.32,1.77,50000.0
0.0,0.01,0.53,0.0,97.7,1.77,50000.0
0.0,0.0,0.32,0.0,97.91,1.77,50000.0
0.0,0.0,0.17,0.0,98.06,1.77,50000.0
0.0,0.0,0.09,0.0,98.13,1.77,50000.0
0.0,0.0,0.05,0.0,98.17,1.77,50000.0
0.0,0.0,0.03,0.0,98.2,1.77,50000.0
0.0,0.0,0.02,0.0,98.21,1.77,50000.0
0.0,0.0,0.01,0.0,98.22,1.77,50000.0
0.0,0.0,0.01,0.0,98.22,1.77,50000.0
0.0,0.0,0.01,0.0,98.22,1.77,50000.0
0.0,0.0,0.01,0.0,98.22,1.77,50000.0
0.0,0.0,0.01,0.0,98.22,1.77,50000.0
0.0,0.0,0.0,0.0,98.22,1.77,50000.0
0.0,0.0,0.0,0.0,98.23,1.77,50000.0
0.0,0.0,0.0,0.0,98.23,1.77,50000.0
0.0,0.0,0.0,0.0,98.23,1.77,50000.0
0.0,0.0,0.0,0.0,98.23,1.77,50000.0
0.0,0.0,0.0,0.0,98.23,1.77,50000.0
0.0,0.0,0.0,0.0,98.23,1.77,50000.0
0.0,0.0,0.0,0.0,98.23,1.77,50000.0
0.0,0.0,0.0,0.0,98.23,1.77,50000.0
0.0,0.0,0.0,0.0,98.23,1.77,50000.0
0.0,0.0,0.0,0.0,98.23,1.77,50000.0
0.0,0.0,0.0,0.0,98.23,1.77,50000.0
0.0,0.0,0.0,0.0,98.23,1.77,50000.0
0.0,0.0,0.0,0.0,98.23,1.77,50000.0
0.0,0.0,0.0,0.0,98.23,1.77,50000.0
0.0,0.0,0.0,0.0,98.23,1.77,50000.0
0.0,0.0,0.0,0.0,98.23,1.77,50000.0
0.0,0.0,0.0,0.0,98.23,1.77,50000.0
0.0,0.0,0.0,0.0,98.23,1.77,50000.0
0.0,0.0,0.0,0.0,98.23,1.77,50000.0
0.0,0.0,0.0,0.0,98.23,1.77,50000.0
0.0,0.0,0.0,0.0,98.23,1.77,50000.0
0.0,0.0,0.0,0.0,98.23,1.77,50000.0
0.0,0.0,0.0,0.0,98.23,1.77,50000.0
0.0,0.0,0.0,0.0,98.23,1.77,50000.0
0.0,0.0,0.0,0.0,98.23,1.77,50000.0
0.0,0.0,0.0,0.0,98.23,1.77,50000.0
0.0,0.0,0.0,0.0,98.23,1.77,50000.0
0.0,0.0,0.0,0.0,98.23,1.77,50000.0
0.0,0.0,0.0,0.0,98.23,1.77,50000.0
0.0,0.0,0.0,0.0,98.23,1.77,50000.0
0.0,0.0,0.0,0.0,98.23,1.77,50000.0
0.0,0.0,0.0,0.0,98.23,1.77,50000.0
0.0,0.0,0.0,0.0,98.23,1.77,50000.0
0.0,0.0,0.0,0.0,98.23,1.77,50000.0
0.0,0.0,0.0,0.0,98.23,1.77,50000.0
0.0,0.0,0.0,0.0,98.23,1.77,50000.0
0.0,0.0,0.0,0.0,98.23,1.77,50000.0
0.0,0.0,0.0,0.0,98.23,1.77,50000.0
0.0,0.0,0.0,0.0,98.23,1.77,50000.0
0.0,0.0,0.0,0.0,98.23,1.77,50000.0
0.0,0.0,0.0,0.0,98.23,1.77,50000.0
0.0,0.0,0.0,0.0,98.23,1.77,50000.0
0.0,0.0,0.0,0.0,98.23,1.77,50000.0
0.0,0.0,0.0,0.0,98.23,1.77,50000.0
0.0,0.0,0.0,0.0,98.23,1.77,50000.0
0.0,0.0,0.0,0.0,98.23,1.77,50000.0
0.0,0.0,0.0,0.0,98.23,1.77,50000.0
0.0,0.0,0.0,0.0,98.23,1.77,50000.0
0.0,0.0,0.0,0.0,98.23,1.77,50000.0
0.0,0.0,0.0,0.0,98.23,1.77,50000.0
0.0,0.0,0.0,0.0,98.23,1.77,50000.0
0.0,0.0,0.0,0.0,98.23,1.77,50000.0
0.0,0.0,0.0,0.0,98.23,1.77,50000.0
0.0,0.0,0.0,0.0,98.23,1.77,50000.0
0.0,0.0,0.0,0.0,98.23,1.77,50000.0
0.0,0.0,0.0,0.0,98.23,1.77,50000.0
0.0,0.0,0.0,0.0,98.23,1.77,50000.0
0.0,0.0,0.0,0.0,98.23,1.77,50000.0
0.0,0.0,0.0,0.0,98.23,1.77,50000.0
0.0,0.0,0.0,0.0,98.23,1.77,50000.0
0.0,0.0,0.0,0.0,98.23,1.77,50000.0
0.0,0.0,0.0,0.0,98.23,1.77,50000.0
0.0,0.0,0.0,0.0,98.23,1.77,50000.0
0.0,0.0,0.0,0.0,98.23,1.77,50000.0
0.0,0.0,0.0,0.0,98.23,1.77,50000.0
0.0,0.0,0.0,0.0,98.23,1.77,50000.0
0.0,0.0,0.0,0.0,98.23,1.77,50000.0
0.0,0.0,0.0,0.0,98.23,1.77,50000.0
0.0,0.0,0.0,0.0,98.23,1.77,50000.0
0.0,0.0,0.0,0.0,98.23,1.77,50000.0
0.0,0.0,0.0,0.0,98.23,1.77,50000.0
0.0,0.0,0.0,0.0,98.23,1.77,50000.0
0.0,0.0,0.0,0.0,98.23,1.77,50000.0
0.0,0.0,0.0,0.0,98.23,1.77,50000.0
0.0,0.0,0.0,0.0,98.23,1.77,50000.0
0.0,0.0,0.0,0.0,98.23,1.77,50000.0
0.0,0.0,0.0,0.0,98.23,1.77,50000.0
0.0,0.0,0.0,0.0,98.23,1.77,50000.0
0.0,0.0,0.0,0.0,98.23,1.77,50000.0
0.0,0.0,0.0,0.0,98.23,1.77,50000.0
0.0,0.0,0.0,0.0,98.23,1.77,50000.0
0.0,0.0,0.0,0.0,98.23,1.77,50000.0
0.0,0.0,0.0,0.0,98.23,1.77,50000.0
0.0,0.0,0.0,0.0,98.23,1.77,50000.0
0.0,0.0,0.0,0.0,98.23,1.77,50000.0
0.0,0.0,0.0,0.0,98.23,1.77,50000.0
0.0,0.0,0.0,0.0,98.23,1.77,50000.0
0.0,0.0,0.0,0.0,98.23,1.77,50000.0
0.0,0.0,0.0,0.0,98.23,1.77,50000.0
0.0,0.0,0.0,0.0,98.23,1.77,50000.0
0.0,0.0,0.0,0.0,98.23,1.77,50000.0
0.0,0.0,0.0,0.0,98.23,1.77,50000.0
0.0,0.0,0.0,0.0,98.23,1.77,50000.0
0.0,0.0,0.0,0.0,98.23,1.77,50000.0
0.0,0.0,0.0,0.0,98.23,1.77,50000.0
0.0,0.0,0.0,0.0,98.23,1.77,50000.0
0.0,0.0,0.0,0.0,98.23,1.77,50000.0
0.0,0.0,0.0,0.0,98.23,1.77,50000.0
0.0,0.0,0.0,0.0,98.23,1.77,50000.0
0.0,0.0,0.0,0.0,98.23,1.77,50000.0
0.0,0.0,0.0,0.0,98.23,1.77,50000.0
0.0,0.0,0.0,0.0,98.23,1.77,50000.0
0.0,0.0,0.0,0.0,98.23,1.77,50000.0
0.0,0.0,0.0,0.0,98.23,1.77,50000.0
0.0,0.0,0.0,0.0,98.23,1.77,50000.0
0.0,0.0,0.0,0.0,98.23,1.77,50000.0
0.0,0.0,0.0,0.0,98.23,1.77,50000.0
0.0,0.0,0.0,0.0,98.23,1.77,50000.0
0.0,0.0,0.0,0.0,98.23,1.77,50000.0
0.0,0.0,0.0,0.0,98.23,1.77,50000.0
0.0,0.0,0.0,0.0,98.23,1.77,50000.0
0.0,0.0,0.0,0.0,98.23,1.77,50000.0
0.0,0.0,0.0,0.0,98.23,1.77,50000.0
0.0,0.0,0.0,0.0,98.23,1.77,50000.0
0.0,0.0,0.0,0.0,98.23,1.77,50000.0
0.0,0.0,0.0,0.0,98.23,1.77,50000.0
0.0,0.0,0.0,0.0,98.23,1.77,50000.0
0.0,0.0,0.0,0.0,98.23,1.77,50000.0
0.0,0.0,0.0,0.0,98.23,1.77,50000.0
0.0,0.0,0.0,0.0,98.23,1.77,50000.0
0.0,0.0,0.0,0.0,98.23,1.77,50000.0
0.0,0.0,0.0,0.0,98.23,1.77,50000.0
0.0,0.0,0.0,0.0,98.23,1.77,50000.0
0.0,0.0,0.0,0.0,98.23,1.77,50000.0
0.0,0.0,0.0,0.0,98.23,1.77,50000.0
0.0,0.0,0.0,0.0,98.23,1.77,50000.0
0.0,0.0,0.0,0.0,98.23,1.77,50000.0
0.0,0.0,0.0,0.0,98.23,1.77,50000.0
0.0,0.0,0.0,0.0,98.23,1.77,50000.0
0.0,0.0,0.0,0.0,98.23,1.77,50000.0
0.0,0.0,0.0,0.0,98.23,1.77,50000.0
0.0,0.0,0.0,0.0,98.23,1.77,50000.0
0.0,0.0,0.0,0.0,98.23,1.77,50000.0
0.0,0.0,0.0,0.0,98.23,1.77,50000.0
0.0,0.0,0.0,0.0,98.23,1.77,50000.0
0.0,0.0,0.0,0.0,98.23,1.77,50000.0
0.0,0.0,0.0,0.0,98.23,1.77,50000.0
0.0,0.0,0.0,0.0,98.23,1.77,50000.0
0.0,0.0,0.0,0.0,98.23,1.77,50000.0
0.0,0.0,0.0,0.0,98.23,1.77,50000.0
0.0,0.0,0.0,0.0,98.23,1.77,50000.0
0.0,0.0,0.0,0.0,98.23,1.77,50000.0
0.0,0.0,0.0,0.0,98.23,1.77,50000.0
0.0,0.0,0.0,0.0,98.23,1.77,50000.0
0.0,0.0,0.0,0.0,98.23,1.77,50000.0
0.0,0.0,0.0,0.0,98.23,1.77,50000.0
0.0,0.0,0.0,0.0,98.23,1.77,50000.0
0.0,0.0,0.0,0.0,98.23,1.77,50000.0
0.0,0.0,0.0,0.0,98.23,1.77,50000.0
0.0,0.0,0.0,0.0,98.23,1.77,50000.0
0.0,0.0,0.0,0.0,98.23,1.77,50000.0
0.0,0.0,0.0,0.0,98.23,1.77,50000.0
0.0,0.0,0.0,0.0,98.23,1.77,50000.0
0.0,0.0,0.0,0.0,98.23,1.77,50000.0
0.0,0.0,0.0,0.0,98.23,1.77,50000.0
0.0,0.0,0.0,0.0,98.23,1.77,50000.0
0.0,0.0,0.0,0.0,98.23,1.77,50000.0
0.0,0.0,0.0,0.0,98.23,1.77,50000.0
0.0,0.0,0.0,0.0,98.23,1.77,50000.0
0.0,0.0,0.0,0.0,98.23,1.77,50000.0
0.0,0.0,0.0,0.0,98.23,1.77,50000.0
0.0,0.0,0.0,0.0,98.23,1.77,50000.0
0.0,0.0,0.0,0.0,98.23,1.77,50000.0
0.0,0.0,0.0,0.0,98.23,1.77,50000.0
0.0,0.0,0.0,0.0,98.23,1.77,50000.0
0.0,0.0,0.0,0.0,98.23,1.77,50000.0
0.0,0.0,0.0,0.0,98.23,1.77,50000.0
0.0,0.0,0.0,0.0,98.23,1.77,50000.0
0.0,0.0,0.0,0.0,98.23,1.77,50000.0
0.0,0.0,0.0,0.0,98.23,1.77,50000.0
0.0,0.0,0.0,0.0,98.23,1.77,50000.0
0.0,0.0,0.0,0.0,98.23,1.77,50000.0
0.0,0.0,0.0,0.0,98.23,1.77,50000.0
0.0,0.0,0.0,0.0,98.23,1.77,50000.0
0.0,0.0,0.0,0.0,98.23,1.77,50000.0
0.0,0.0,0.0,0.0,98.23,1.77,50000.0
0.0,0.0,0.0,0.0,98.23,1.77,50000.0
0.0,0.0,0.0,0.0,98.23,1.77,50000.0
0.0,0.0,0.0,0.0,98.23,1.77,50000.0
0.0,0.0,0.0,0.0,98.23,1.77,50000.0
0.0,0.0,0.0,0.0,98.23,1.77,50000.0
0.0,0.0,0.0,0.0,98.23,1.77,50000.0
0.0,0.0,0.0,0.0,98.23,1.77,50000.0
0.0,0.0,0.0,0.0,98.23,1.77,50000.0
0.0,0.0,0.0,0.0,98.23,1.77,50000.0
0.0,0.0,0.0,0.0,98.23,1.77,50000.0
0.0,0.0,0.0,0.0,98.23,1.77,50000.0
0.0,0.0,0.0,0.0,98.23,1.77,50000.0
0.0,0.0,0.0,0.0,98.23,1.77,50000.0
0.0,0.0,0.0,0.0,98.23,1.77,50000.0
0.0,0.0,0.0,0.0,98.23,1.77,50000.0
0.0,0.0,0.0,0.0,98.23,1.77,50000.0
0.0,0.0,0.0,0.0,98.23,1.77,50000.0
0.0,0.0,0.0,0.0,98.23,1.77,50000.0
0.0,0.0,0.0,0.0,98.23,1.77,50000.0
0.0,0.0,0.0,0.0,98.23,1.77,50000.0
0.0,0.0,0.0,0.0,98.23,1.77,50000.0
0.0,0.0,0.0,0.0,98.23,1.77,50000.0
0.0,0.0,0.0,0.0,98.23,1.77,50000.0
0.0,0.0,0.0,0.0,98.23,1.77,50000.0
0.0,0.0,0.0,0.0,98.23,1.77,50000.0
0.0,0.0,0.0,0.0,98.23,1.77,50000.0
0.0,0.0,0.0,0.0,98.23,1.77,50000.0
0.0,0.0,0.0,0.0,98.23,1.77,50000.0
0.0,0.0,0.0,0.0,98.23,1.77,50000.0
0.0,0.0,0.0,0.0,98.23,1.77,50000.0
0.0,0.0,0.0,0.0,98.23,1.77,50000.0
0.0,0.0,0.0,0.0,98.23,1.77,50000.0
0.0,0.0,0.0,0.0,98.23,1.77,50000.0
0.0,0.0,0.0,0.0,98.23,1.77,50000.0
0.0,0.0,0.0,0.0,98.23,1.77,50000.0
0.0,0.0,0.0,0.0,98.23,1.77,50000.0
0.0,0.0,0.0,0.0,98.23,1.77,50000.0
0.0,0.0,0.0,0.0,98.23,1.77,50000.0
0.0,0.0,0.0,0.0,98.23,1.77,50000.0
0.0,0.0,0.0,0.0,98.23,1.77,50000.0
0.0,0.0,0.0,0.0,98.23,1.77,50000.0
0.0,0.0,0.0,0.0,98.23,1.77,50000.0
0.0,0.0,0.0,0.0,98.23,1.77,50000.0
0.0,0.0,0.0,0.0,98.23,1.77,50000.0
0.0,0.0,0.0,0.0,98.23,1.77,50000.0
0.0,0.0,0.0,0.0,98.23,1.77,50000.0
0.0,0.0,0.0,0.0,98.23,1.77,50000.0
0.0,0.0,0.0,0.0,98.23,1.77,50000.0
0.0,0.0,0.0,0.0,98.23,1.77,50000.0
0.0,0.0,0.0,0.0,98.23,1.77,50000.0
0.0,0.0,0.0,0.0,98.23,1.77,50000.0
0.0,0.0,0.0,0.0,98.23,1.77,50000.0
0.0,0.0,0.0,0.0,98.23,1.77,50000.0
0.0,0.0,0.0,0.0,98.23,1.77,50000.0
0.0,0.0,0.0,0.0,98.23,1.77,50000.0
0.0,0.0,0.0,0.0,98.23,1.77,50000.0
0.0,0.0,0.0,0.0,98.23,1.77,50000.0
0.0,0.0,0.0,0.0,98.23,1.77,50000.0
0.0,0.0,0.0,0.0,98.23,1.77,50000.0
0.0,0.0,0.0,0.0,98.23,1.77,50000.0
0.0,0.0,0.0,0.0,98.23,1.77,50000.0
0.0,0.0,0.0,0.0,98.23,1.77,50000.0
0.0,0.0,0.0,0.0,98.23,1.77,50000.0
0.0,0.0,0.0,0.0,98.23,1.77,50000.0
0.0,0.0,0.0,0.0,98.23,1.77,50000.0
0.0,0.0,0.0,0.0,98.23,1.77,50000.0
0.0,0.0,0.0,0.0,98.23,1.77,50000.0
0.0,0.0,0.0,0.0,98.23,1.77,50000.0
0.0,0.0,0.0,0.0,98.23,1.77,50000.0
0.0,0.0,0.0,0.0,98.23,1.77,50000.0
0.0,0.0,0.0,0.0,98.23,1.77,50000.0
0.0,0.0,0.0,0.0,98.23,1.77,50000.0
0.0,0.0,0.0,0.0,98.23,1.77,50000.0
0.0,0.0,0.0,0.0,98.23,1.77,50000.0
0.0,0.0,0.0,0.0,98.23,1.77,50000.0
0.0,0.0,0.0,0.0,98.23,1.77,50000.0
0.0,0.0,0.0,0.0,98.23,1.77,50000.0
0.0,0.0,0.0,0.0,98.23,1.77,50000.0
0.0,0.0,0.0,0.0,98.23,1.77,50000.0
0.0,0.0,0.0,0.0,98.23,1.77,50000.0
0.0,0.0,0.0,0.0,98.23,1.77,50000.0
0.0,0.0,0.0,0.0,98.23,1.77,50000.0
0.0,0.0,0.0,0.0,98.23,1.77,50000.0
0.0,0.0,0.0,0.0,98.23,1.77,50000.0
0.0,0.0,0.0,0.0,98.23,1.77,50000.0
0.0,0.0,0.0,0.0,98.23,1.77,50000.0
0.0,0.0,0.0,0.0,98.23,1.77,50000.0
0.0,0.0,0.0,0.0,98.23,1.77,50000.0
0.0,0.0,0.0,0.0,98.23,1.77,50000.0
0.0,0.0,0.0,0.0,98.23,1.77,50000.0
0.0,0.0,0.0,0.0,98.23,1.77,50000.0
0.0,0.0,0.0,0.0,98.23,1.77,50000.0
0.0,0.0,0.0,0.0,98.23,1.77,50000.0
0.0,0.0,0.0,0.0,98.23,1.77,50000.0
0.0,0.0,0.0,0.0,98.23,1.77,50000.0
0.0,0.0,0.0,0.0,98.23,1.77,50000.0
0.0,0.0,0.0,0.0,98.23,1.77,50000.0
0.0,0.0,0.0,0.0,98.23,1.77,50000.0
0.0,0.0,0.0,0.0,98.23,1.77,50000.0
0.0,0.0,0.0,0.0,98.23,1.77,50000.0
0.0,0.0,0.0,0.0,98.23,1.77,50000.0
0.0,0.0,0.0,0.0,98.23,1.77,50000.0
0.0,0.0,0.0,0.0,98.23,1.77,50000.0
0.0,0.0,0.0,0.0,98.23,1.77,50000.0
0.0,0.0,0.0,0.0,98.23,1.77,50000.0
0.0,0.0,0.0,0.0,98.23,1.77,50000.0
0.0,0.0,0.0,0.0,98.23,1.77,50000.0
0.0,0.0,0.0,0.0,98.23,1.77,50000.0
0.0,0.0,0.0,0.0,98.23,1.77,50000.0
0.0,0.0,0.0,0.0,98.23,1.77,50000.0
0.0,0.0,0.0,0.0,98.23,1.77,50000.0
0.0,0.0,0.0,0.0,98.23,1.77,50000.0
0.0,0.0,0.0,0.0,98.23,1.77,50000.0
0.0,0.0,0.0,0.0,98.23,1.77,50000.0
0.0,0.0,0.0,0.0,98.23,1.77,50000.0
0.0,0.0,0.0,0.0,98.23,1.77,50000.0
0.0,0.0,0.0,0.0,98.23,1.77,50000.0
0.0,0.0,0.0,0.0,98.23,1.77,50000.0
0.0,0.0,0.0,0.0,98.23,1.77,50000.0
0.0,0.0,0.0,0.0,98.23,1.77,50000.0
0.0,0.0,0.0,0.0,98.23,1.77,50000.0
0.0,0.0,0.0,0.0,98.23,1.77,50000.0
0.0,0.0,0.0,0.0,98.23,1.77,50000.0