incubando,i_mild,i_grave,susceptibles,recuperados,muertos,infectados_totales
0.0,0.0,0.0,100.0,0.0,0.0,2.0
0.01,0.0,0.0,99.99,0.0,0.0,6.67
0.03,0.0,0.0,99.97,0.0,0.0,16.33
0.05,0.0,0.0,99.95,0.0,0.0,25.0
0.08,0.0,0.0,99.92,0.0,0.0,40.67
0.12,0.0,0.0,99.88,0.0,0.0,61.0
0.18,0.0,0.0,99.82,0.0,0.0,92.0
0.29,0.0,0.0,99.71,0.0,0.0,146.67
0.47,0.01,0.0,99.52,0.0,0.0,240.67
0.78,0.03,0.01,99.19,0.0,0.0,405.0
1.24,0.04,0.01,98.71,0.0,0.0,647.0
1.97,0.06,0.02,97.95,0.0,0.0,1026.67
3.15,0.09,0.03,96.73,0.0,0.0,1635.33
5.09,0.14,0.05,94.73,0.0,0.0,2636.67
8.05,0.21,0.08,91.66,0.0,0.0,4172.0
12.38,0.34,0.14,87.14,0.0,0.0,6431.0
18.82,0.58,0.23,80.37,0.0,0.0,9813.0
27.5,0.91,0.37,71.2,0.0,0.0,14399.33
37.93,1.45,0.59,60.02,0.01,0.0,19991.67
48.8,2.31,0.93,47.93,0.03,0.0,26034.0
58.78,3.71,1.52,35.95,0.04,0.01,32027.0
66.18,5.82,2.45,25.48,0.06,0.01,37260.0
70.42,9.07,3.68,16.71,0.09,0.02,41643.0
70.35,13.83,5.63,10.02,0.14,0.03,44989.67
66.0,20.3,8.24,5.2,0.21,0.05,47397.67
57.66,28.13,11.44,2.36,0.34,0.07,48822.33
47.02,36.44,14.94,0.92,0.58,0.11,49541.67
35.59,44.53,18.45,0.35,0.92,0.16,49822.67
25.36,51.48,21.36,0.12,1.46,0.22,49941.67
16.67,56.76,23.9,0.04,2.34,0.29,49977.67
10.0,60.09,25.77,0.02,3.75,0.36,49991.0
5.2,61.32,27.14,0.01,5.9,0.44,49995.67
2.35,60.03,27.9,0.0,9.18,0.53,49998.0
0.92,56.26,28.21,0.0,14.0,0.61,49999.33
0.35,50.12,28.28,0.0,20.56,0.69,49999.67
0.12,42.34,28.23,0.0,28.55,0.77,50000.0
0.04,33.84,28.12,0.0,37.15,0.85,50000.0
0.02,25.43,27.96,0.0,45.66,0.93,50000.0
0.01,17.94,27.74,0.0,53.29,1.01,50000.0
0.0,11.79,27.46,0.0,59.65,1.1,50000.0
0.0,7.05,27.07,0.0,64.7,1.17,50000.0
0.0,3.69,26.44,0.0,68.63,1.25,50000.0
0.0,1.69,25.48,0.0,71.5,1.33,50000.0
0.0,0.66,24.26,0.0,73.69,1.39,50000.0
0.0,0.26,22.33,0.0,75.94,1.47,50000.0
0.0,0.08,19.79,0.0,78.59,1.55,50000.0
0.0,0.03,16.7,0.0,81.66,1.61,50000.0
0.0,0.01,13.33,0.0,84.99,1.66,50000.0
0.0,0.01,9.95,0.0,88.33,1.71,50000.0
0.0,0.0,7.12,0.0,91.13,1.74,50000.0
0.0,0.0,4.65,0.0,93.59,1.76,50000.0
0.0,0.0,2.8,0.0,95.43,1.77,50000.0
0.0,0.0,1.42,0.0,96.8,1.78,50000.0
0.0,0.0,0.62,0.0,97.6,1.78,50000.0
0.0,0.0,0.24,0.0,97.98,1.78,50000.0
0.0,0.0,0.09,0.0,98.13,1.78,50000.0
0.0,0.0,0.03,0.0,98.18,1.78,50000.0
0.0,0.0,0.01,0.0,98.2,1.78,50000.0
0.0,0.0,0.0,0.0,98.21,1.79,50000.0
0.0,0.0,0.0,0.0,98.21,1.79,50000.0
0.0,0.0,0.0,0.0,98.21,1.79,50000.0
0.0,0.0,0.0,0.0,98.21,1.79,50000.0
0.0,0.0,0.0,0.0,98.21,1.79,50000.0
0.0,0.0,0.0,0.0,98.21,1.79,50000.0
0.0,0.0,0.0,0.0,98.21,1.79,50000.0
0.0,0.0,0.0,0.0,98.21,1.79,50000.0
0.0,0.0,0.0,0.0,98.21,1.79,50000.0
0.0,0.0,0.0,0.0,98.21,1.79,50000.0
0.0,0.0,0.0,0.0,98.21,1.79,50000.0
0.0,0.0,0.0,0.0,98.21,1.79,50000.0
0.0,0.0,0.0,0.0,98.21,1.79,50000.0
0.0,0.0,0.0,0.0,98.21,1.79,50000.0
0.0,0.0,0.0,0.0,98.21,1.79,50000.0
0.0,0.0,0.0,0.0,98.21,1.79,50000.0
0.0,0.0,0.0,0.0,98.21,1.79,50000.0
0.0,0.0,0.0,0.0,98.21,1.79,50000.0
0.0,0.0,0.0,0.0,98.21,1.79,50000.0
0.0,0.0,0.0,0.0,98.21,1.79,50000.0
0.0,0.0,0.0,0.0,98.21,1.79,50000.0
0.0,0.0,0.0,0.0,98.21,1.79,50000.0
0.0,0.0,0.0,0.0,98.21,1.79,50000.0
0.0,0.0,0.0,0.0,98.21,1.79,50000.0
0.0,0.0,0.0,0.0,98.21,1.79,50000.0
0.0,0.0,0.0,0.0,98.21,1.79,50000.0
0.0,0.0,0.0,0.0,98.21,1.79,50000.0
0.0,0.0,0.0,0.0,98.21,1.79,50000.0
0.0,0.0,0.0,0.0,98.21,1.79,50000.0
0.0,0.0,0.0,0.0,98.21,1.79,50000.0
0.0,0.0,0.0,0.0,98.21,1.79,50000.0
0.0,0.0,0.0,0.0,98.21,1.79,50000.0
0.0,0.0,0.0,0.0,98.21,1.79,50000.0
0.0,0.0,0.0,0.0,98.21,1.79,50000.0
0.0,0.0,0.0,0.0,98.21,1.79,50000.0
0.0,0.0,0.0,0.0,98.21,1.79,50000.0
0.0,0.0,0.0,0.0,98.21,1.79,50000.0
0.0,0.0,0.0,0.0,98.21,1.79,50000.0
0.0,0.0,0.0,0.0,98.21,1.79,50000.0
0.0,0.0,0.0,0.0,98.21,1.79,50000.0
0.0,0.0,0.0,0.0,98.21,1.79,50000.0
0.0,0.0,0.0,0.0,98.21,1.79,50000.0
0.0,0.0,0.0,0.0,98.21,1.79,50000.0
0.0,0.0,0.0,0.0,98.21,1.79,50000.0
0.0,0.0,0.0,0.0,98.21,1.79,50000.0
0.0,0.0,0.0,0.0,98.21,1.79,50000.0
0.0,0.0,0.0,0.0,98.21,1.79,50000.0
0.0,0.0,0.0,0.0,98.21,1.79,50000.0
0.0,0.0,0.0,0.0,98.21,1.79,50000.0
0.0,0.0,0.0,0.0,98.21,1.79,50000.0
0.0,0.0,0.0,0.0,98.21,1.79,50000.0
0.0,0.0,0.0,0.0,98.21,1.79,50000.0
0.0,0.0,0.0,0.0,98.21,1.79,50000.0
0.0,0.0,0.0,0.0,98.21,1.79,50000.0
0.0,0.0,0.0,0.0,98.21,1.79,50000.0
0.0,0.0,0.0,0.0,98.21,1.79,50000.0
0.0,0.0,0.0,0.0,98.21,1.79,50000.0
0.0,0.0,0.0,0.0,98.21,1.79,50000.0
0.0,0.0,0.0,0.0,98.21,1.79,50000.0
0.0,0.0,0.0,0.0,98.21,1.79,50000.0
0.0,0.0,0.0,0.0,98.21,1.79,50000.0
0.0,0.0,0.0,0.0,98.21,1.79,50000.0
0.0,0.0,0.0,0.0,98.21,1.79,50000.0
0.0,0.0,0.0,0.0,98.21,1.79,50000.0
0.0,0.0,0.0,0.0,98.21,1.79,50000.0
0.0,0.0,0.0,0.0,98.21,1.79,50000.0
0.0,0.0,0.0,0.0,98.21,1.79,50000.0
0.0,0.0,0.0,0.0,98.21,1.79,50000.0
0.0,0.0,0.0,0.0,98.21,1.79,50000.0
0.0,0.0,0.0,0.0,98.21,1.79,50000.0
0.0,0.0,0.0,0.0,98.21,1.79,50000.0
0.0,0.0,0.0,0.0,98.21,1.79,50000.0
0.0,0.0,0.0,0.0,98.21,1.79,50000.0
0.0,0.0,0.0,0.0,98.21,1.79,50000.0
0.0,0.0,0.0,0.0,98.21,1.79,50000.0
0.0,0.0,0.0,0.0,98.21,1.79,50000.0
0.0,0.0,0.0,0.0,98.21,1.79,50000.0
0.0,0.0,0.0,0.0,98.21,1.79,50000.0
0.0,0.0,0.0,0.0,98.21,1.79,50000.0
0.0,0.0,0.0,0.0,98.21,1.79,50000.0
0.0,0.0,0.0,0.0,98.21,1.79,50000.0
0.0,0.0,0.0,0.0,98.21,1.79,50000.0
0.0,0.0,0.0,0.0,98.21,1.79,50000.0
0.0,0.0,0.0,0.0,98.21,1.79,50000.0
0.0,0.0,0.0,0.0,98.21,1.79,50000.0
0.0,0.0,0.0,0.0,98.21,1.79,50000.0
0.0,0.0,0.0,0.0,98.21,1.79,50000.0
0.0,0.0,0.0,0.0,98.21,1.79,50000.0
0.0,0.0,0.0,0.0,98.21,1.79,50000.0
0.0,0.0,0.0,0.0,98.21,1.79,50000.0
0.0,0.0,0.0,0.0,98.21,1.79,50000.0
0.0,0.0,0.0,0.0,98.21,1.79,50000.0
0.0,0.0,0.0,0.0,98.21,1.79,50000.0
0.0,0.0,0.0,0.0,98.21,1.79,50000.0
0.0,0.0,0.0,0.0,98.21,1.79,50000.0
0.0,0.0,0.0,0.0,98.21,1.79,50000.0
0.0,0.0,0.0,0.0,98.21,1.79,50000.0
0.0,0.0,0.0,0.0,98.21,1.79,50000.0
0.0,0.0,0.0,0.0,98.21,1.79,50000.0
0.0,0.0,0.0,0.0,98.21,1.79,50000.0
0.0,0.0,0.0,0.0,98.21,1.79,50000.0
0.0,0.0,0.0,0.0,98.21,1.79,50000.0
0.0,0.0,0.0,0.0,98.21,1.79,50000.0
0.0,0.0,0.0,0.0,98.21,1.79,50000.0
0.0,0.0,0.0,0.0,98.21,1.79,50000.0
0.0,0.0,0.0,0.0,98.21,1.79,50000.0
0.0,0.0,0.0,0.0,98.21,1.79,50000.0
0.0,0.0,0.0,0.0,98.21,1.79,50000.0
0.0,0.0,0.0,0.0,98.21,1.79,50000.0
0.0,0.0,0.0,0.0,98.21,1.79,50000.0
0.0,0.0,0.0,0.0,98.21,1.79,50000.0
0.0,0.0,0.0,0.0,98.21,1.79,50000.0
0.0,0.0,0.0,0.0,98.21,1.79,50000.0
0.0,0.0,0.0,0.0,98.21,1.79,50000.0
0.0,0.0,0.0,0.0,98.21,1.79,50000.0
0.0,0.0,0.0,0.0,98.21,1.79,50000.0
0.0,0.0,0.0,0.0,98.21,1.79,50000.0
0.0,0.0,0.0,0.0,98.21,1.79,50000.0
0.0,0.0,0.0,0.0,98.21,1.79,50000.0
0.0,0.0,0.0,0.0,98.21,1.79,50000.0
0.0,0.0,0.0,0.0,98.21,1.79,50000.0
0.0,0.0,0.0,0.0,98.21,1.79,50000.0
0.0,0.0,0.0,0.0,98.21,1.79,50000.0
0.0,0.0,0.0,0.0,98.21,1.79,50000.0
0.0,0.0,0.0,0.0,98.21,1.79,50000.0
0.0,0.0,0.0,0.0,98.21,1.79,50000.0
0.0,0.0,0.0,0.0,98.21,1.79,50000.0
0.0,0.0,0.0,0.0,98.21,1.79,50000.0
0.0,0.0,0.0,0.0,98.21,1.79,50000.0
0.0,0.0,0.0,0.0,98.21,1.79,50000.0
0.0,0.0,0.0,0.0,98.21,1.79,50000.0
0.0,0.0,0.0,0.0,98.21,1.79,50000.0
0.0,0.0,0.0,0.0,98.21,1.79,50000.0
0.0,0.0,0.0,0.0,98.21,1.79,50000.0
0.0,0.0,0.0,0.0,98.21,1.79,50000.0
0.0,0.0,0.0,0.0,98.21,1.79,50000.0
0.0,0.0,0.0,0.0,98.21,1.79,50000.0
0.0,0.0,0.0,0.0,98.21,1.79,50000.0
0.0,0.0,0.0,0.0,98.21,1.79,50000.0
0.0,0.0,0.0,0.0,98.21,1.79,50000.0
0.0,0.0,0.0,0.0,98.21,1.79,50000.0
0.0,0.0,0.0,0.0,98.21,1.79,50000.0
0.0,0.0,0.0,0.0,98.21,1.79,50000.0
0.0,0.0,0.0,0.0,98.21,1.79,50000.0
0.0,0.0,0.0,0.0,98.21,1.79,50000.0
0.0,0.0,0.0,0.0,98.21,1.79,50000.0
0.0,0.0,0.0,0.0,98.21,1.79,50000.0
0.0,0.0,0.0,0.0,98.21,1.79,50000.0
0.0,0.0,0.0,0.0,98.21,1.79,50000.0
0.0,0.0,0.0,0.0,98.21,1.79,50000.0
0.0,0.0,0.0,0.0,98.21,1.79,50000.0
0.0,0.0,0.0,0.0,98.21,1.79,50000.0
0.0,0.0,0.0,0.0,98.21,1.79,50000.0
0.0,0.0,0.0,0.0,98.21,1.79,50000.0
0.0,0.0,0.0,0.0,98.21,1.79,50000.0
0.0,0.0,0.0,0.0,98.21,1.79,50000.0
0.0,0.0,0.0,0.0,98.21,1.79,50000.0
0.0,0.0,0.0,0.0,98.21,1.79,50000.0
0.0,0.0,0.0,0.0,98.21,1.79,50000.0
0.0,0.0,0.0,0.0,98.21,1.79,50000.0
0.0,0.0,0.0,0.0,98.21,1.79,50000.0
0.0,0.0,0.0,0.0,98.21,1.79,50000.0
0.0,0.0,0.0,0.0,98.21,1.79,50000.0
0.0,0.0,0.0,0.0,98.21,1.79,50000.0
0.0,0.0,0.0,0.0,98.21,1.79,50000.0
0.0,0.0,0.0,0.0,98.21,1.79,50000.0
0.0,0.0,0.0,0.0,98.21,1.79,50000.0
0.0,0.0,0.0,0.0,98.21,1.79,50000.0
0.0,0.0,0.0,0.0,98.21,1.79,50000.0
0.0,0.0,0.0,0.0,98.21,1.79,50000.0
0.0,0.0,0.0,0.0,98.21,1.79,50000.0
0.0,0.0,0.0,0.0,98.21,1.79,50000.0
0.0,0.0,0.0,0.0,98.21,1.79,50000.0
0.0,0.0,0.0,0.0,98.21,1.79,50000.0
0.0,0.0,0.0,0.0,98.21,1.79,50000.0
0.0,0.0,0.0,0.0,98.21,1.79,50000.0
0.0,0.0,0.0,0.0,98.21,1.79,50000.0
0.0,0.0,0.0,0.0,98.21,1.79,50000.0
0.0,0.0,0.0,0.0,98.21,1.79,50000.0
0.0,0.0,0.0,0.0,98.21,1.79,50000.0
0.0,0.0,0.0,0.0,98.21,1.79,50000.0
0.0,0.0,0.0,0.0,98.21,1.79,50000.0
0.0,0.0,0.0,0.0,98.21,1.79,50000.0
0.0,0.0,0.0,0.0,98.21,1.79,50000.0
0.0,0.0,0.0,0.0,98.21,1.79,50000.0
0.0,0.0,0.0,0.0,98.21,1.79,50000.0
0.0,0.0,0.0,0.0,98.21,1.79,50000.0
0.0,0.0,0.0,0.0,98.21,1.79,50000.0
0.0,0.0,0.0,0.0,98.21,1.79,50000.0
0.0,0.0,0.0,0.0,98.21,1.79,50000.0
0.0,0.0,0.0,0.0,98.21,1.79,50000.0
0.0,0.0,0.0,0.0,98.21,1.79,50000.0
0.0,0.0,0.0,0.0,98.21,1.79,50000.0
0.0,0.0,0.0,0.0,98.21,1.79,50000.0
0.0,0.0,0.0,0.0,98.21,1.79,50000.0
0.0,0.0,0.0,0.0,98.21,1.79,50000.0
0.0,0.0,0.0,0.0,98.21,1.79,50000.0
0.0,0.0,0.0,0.0,98.21,1.79,50000.0
0.0,0.0,0.0,0.0,98.21,1.79,50000.0
0.0,0.0,0.0,0.0,98.21,1.79,50000.0
0.0,0.0,0.0,0.0,98.21,1.79,50000.0
0.0,0.0,0.0,0.0,98.21,1.79,50000.0
0.0,0.0,0.0,0.0,98.21,1.79,50000.0
0.0,0.0,0.0,0.0,98.21,1.79,50000.0
0.0,0.0,0.0,0.0,98.21,1.79,50000.0
0.0,0.0,0.0,0.0,98.21,1.79,50000.0
0.0,0.0,0.0,0.0,98.21,1.79,50000.0
0.0,0.0,0.0,0.0,98.21,1.79,50000.0
0.0,0.0,0.0,0.0,98.21,1.79,50000.0
0.0,0.0,0.0,0.0,98.21,1.79,50000.0
0.0,0.0,0.0,0.0,98.21,1.79,50000.0
0.0,0.0,0.0,0.0,98.21,1.79,50000.0
0.0,0.0,0.0,0.0,98.21,1.79,50000.0
0.0,0.0,0.0,0.0,98.21,1.79,50000.0
0.0,0.0,0.0,0.0,98.21,1.79,50000.0
0.0,0.0,0.0,0.0,98.21,1.79,50000.0
0.0,0.0,0.0,0.0,98.21,1.79,50000.0
0.0,0.0,0.0,0.0,98.21,1.79,50000.0
0.0,0.0,0.0,0.0,98.21,1.79,50000.0
0.0,0.0,0.0,0.0,98.21,1.79,50000.0
0.0,0.0,0.0,0.0,98.21,1.79,50000.0
0.0,0.0,0.0,0.0,98.21,1.79,50000.0
0.0,0.0,0.0,0.0,98.21,1.79,50000.0
0.0,0.0,0.0,0.0,98.21,1.79,50000.0
0.0,0.0,0.0,0.0,98.21,1.79,50000.0
0.0,0.0,0.0,0.0,98.21,1.79,50000.0
0.0,0.0,0.0,0.0,98.21,1.79,50000.0
0.0,0.0,0.0,0.0,98.21,1.79,50000.0
0.0,0.0,0.0,0.0,98.21,1.79,50000.0
0.0,0.0,0.0,0.0,98.21,1.79,50000.0
0.0,0.0,0.0,0.0,98.21,1.79,50000.0
0.0,0.0,0.0,0.0,98.21,1.79,50000.0
0.0,0.0,0.0,0.0,98.21,1.79,50000.0
0.0,0.0,0.0,0.0,98.21,1.79,50000.0
0.0,0.0,0.0,0.0,98.21,1.79,50000.0
0.0,0.0,0.0,0.0,98.21,1.79,50000.0
0.0,0.0,0.0,0.0,98.21,1.79,50000.0
0.0,0.0,0.0,0.0,98.21,1.79,50000.0
0.0,0.0,0.0,0.0,98.21,1.79,50000.0
0.0,0.0,0.0,0.0,98.21,1.79,50000.0
0.0,0.0,0.0,0.0,98.21,1.79,50000.0
0.0,0.0,0.0,0.0,98.21,1.79,50000.0
0.0,0.0,0.0,0.0,98.21,1.79,50000.0
0.0,0.0,0.0,0.0,98.21,1.79,50000.0
0.0,0.0,0.0,0.0,98.21,1.79,50000.0
0.0,0.0,0.0,0.0,98.21,1.79,50000.0
0.0,0.0,0.0,0.0,98.21,1.79,50000.0
0.0,0.0,0.0,0.0,98.21,1.79,50000.0
0.0,0.0,0.0,0.0,98.21,1.79,50000.0
0.0,0.0,0.0,0.0,98.21,1.79,50000.0
0.0,0.0,0.0,0.0,98.21,1.79,50000.0
0.0,0.0,0.0,0.0,98.21,1.79,50000.0
0.0,0.0,0.0,0.0,98.21,1.79,50000.0
0.0,0.0,0.0,0.0,98.21,1.79,50000.0
0.0,0.0,0.0,0.0,98.21,1.79,50000.0
0.0,0.0,0.0,0.0,98.21,1.79,50000.0
0.0,0.0,0.0,0.0,98.21,1.79,50000.0
0.0,0.0,0.0,0.0,98.21,1.79,50000.0
0.0,0.0,0.0,0.0,98.21,1.79,50000.0
0.0,0.0,0.0,0.0,98.21,1.79,50000.0
0.0,0.0,0.0,0.0,98.21,1.79,50000.0
0.0,0.0,0.0,0.0,98.21,1.79,50000.0
0.0,0.0,0.0,0.0,98.21,1.79,50000.0
0.0,0.0,0.0,0.0,98.21,1.79,50000.0
0.0,0.0,0.0,0.0,98.21,1.79,50000.0
0.0,0.0,0.0,0.0,98.21,1.79,50000.0
0.0,0.0,0.0,0.0,98.21,1.79,50000.0
0.0,0.0,0.0,0.0,98.21,1.79,50000.0
0.0,0.0,0.0,0.0,98.21,1.79,50000.0
0.0,0.0,0.0,0.0,98.21,1.79,50000.0
0.0,0.0,0.0,0.0,98.21,1.79,50000.0
0.0,0.0,0.0,0.0,98.21,1.79,50000.0
0.0,0.0,0.0,0.0,98.21,1.79,50000.0
0.0,0.0,0.0,0.0,98.21,1.79,50000.0
0.0,0.0,0.0,0.0,98.21,1.79,50000.0
0.0,0.0,0.0,0.0,98.21,1.79,50000.0
0.0,0.0,0.0,0.0,98.21,1.79,50000.0
0.0,0.0,0.0,0.0,98.21,1.79,50000.0
0.0,0.0,0.0,0.0,98.21,1.79,50000.0
0.0,0.0,0.0,0.0,98.21,1.79,50000.0
0.0,0.0,0.0,0.0,98.21,1.79,50000.0
0.0,0.0,0.0,0.0,98.21,1.79,50000.0
0.0,0.0,0.0,0.0,98.21,1.79,50000.0
0.0,0.0,0.0,0.0,98.21,1.79,50000.0
0.0,0.0,0.0,0.0,98.21,1.79,50000.0
0.0,0.0,0.0,0.0,98.21,1.79,50000.0
0.0,0.0,0.0,0.0,98.21,1.79,50000.0
0.0,0.0,0.0,0.0,98.21,1.79,50000.0
0.0,0.0,0.0,0.0,98.21,1.79,50000.0
0.0,0.0,0.0,0.0,98.21,1.79,50000.0
0.0,0.0,0.0,0.0,98.21,1.79,50000.0
0.0,0.0,0.0,0.0,98.21,1.79,50000.0
0.0,0.0,0.0,0.0,98.21,1.79,50000.0
0.0,0.0,0.0,0.0,98.21,1.79,50000.0
0.0,0.0,0.0,0.0,98.21,1.79,50000.0
0.0,0.0,0.0,0.0,98.21,1.79,50000.0
0.0,0.0,0.0,0.0,98.21,1.79,50000.0
0.0,0.0,0.0,0.0,98.21,1.79,50000.0
0.0,0.0,0.0,0.0,98.21,1.79,50000.0
0.0,0.0,0.0,0.0,98.21,1.79,50000.0
0.0,0.0,0.0,0.0,98.21,1.79,50000.0
0.0,0.0,0.0,0.0,98.21,1.79,50000.0
0.0,0.0,0.0,0.0,98.21,1.79,50000.0
0.0,0.0,0.0,0.0,98.21,1.79,50000.0
0.0,0.0,0.0,0.0,98.21,1.79,50000.0
0.0,0.0,0.0,0.0,98.21,1.79,50000.0
0.0,0.0,0.0,0.0,98.21,1.79,50000.0