incubando,i_mild,i_grave,susceptibles,recuperados,muertos,infectados_totales
0.01,0.0,0.0,99.99,0.0,0.0,5.0
0.02,0.0,0.0,99.98,0.0,0.0,12.33
0.06,0.0,0.0,99.94,0.0,0.0,29.33
0.11,0.0,0.0,99.89,0.0,0.0,53.0
0.19,0.0,0.0,99.81,0.0,0.0,95.67
0.31,0.0,0.0,99.69,0.0,0.0,157.0
0.54,0.0,0.0,99.46,0.0,0.0,270.0
0.87,0.01,0.0,99.12,0.0,0.0,438.67
1.43,0.02,0.01,98.55,0.0,0.0,726.0
2.3,0.04,0.01,97.64,0.0,0.0,1178.33
3.79,0.08,0.03,96.1,0.0,0.0,1947.67
6.16,0.14,0.05,93.65,0.0,0.0,3176.0
9.82,0.23,0.09,89.87,0.0,0.0,5066.0
15.46,0.38,0.16,84.0,0.0,0.0,8001.0
23.69,0.63,0.25,75.43,0.0,0.0,12283.0
34.63,1.04,0.41,63.92,0.0,0.0,18039.0
48.04,1.66,0.7,49.61,0.0,0.0,25196.33
61.75,2.74,1.14,34.35,0.01,0.0,32823.0
72.92,4.48,1.84,20.73,0.02,0.01,39634.33
79.16,7.14,2.93,10.71,0.04,0.01,44645.33
79.25,11.32,4.59,4.75,0.08,0.02,47625.67
73.6,17.28,7.11,1.83,0.14,0.03,49082.67
63.3,25.39,10.41,0.62,0.23,0.06,49688.0
49.4,35.41,14.5,0.21,0.38,0.1,49894.67
34.28,46.04,18.84,0.07,0.63,0.14,49964.67
20.71,55.3,22.74,0.02,1.04,0.2,49991.33
10.71,61.8,25.58,0.0,1.66,0.26,49998.0
4.75,64.91,27.24,0.0,2.75,0.35,49999.67
1.83,65.22,28.01,0.0,4.5,0.43,50000.0
0.62,63.41,28.26,0.0,7.19,0.51,50000.0
0.21,59.5,28.29,0.0,11.41,0.59,50000.0
0.07,53.58,28.23,0.0,17.45,0.67,50000.0
0.02,45.42,28.14,0.0,25.66,0.76,50000.0
0.0,35.25,28.03,0.0,35.87,0.83,50000.0
0.0,24.38,27.9,0.0,46.81,0.91,50000.0
0.0,14.71,27.73,0.0,56.57,0.99,50000.0
0.0,7.6,27.49,0.0,63.84,1.07,50000.0
0.0,3.38,27.15,0.0,68.32,1.14,50000.0
0.0,1.32,26.65,0.0,70.81,1.22,50000.0
0.0,0.45,25.9,0.0,72.34,1.31,50000.0
0.0,0.15,24.8,0.0,73.66,1.39,50000.0
0.0,0.05,23.17,0.0,75.31,1.48,50000.0
0.0,0.01,20.71,0.0,77.74,1.54,50000.0
0.0,0.0,17.51,0.0,80.88,1.61,50000.0
0.0,0.0,13.59,0.0,84.75,1.65,50000.0
0.0,0.0,9.46,0.0,88.84,1.69,50000.0
0.0,0.0,5.7,0.0,92.57,1.73,50000.0
0.0,0.0,2.94,0.0,95.31,1.75,50000.0
0.0,0.0,1.28,0.0,96.95,1.76,50000.0
0.0,0.0,0.48,0.0,97.76,1.77,50000.0
0.0,0.0,0.16,0.0,98.07,1.77,50000.0
0.0,0.0,0.06,0.0,98.18,1.77,50000.0
0.0,0.0,0.02,0.0,98.21,1.77,50000.0
0.0,0.0,0.0,0.0,98.23,1.77,50000.0
0.0,0.0,0.0,0.0,98.23,1.77,50000.0
0.0,0.0,0.0,0.0,98.23,1.77,50000.0
0.0,0.0,0.0,0.0,98.23,1.77,50000.0
0.0,0.0,0.0,0.0,98.23,1.77,50000.0
0.0,0.0,0.0,0.0,98.23,1.77,50000.0
0.0,0.0,0.0,0.0,98.23,1.77,50000.0
0.0,0.0,0.0,0.0,98.23,1.77,50000.0
0.0,0.0,0.0,0.0,98.23,1.77,50000.0
0.0,0.0,0.0,0.0,98.23,1.77,50000.0
0.0,0.0,0.0,0.0,98.23,1.77,50000.0
0.0,0.0,0.0,0.0,98.23,1.77,50000.0
0.0,0.0,0.0,0.0,98.23,1.77,50000.0
0.0,0.0,0.0,0.0,98.23,1.77,50000.0
0.0,0.0,0.0,0.0,98.23,1.77,50000.0
0.0,0.0,0.0,0.0,98.23,1.77,50000.0
0.0,0.0,0.0,0.0,98.23,1.77,50000.0
0.0,0.0,0.0,0.0,98.23,1.77,50000.0
0.0,0.0,0.0,0.0,98.23,1.77,50000.0
0.0,0.0,0.0,0.0,98.23,1.77,50000.0
0.0,0.0,0.0,0.0,98.23,1.77,50000.0
0.0,0.0,0.0,0.0,98.23,1.77,50000.0
0.0,0.0,0.0,0.0,98.23,1.77,50000.0
0.0,0.0,0.0,0.0,98.23,1.77,50000.0
0.0,0.0,0.0,0.0,98.23,1.77,50000.0
0.0,0.0,0.0,0.0,98.23,1.77,50000.0
0.0,0.0,0.0,0.0,98.23,1.77,50000.0
0.0,0.0,0.0,0.0,98.23,1.77,50000.0
0.0,0.0,0.0,0.0,98.23,1.77,50000.0
0.0,0.0,0.0,0.0,98.23,1.77,50000.0
0.0,0.0,0.0,0.0,98.23,1.77,50000.0
0.0,0.0,0.0,0.0,98.23,1.77,50000.0
0.0,0.0,0.0,0.0,98.23,1.77,50000.0
0.0,0.0,0.0,0.0,98.23,1.77,50000.0
0.0,0.0,0.0,0.0,98.23,1.77,50000.0
0.0,0.0,0.0,0.0,98.23,1.77,50000.0
0.0,0.0,0.0,0.0,98.23,1.77,50000.0
0.0,0.0,0.0,0.0,98.23,1.77,50000.0
0.0,0.0,0.0,0.0,98.23,1.77,50000.0
0.0,0.0,0.0,0.0,98.23,1.77,50000.0
0.0,0.0,0.0,0.0,98.23,1.77,50000.0
0.0,0.0,0.0,0.0,98.23,1.77,50000.0
0.0,0.0,0.0,0.0,98.23,1.77,50000.0
0.0,0.0,0.0,0.0,98.23,1.77,50000.0
0.0,0.0,0.0,0.0,98.23,1.77,50000.0
0.0,0.0,0.0,0.0,98.23,1.77,50000.0
0.0,0.0,0.0,0.0,98.23,1.77,50000.0
0.0,0.0,0.0,0.0,98.23,1.77,50000.0
0.0,0.0,0.0,0.0,98.23,1.77,50000.0
0.0,0.0,0.0,0.0,98.23,1.77,50000.0
0.0,0.0,0.0,0.0,98.23,1.77,50000.0
0.0,0.0,0.0,0.0,98.23,1.77,50000.0
0.0,0.0,0.0,0.0,98.23,1.77,50000.0
0.0,0.0,0.0,0.0,98.23,1.77,50000.0
0.0,0.0,0.0,0.0,98.23,1.77,50000.0
0.0,0.0,0.0,0.0,98.23,1.77,50000.0
0.0,0.0,0.0,0.0,98.23,1.77,50000.0
0.0,0.0,0.0,0.0,98.23,1.77,50000.0
0.0,0.0,0.0,0.0,98.23,1.77,50000.0
0.0,0.0,0.0,0.0,98.23,1.77,50000.0
0.0,0.0,0.0,0.0,98.23,1.77,50000.0
0.0,0.0,0.0,0.0,98.23,1.77,50000.0
0.0,0.0,0.0,0.0,98.23,1.77,50000.0
0.0,0.0,0.0,0.0,98.23,1.77,50000.0
0.0,0.0,0.0,0.0,98.23,1.77,50000.0
0.0,0.0,0.0,0.0,98.23,1.77,50000.0
0.0,0.0,0.0,0.0,98.23,1.77,50000.0
0.0,0.0,0.0,0.0,98.23,1.77,50000.0
0.0,0.0,0.0,0.0,98.23,1.77,50000.0
0.0,0.0,0.0,0.0,98.23,1.77,50000.0
0.0,0.0,0.0,0.0,98.23,1.77,50000.0
0.0,0.0,0.0,0.0,98.23,1.77,50000.0
0.0,0.0,0.0,0.0,98.23,1.77,50000.0
0.0,0.0,0.0,0.0,98.23,1.77,50000.0
0.0,0.0,0.0,0.0,98.23,1.77,50000.0
0.0,0.0,0.0,0.0,98.23,1.77,50000.0
0.0,0.0,0.0,0.0,98.23,1.77,50000.0
0.0,0.0,0.0,0.0,98.23,1.77,50000.0
0.0,0.0,0.0,0.0,98.23,1.77,50000.0
0.0,0.0,0.0,0.0,98.23,1.77,50000.0
0.0,0.0,0.0,0.0,98.23,1.77,50000.0
0.0,0.0,0.0,0.0,98.23,1.77,50000.0
0.0,0.0,0.0,0.0,98.23,1.77,50000.0
0.0,0.0,0.0,0.0,98.23,1.77,50000.0
0.0,0.0,0.0,0.0,98.23,1.77,50000.0
0.0,0.0,0.0,0.0,98.23,1.77,50000.0
0.0,0.0,0.0,0.0,98.23,1.77,50000.0
0.0,0.0,0.0,0.0,98.23,1.77,50000.0
0.0,0.0,0.0,0.0,98.23,1.77,50000.0
0.0,0.0,0.0,0.0,98.23,1.77,50000.0
0.0,0.0,0.0,0.0,98.23,1.77,50000.0
0.0,0.0,0.0,0.0,98.23,1.77,50000.0
0.0,0.0,0.0,0.0,98.23,1.77,50000.0
0.0,0.0,0.0,0.0,98.23,1.77,50000.0
0.0,0.0,0.0,0.0,98.23,1.77,50000.0
0.0,0.0,0.0,0.0,98.23,1.77,50000.0
0.0,0.0,0.0,0.0,98.23,1.77,50000.0
0.0,0.0,0.0,0.0,98.23,1.77,50000.0
0.0,0.0,0.0,0.0,98.23,1.77,50000.0
0.0,0.0,0.0,0.0,98.23,1.77,50000.0
0.0,0.0,0.0,0.0,98.23,1.77,50000.0
0.0,0.0,0.0,0.0,98.23,1.77,50000.0
0.0,0.0,0.0,0.0,98.23,1.77,50000.0
0.0,0.0,0.0,0.0,98.23,1.77,50000.0
0.0,0.0,0.0,0.0,98.23,1.77,50000.0
0.0,0.0,0.0,0.0,98.23,1.77,50000.0
0.0,0.0,0.0,0.0,98.23,1.77,50000.0
0.0,0.0,0.0,0.0,98.23,1.77,50000.0
0.0,0.0,0.0,0.0,98.23,1.77,50000.0
0.0,0.0,0.0,0.0,98.23,1.77,50000.0
0.0,0.0,0.0,0.0,98.23,1.77,50000.0
0.0,0.0,0.0,0.0,98.23,1.77,50000.0
0.0,0.0,0.0,0.0,98.23,1.77,50000.0
0.0,0.0,0.0,0.0,98.23,1.77,50000.0
0.0,0.0,0.0,0.0,98.23,1.77,50000.0
0.0,0.0,0.0,0.0,98.23,1.77,50000.0
0.0,0.0,0.0,0.0,98.23,1.77,50000.0
0.0,0.0,0.0,0.0,98.23,1.77,50000.0
0.0,0.0,0.0,0.0,98.23,1.77,50000.0
0.0,0.0,0.0,0.0,98.23,1.77,50000.0
0.0,0.0,0.0,0.0,98.23,1.77,50000.0
0.0,0.0,0.0,0.0,98.23,1.77,50000.0
0.0,0.0,0.0,0.0,98.23,1.77,50000.0
0.0,0.0,0.0,0.0,98.23,1.77,50000.0
0.0,0.0,0.0,0.0,98.23,1.77,50000.0
0.0,0.0,0.0,0.0,98.23,1.77,50000.0
0.0,0.0,0.0,0.0,98.23,1.77,50000.0
0.0,0.0,0.0,0.0,98.23,1.77,50000.0
0.0,0.0,0.0,0.0,98.23,1.77,50000.0
0.0,0.0,0.0,0.0,98.23,1.77,50000.0
0.0,0.0,0.0,0.0,98.23,1.77,50000.0
0.0,0.0,0.0,0.0,98.23,1.77,50000.0
0.0,0.0,0.0,0.0,98.23,1.77,50000.0
0.0,0.0,0.0,0.0,98.23,1.77,50000.0
0.0,0.0,0.0,0.0,98.23,1.77,50000.0
0.0,0.0,0.0,0.0,98.23,1.77,50000.0
0.0,0.0,0.0,0.0,98.23,1.77,50000.0
0.0,0.0,0.0,0.0,98.23,1.77,50000.0
0.0,0.0,0.0,0.0,98.23,1.77,50000.0
0.0,0.0,0.0,0.0,98.23,1.77,50000.0
0.0,0.0,0.0,0.0,98.23,1.77,50000.0
0.0,0.0,0.0,0.0,98.23,1.77,50000.0
0.0,0.0,0.0,0.0,98.23,1.77,50000.0
0.0,0.0,0.0,0.0,98.23,1.77,50000.0
0.0,0.0,0.0,0.0,98.23,1.77,50000.0
0.0,0.0,0.0,0.0,98.23,1.77,50000.0
0.0,0.0,0.0,0.0,98.23,1.77,50000.0
0.0,0.0,0.0,0.0,98.23,1.77,50000.0
0.0,0.0,0.0,0.0,98.23,1.77,50000.0
0.0,0.0,0.0,0.0,98.23,1.77,50000.0
0.0,0.0,0.0,0.0,98.23,1.77,50000.0
0.0,0.0,0.0,0.0,98.23,1.77,50000.0
0.0,0.0,0.0,0.0,98.23,1.77,50000.0
0.0,0.0,0.0,0.0,98.23,1.77,50000.0
0.0,0.0,0.0,0.0,98.23,1.77,50000.0
0.0,0.0,0.0,0.0,98.23,1.77,50000.0
0.0,0.0,0.0,0.0,98.23,1.77,50000.0
0.0,0.0,0.0,0.0,98.23,1.77,50000.0
0.0,0.0,0.0,0.0,98.23,1.77,50000.0
0.0,0.0,0.0,0.0,98.23,1.77,50000.0
0.0,0.0,0.0,0.0,98.23,1.77,50000.0
0.0,0.0,0.0,0.0,98.23,1.77,50000.0
0.0,0.0,0.0,0.0,98.23,1.77,50000.0
0.0,0.0,0.0,0.0,98.23,1.77,50000.0
0.0,0.0,0.0,0.0,98.23,1.77,50000.0
0.0,0.0,0.0,0.0,98.23,1.77,50000.0
0.0,0.0,0.0,0.0,98.23,1.77,50000.0
0.0,0.0,0.0,0.0,98.23,1.77,50000.0
0.0,0.0,0.0,0.0,98.23,1.77,50000.0
0.0,0.0,0.0,0.0,98.23,1.77,50000.0
0.0,0.0,0.0,0.0,98.23,1.77,50000.0
0.0,0.0,0.0,0.0,98.23,1.77,50000.0
0.0,0.0,0.0,0.0,98.23,1.77,50000.0
0.0,0.0,0.0,0.0,98.23,1.77,50000.0
0.0,0.0,0.0,0.0,98.23,1.77,50000.0
0.0,0.0,0.0,0.0,98.23,1.77,50000.0
0.0,0.0,0.0,0.0,98.23,1.77,50000.0
0.0,0.0,0.0,0.0,98.23,1.77,50000.0
0.0,0.0,0.0,0.0,98.23,1.77,50000.0
0.0,0.0,0.0,0.0,98.23,1.77,50000.0
0.0,0.0,0.0,0.0,98.23,1.77,50000.0
0.0,0.0,0.0,0.0,98.23,1.77,50000.0
0.0,0.0,0.0,0.0,98.23,1.77,50000.0
0.0,0.0,0.0,0.0,98.23,1.77,50000.0
0.0,0.0,0.0,0.0,98.23,1.77,50000.0
0.0,0.0,0.0,0.0,98.23,1.77,50000.0
0.0,0.0,0.0,0.0,98.23,1.77,50000.0
0.0,0.0,0.0,0.0,98.23,1.77,50000.0
0.0,0.0,0.0,0.0,98.23,1.77,50000.0
0.0,0.0,0.0,0.0,98.23,1.77,50000.0
0.0,0.0,0.0,0.0,98.23,1.77,50000.0
0.0,0.0,0.0,0.0,98.23,1.77,50000.0
0.0,0.0,0.0,0.0,98.23,1.77,50000.0
0.0,0.0,0.0,0.0,98.23,1.77,50000.0
0.0,0.0,0.0,0.0,98.23,1.77,50000.0
0.0,0.0,0.0,0.0,98.23,1.77,50000.0
0.0,0.0,0.0,0.0,98.23,1.77,50000.0
0.0,0.0,0.0,0.0,98.23,1.77,50000.0
0.0,0.0,0.0,0.0,98.23,1.77,50000.0
0.0,0.0,0.0,0.0,98.23,1.77,50000.0
0.0,0.0,0.0,0.0,98.23,1.77,50000.0
0.0,0.0,0.0,0.0,98.23,1.77,50000.0
0.0,0.0,0.0,0.0,98.23,1.77,50000.0
0.0,0.0,0.0,0.0,98.23,1.77,50000.0
0.0,0.0,0.0,0.0,98.23,1.77,50000.0
0.0,0.0,0.0,0.0,98.23,1.77,50000.0
0.0,0.0,0.0,0.0,98.23,1.77,50000.0
0.0,0.0,0.0,0.0,98.23,1.77,50000.0
0.0,0.0,0.0,0.0,98.23,1.77,50000.0
0.0,0.0,0.0,0.0,98.23,1.77,50000.0
0.0,0.0,0.0,0.0,98.23,1.77,50000.0
0.0,0.0,0.0,0.0,98.23,1.77,50000.0
0.0,0.0,0.0,0.0,98.23,1.77,50000.0
0.0,0.0,0.0,0.0,98.23,1.77,50000.0
0.0,0.0,0.0,0.0,98.23,1.77,50000.0
0.0,0.0,0.0,0.0,98.23,1.77,50000.0
0.0,0.0,0.0,0.0,98.23,1.77,50000.0
0.0,0.0,0.0,0.0,98.23,1.77,50000.0
0.0,0.0,0.0,0.0,98.23,1.77,50000.0
0.0,0.0,0.0,0.0,98.23,1.77,50000.0
0.0,0.0,0.0,0.0,98.23,1.77,50000.0
0.0,0.0,0.0,0.0,98.23,1.77,50000.0
0.0,0.0,0.0,0.0,98.23,1.77,50000.0
0.0,0.0,0.0,0.0,98.23,1.77,50000.0
0.0,0.0,0.0,0.0,98.23,1.77,50000.0
0.0,0.0,0.0,0.0,98.23,1.77,50000.0
0.0,0.0,0.0,0.0,98.23,1.77,50000.0
0.0,0.0,0.0,0.0,98.23,1.77,50000.0
0.0,0.0,0.0,0.0,98.23,1.77,50000.0
0.0,0.0,0.0,0.0,98.23,1.77,50000.0
0.0,0.0,0.0,0.0,98.23,1.77,50000.0
0.0,0.0,0.0,0.0,98.23,1.77,50000.0
0.0,0.0,0.0,0.0,98.23,1.77,50000.0
0.0,0.0,0.0,0.0,98.23,1.77,50000.0
0.0,0.0,0.0,0.0,98.23,1.77,50000.0
0.0,0.0,0.0,0.0,98.23,1.77,50000.0
0.0,0.0,0.0,0.0,98.23,1.77,50000.0
0.0,0.0,0.0,0.0,98.23,1.77,50000.0
0.0,0.0,0.0,0.0,98.23,1.77,50000.0
0.0,0.0,0.0,0.0,98.23,1.77,50000.0
0.0,0.0,0.0,0.0,98.23,1.77,50000.0
0.0,0.0,0.0,0.0,98.23,1.77,50000.0
0.0,0.0,0.0,0.0,98.23,1.77,50000.0
0.0,0.0,0.0,0.0,98.23,1.77,50000.0
0.0,0.0,0.0,0.0,98.23,1.77,50000.0
0.0,0.0,0.0,0.0,98.23,1.77,50000.0
0.0,0.0,0.0,0.0,98.23,1.77,50000.0
0.0,0.0,0.0,0.0,98.23,1.77,50000.0
0.0,0.0,0.0,0.0,98.23,1.77,50000.0
0.0,0.0,0.0,0.0,98.23,1.77,50000.0
0.0,0.0,0.0,0.0,98.23,1.77,50000.0
0.0,0.0,0.0,0.0,98.23,1.77,50000.0
0.0,0.0,0.0,0.0,98.23,1.77,50000.0
0.0,0.0,0.0,0.0,98.23,1.77,50000.0
0.0,0.0,0.0,0.0,98.23,1.77,50000.0
0.0,0.0,0.0,0.0,98.23,1.77,50000.0
0.0,0.0,0.0,0.0,98.23,1.77,50000.0
0.0,0.0,0.0,0.0,98.23,1.77,50000.0
0.0,0.0,0.0,0.0,98.23,1.77,50000.0
0.0,0.0,0.0,0.0,98.23,1.77,50000.0
0.0,0.0,0.0,0.0,98.23,1.77,50000.0
0.0,0.0,0.0,0.0,98.23,1.77,50000.0
0.0,0.0,0.0,0.0,98.23,1.77,50000.0
0.0,0.0,0.0,0.0,98.23,1.77,50000.0
0.0,0.0,0.0,0.0,98.23,1.77,50000.0
0.0,0.0,0.0,0.0,98.23,1.77,50000.0
0.0,0.0,0.0,0.0,98.23,1.77,50000.0
0.0,0.0,0.0,0.0,98.23,1.77,50000.0
0.0,0.0,0.0,0.0,98.23,1.77,50000.0
0.0,0.0,0.0,0.0,98.23,1.77,50000.0
0.0,0.0,0.0,0.0,98.23,1.77,50000.0
0.0,0.0,0.0,0.0,98.23,1.77,50000.0
0.0,0.0,0.0,0.0,98.23,1.77,50000.0
0.0,0.0,0.0,0.0,98.23,1.77,50000.0
0.0,0.0,0.0,0.0,98.23,1.77,50000.0
0.0,0.0,0.0,0.0,98.23,1.77,50000.0
0.0,0.0,0.0,0.0,98.23,1.77,50000.0
0.0,0.0,0.0,0.0,98.23,1.77,50000.0
0.0,0.0,0.0,0.0,98.23,1.77,50000.0
0.0,0.0,0.0,0.0,98.23,1.77,50000.0
0.0,0.0,0.0,0.0,98.23,1.77,50000.0
0.0,0.0,0.0,0.0,98.23,1.77,50000.0
0.0,0.0,0.0,0.0,98.23,1.77,50000.0
0.0,0.0,0.0,0.0,98.23,1.77,50000.0
0.0,0.0,0.0,0.0,98.23,1.77,50000.0
0.0,0.0,0.0,0.0,98.23,1.77,50000.0
0.0,0.0,0.0,0.0,98.23,1.77,50000.0
0.0,0.0,0.0,0.0,98.23,1.77,50000.0
0.0,0.0,0.0,0.0,98.23,1.77,50000.0
0.0,0.0,0.0,0.0,98.23,1.77,50000.0
0.0,0.0,0.0,0.0,98.23,1.77,50000.0
0.0,0.0,0.0,0.0,98.23,1.77,50000.0
0.0,0.0,0.0,0.0,98.23,1.77,50000.0
0.0,0.0,0.0,0.0,98.23,1.77,50000.0
0.0,0.0,0.0,0.0,98.23,1.77,50000.0
0.0,0.0,0.0,0.0,98.23,1.77,50000.0
0.0,0.0,0.0,0.0,98.23,1.77,50000.0
0.0,0.0,0.0,0.0,98.23,1.77,50000.0
0.0,0.0,0.0,0.0,98.23,1.77,50000.0
0.0,0.0,0.0,0.0,98.23,1.77,50000.0
0.0,0.0,0.0,0.0,98.23,1.77,50000.0
0.0,0.0,0.0,0.0,98.23,1.77,50000.0
0.0,0.0,0.0,0.0,98.23,1.77,50000.0
0.0,0.0,0.0,0.0,98.23,1.77,50000.0
0.0,0.0,0.0,0.0,98.23,1.77,50000.0
0.0,0.0,0.0,0.0,98.23,1.77,50000.0
0.0,0.0,0.0,0.0,98.23,1.77,50000.0
0.0,0.0,0.0,0.0,98.23,1.77,50000.0
0.0,0.0,0.0,0.0,98.23,1.77,50000.0
0.0,0.0,0.0,0.0,98.23,1.77,50000.0
0.0,0.0,0.0,0.0,98.23,1.77,50000.0
0.0,0.0,0.0,0.0,98.23,1.77,50000.0