incubando,i_mild,i_grave,susceptibles,recuperados,muertos,infectados_totales
1.09,0.0,0.0,98.91,0.0,0.0,545.0
2.93,0.0,0.0,97.07,0.0,0.0,1463.0
5.63,0.0,0.0,94.37,0.0,0.0,2813.0
8.97,0.0,0.0,91.03,0.0,0.0,4484.0
13.36,0.0,0.0,86.64,0.0,0.0,6682.33
18.81,0.0,0.0,81.19,0.0,0.0,9407.33
25.42,0.0,0.0,74.58,0.0,0.0,12709.67
32.47,0.77,0.32,66.44,0.0,0.0,16778.0
39.85,2.09,0.84,57.23,0.0,0.0,21387.33
47.19,3.99,1.63,47.18,0.0,0.0,26410.33
54.18,6.35,2.61,36.85,0.0,0.01,31574.0
59.27,9.44,3.9,27.37,0.0,0.02,36315.0
61.98,13.3,5.49,19.2,0.0,0.02,40398.33
61.89,17.98,7.4,12.69,0.0,0.03,43655.33
58.63,23.74,9.76,7.82,0.0,0.06,46091.67
52.68,30.28,12.4,4.55,0.0,0.09,47725.67
44.7,37.44,15.25,2.48,0.0,0.13,48758.33
35.51,44.07,18.13,1.34,0.77,0.18,49331.33
26.64,49.41,20.9,0.73,2.09,0.23,49633.33
18.82,53.22,23.28,0.38,3.99,0.3,49809.0
12.48,55.46,25.12,0.21,6.35,0.38,49893.33
7.72,55.77,26.52,0.1,9.44,0.45,49951.33
4.5,54.24,27.4,0.05,13.3,0.51,49975.0
2.46,51.04,27.9,0.03,17.98,0.59,49986.67
1.32,46.1,28.16,0.01,23.74,0.66,49993.67
0.73,39.97,28.27,0.01,30.28,0.75,49997.0
0.38,33.06,28.29,0.0,37.44,0.83,49999.33
0.21,25.79,28.24,0.0,44.84,0.92,50000.0
0.1,19.22,27.88,0.0,51.79,1.01,50000.0
0.05,13.54,27.33,0.0,57.99,1.09,50000.0
0.03,8.95,26.49,0.0,63.34,1.19,50000.0
0.01,5.56,25.49,0.0,67.67,1.27,50000.0
0.01,3.24,24.18,0.0,71.23,1.35,50000.0
0.0,1.76,22.61,0.0,74.22,1.41,50000.0
0.0,0.95,20.75,0.0,76.84,1.47,50000.0
0.0,0.53,18.46,0.0,79.48,1.53,50000.0
0.0,0.28,15.89,0.0,82.25,1.58,50000.0
0.0,0.15,13.13,0.0,85.09,1.62,50000.0
0.0,0.07,10.33,0.0,87.94,1.67,50000.0
0.0,0.03,7.65,0.0,90.61,1.71,50000.0
0.0,0.02,5.34,0.0,92.92,1.72,50000.0
0.0,0.01,3.51,0.0,94.74,1.75,50000.0
0.0,0.0,2.11,0.0,96.13,1.76,50000.0
0.0,0.0,1.22,0.0,97.01,1.77,50000.0
0.0,0.0,0.67,0.0,97.56,1.77,50000.0
0.0,0.0,0.36,0.0,97.87,1.77,50000.0
0.0,0.0,0.18,0.0,98.04,1.77,50000.0
0.0,0.0,0.09,0.0,98.14,1.77,50000.0
0.0,0.0,0.05,0.0,98.17,1.77,50000.0
0.0,0.0,0.03,0.0,98.2,1.77,50000.0
0.0,0.0,0.01,0.0,98.21,1.77,50000.0
0.0,0.0,0.01,0.0,98.22,1.77,50000.0
0.0,0.0,0.0,0.0,98.22,1.77,50000.0
0.0,0.0,0.0,0.0,98.23,1.77,50000.0
0.0,0.0,0.0,0.0,98.23,1.77,50000.0
0.0,0.0,0.0,0.0,98.23,1.77,50000.0
0.0,0.0,0.0,0.0,98.23,1.77,50000.0
0.0,0.0,0.0,0.0,98.23,1.77,50000.0
0.0,0.0,0.0,0.0,98.23,1.77,50000.0
0.0,0.0,0.0,0.0,98.23,1.77,50000.0
0.0,0.0,0.0,0.0,98.23,1.77,50000.0
0.0,0.0,0.0,0.0,98.23,1.77,50000.0
0.0,0.0,0.0,0.0,98.23,1.77,50000.0
0.0,0.0,0.0,0.0,98.23,1.77,50000.0
0.0,0.0,0.0,0.0,98.23,1.77,50000.0
0.0,0.0,0.0,0.0,98.23,1.77,50000.0
0.0,0.0,0.0,0.0,98.23,1.77,50000.0
0.0,0.0,0.0,0.0,98.23,1.77,50000.0
0.0,0.0,0.0,0.0,98.23,1.77,50000.0
0.0,0.0,0.0,0.0,98.23,1.77,50000.0
0.0,0.0,0.0,0.0,98.23,1.77,50000.0
0.0,0.0,0.0,0.0,98.23,1.77,50000.0
0.0,0.0,0.0,0.0,98.23,1.77,50000.0
0.0,0.0,0.0,0.0,98.23,1.77,50000.0
0.0,0.0,0.0,0.0,98.23,1.77,50000.0
0.0,0.0,0.0,0.0,98.23,1.77,50000.0
0.0,0.0,0.0,0.0,98.23,1.77,50000.0
0.0,0.0,0.0,0.0,98.23,1.77,50000.0
0.0,0.0,0.0,0.0,98.23,1.77,50000.0
0.0,0.0,0.0,0.0,98.23,1.77,50000.0
0.0,0.0,0.0,0.0,98.23,1.77,50000.0
0.0,0.0,0.0,0.0,98.23,1.77,50000.0
0.0,0.0,0.0,0.0,98.23,1.77,50000.0
0.0,0.0,0.0,0.0,98.23,1.77,50000.0
0.0,0.0,0.0,0.0,98.23,1.77,50000.0
0.0,0.0,0.0,0.0,98.23,1.77,50000.0
0.0,0.0,0.0,0.0,98.23,1.77,50000.0
0.0,0.0,0.0,0.0,98.23,1.77,50000.0
0.0,0.0,0.0,0.0,98.23,1.77,50000.0
0.0,0.0,0.0,0.0,98.23,1.77,50000.0
0.0,0.0,0.0,0.0,98.23,1.77,50000.0
0.0,0.0,0.0,0.0,98.23,1.77,50000.0
0.0,0.0,0.0,0.0,98.23,1.77,50000.0
0.0,0.0,0.0,0.0,98.23,1.77,50000.0
0.0,0.0,0.0,0.0,98.23,1.77,50000.0
0.0,0.0,0.0,0.0,98.23,1.77,50000.0
0.0,0.0,0.0,0.0,98.23,1.77,50000.0
0.0,0.0,0.0,0.0,98.23,1.77,50000.0
0.0,0.0,0.0,0.0,98.23,1.77,50000.0
0.0,0.0,0.0,0.0,98.23,1.77,50000.0
0.0,0.0,0.0,0.0,98.23,1.77,50000.0
0.0,0.0,0.0,0.0,98.23,1.77,50000.0
0.0,0.0,0.0,0.0,98.23,1.77,50000.0
0.0,0.0,0.0,0.0,98.23,1.77,50000.0
0.0,0.0,0.0,0.0,98.23,1.77,50000.0
0.0,0.0,0.0,0.0,98.23,1.77,50000.0
0.0,0.0,0.0,0.0,98.23,1.77,50000.0
0.0,0.0,0.0,0.0,98.23,1.77,50000.0
0.0,0.0,0.0,0.0,98.23,1.77,50000.0
0.0,0.0,0.0,0.0,98.23,1.77,50000.0
0.0,0.0,0.0,0.0,98.23,1.77,50000.0
0.0,0.0,0.0,0.0,98.23,1.77,50000.0
0.0,0.0,0.0,0.0,98.23,1.77,50000.0
0.0,0.0,0.0,0.0,98.23,1.77,50000.0
0.0,0.0,0.0,0.0,98.23,1.77,50000.0
0.0,0.0,0.0,0.0,98.23,1.77,50000.0
0.0,0.0,0.0,0.0,98.23,1.77,50000.0
0.0,0.0,0.0,0.0,98.23,1.77,50000.0
0.0,0.0,0.0,0.0,98.23,1.77,50000.0
0.0,0.0,0.0,0.0,98.23,1.77,50000.0
0.0,0.0,0.0,0.0,98.23,1.77,50000.0
0.0,0.0,0.0,0.0,98.23,1.77,50000.0
0.0,0.0,0.0,0.0,98.23,1.77,50000.0
0.0,0.0,0.0,0.0,98.23,1.77,50000.0
0.0,0.0,0.0,0.0,98.23,1.77,50000.0
0.0,0.0,0.0,0.0,98.23,1.77,50000.0
0.0,0.0,0.0,0.0,98.23,1.77,50000.0
0.0,0.0,0.0,0.0,98.23,1.77,50000.0
0.0,0.0,0.0,0.0,98.23,1.77,50000.0
0.0,0.0,0.0,0.0,98.23,1.77,50000.0
0.0,0.0,0.0,0.0,98.23,1.77,50000.0
0.0,0.0,0.0,0.0,98.23,1.77,50000.0
0.0,0.0,0.0,0.0,98.23,1.77,50000.0
0.0,0.0,0.0,0.0,98.23,1.77,50000.0
0.0,0.0,0.0,0.0,98.23,1.77,50000.0
0.0,0.0,0.0,0.0,98.23,1.77,50000.0
0.0,0.0,0.0,0.0,98.23,1.77,50000.0
0.0,0.0,0.0,0.0,98.23,1.77,50000.0
0.0,0.0,0.0,0.0,98.23,1.77,50000.0
0.0,0.0,0.0,0.0,98.23,1.77,50000.0
0.0,0.0,0.0,0.0,98.23,1.77,50000.0
0.0,0.0,0.0,0.0,98.23,1.77,50000.0
0.0,0.0,0.0,0.0,98.23,1.77,50000.0
0.0,0.0,0.0,0.0,98.23,1.77,50000.0
0.0,0.0,0.0,0.0,98.23,1.77,50000.0
0.0,0.0,0.0,0.0,98.23,1.77,50000.0
0.0,0.0,0.0,0.0,98.23,1.77,50000.0
0.0,0.0,0.0,0.0,98.23,1.77,50000.0
0.0,0.0,0.0,0.0,98.23,1.77,50000.0
0.0,0.0,0.0,0.0,98.23,1.77,50000.0
0.0,0.0,0.0,0.0,98.23,1.77,50000.0
0.0,0.0,0.0,0.0,98.23,1.77,50000.0
0.0,0.0,0.0,0.0,98.23,1.77,50000.0
0.0,0.0,0.0,0.0,98.23,1.77,50000.0
0.0,0.0,0.0,0.0,98.23,1.77,50000.0
0.0,0.0,0.0,0.0,98.23,1.77,50000.0
0.0,0.0,0.0,0.0,98.23,1.77,50000.0
0.0,0.0,0.0,0.0,98.23,1.77,50000.0
0.0,0.0,0.0,0.0,98.23,1.77,50000.0
0.0,0.0,0.0,0.0,98.23,1.77,50000.0
0.0,0.0,0.0,0.0,98.23,1.77,50000.0
0.0,0.0,0.0,0.0,98.23,1.77,50000.0
0.0,0.0,0.0,0.0,98.23,1.77,50000.0
0.0,0.0,0.0,0.0,98.23,1.77,50000.0
0.0,0.0,0.0,0.0,98.23,1.77,50000.0
0.0,0.0,0.0,0.0,98.23,1.77,50000.0
0.0,0.0,0.0,0.0,98.23,1.77,50000.0
0.0,0.0,0.0,0.0,98.23,1.77,50000.0
0.0,0.0,0.0,0.0,98.23,1.77,50000.0
0.0,0.0,0.0,0.0,98.23,1.77,50000.0
0.0,0.0,0.0,0.0,98.23,1.77,50000.0
0.0,0.0,0.0,0.0,98.23,1.77,50000.0
0.0,0.0,0.0,0.0,98.23,1.77,50000.0
0.0,0.0,0.0,0.0,98.23,1.77,50000.0
0.0,0.0,0.0,0.0,98.23,1.77,50000.0
0.0,0.0,0.0,0.0,98.23,1.77,50000.0
0.0,0.0,0.0,0.0,98.23,1.77,50000.0
0.0,0.0,0.0,0.0,98.23,1.77,50000.0
0.0,0.0,0.0,0.0,98.23,1.77,50000.0
0.0,0.0,0.0,0.0,98.23,1.77,50000.0
0.0,0.0,0.0,0.0,98.23,1.77,50000.0
0.0,0.0,0.0,0.0,98.23,1.77,50000.0
0.0,0.0,0.0,0.0,98.23,1.77,50000.0
0.0,0.0,0.0,0.0,98.23,1.77,50000.0
0.0,0.0,0.0,0.0,98.23,1.77,50000.0
0.0,0.0,0.0,0.0,98.23,1.77,50000.0
0.0,0.0,0.0,0.0,98.23,1.77,50000.0
0.0,0.0,0.0,0.0,98.23,1.77,50000.0
0.0,0.0,0.0,0.0,98.23,1.77,50000.0
0.0,0.0,0.0,0.0,98.23,1.77,50000.0
0.0,0.0,0.0,0.0,98.23,1.77,50000.0
0.0,0.0,0.0,0.0,98.23,1.77,50000.0
0.0,0.0,0.0,0.0,98.23,1.77,50000.0
0.0,0.0,0.0,0.0,98.23,1.77,50000.0
0.0,0.0,0.0,0.0,98.23,1.77,50000.0
0.0,0.0,0.0,0.0,98.23,1.77,50000.0
0.0,0.0,0.0,0.0,98.23,1.77,50000.0
0.0,0.0,0.0,0.0,98.23,1.77,50000.0
0.0,0.0,0.0,0.0,98.23,1.77,50000.0
0.0,0.0,0.0,0.0,98.23,1.77,50000.0
0.0,0.0,0.0,0.0,98.23,1.77,50000.0
0.0,0.0,0.0,0.0,98.23,1.77,50000.0
0.0,0.0,0.0,0.0,98.23,1.77,50000.0
0.0,0.0,0.0,0.0,98.23,1.77,50000.0
0.0,0.0,0.0,0.0,98.23,1.77,50000.0
0.0,0.0,0.0,0.0,98.23,1.77,50000.0
0.0,0.0,0.0,0.0,98.23,1.77,50000.0
0.0,0.0,0.0,0.0,98.23,1.77,50000.0
0.0,0.0,0.0,0.0,98.23,1.77,50000.0
0.0,0.0,0.0,0.0,98.23,1.77,50000.0
0.0,0.0,0.0,0.0,98.23,1.77,50000.0
0.0,0.0,0.0,0.0,98.23,1.77,50000.0
0.0,0.0,0.0,0.0,98.23,1.77,50000.0
0.0,0.0,0.0,0.0,98.23,1.77,50000.0
0.0,0.0,0.0,0.0,98.23,1.77,50000.0
0.0,0.0,0.0,0.0,98.23,1.77,50000.0
0.0,0.0,0.0,0.0,98.23,1.77,50000.0
0.0,0.0,0.0,0.0,98.23,1.77,50000.0
0.0,0.0,0.0,0.0,98.23,1.77,50000.0
0.0,0.0,0.0,0.0,98.23,1.77,50000.0
0.0,0.0,0.0,0.0,98.23,1.77,50000.0
0.0,0.0,0.0,0.0,98.23,1.77,50000.0
0.0,0.0,0.0,0.0,98.23,1.77,50000.0
0.0,0.0,0.0,0.0,98.23,1.77,50000.0
0.0,0.0,0.0,0.0,98.23,1.77,50000.0
0.0,0.0,0.0,0.0,98.23,1.77,50000.0
0.0,0.0,0.0,0.0,98.23,1.77,50000.0
0.0,0.0,0.0,0.0,98.23,1.77,50000.0
0.0,0.0,0.0,0.0,98.23,1.77,50000.0
0.0,0.0,0.0,0.0,98.23,1.77,50000.0
0.0,0.0,0.0,0.0,98.23,1.77,50000.0
0.0,0.0,0.0,0.0,98.23,1.77,50000.0
0.0,0.0,0.0,0.0,98.23,1.77,50000.0
0.0,0.0,0.0,0.0,98.23,1.77,50000.0
0.0,0.0,0.0,0.0,98.23,1.77,50000.0
0.0,0.0,0.0,0.0,98.23,1.77,50000.0
0.0,0.0,0.0,0.0,98.23,1.77,50000.0
0.0,0.0,0.0,0.0,98.23,1.77,50000.0
0.0,0.0,0.0,0.0,98.23,1.77,50000.0
0.0,0.0,0.0,0.0,98.23,1.77,50000.0
0.0,0.0,0.0,0.0,98.23,1.77,50000.0
0.0,0.0,0.0,0.0,98.23,1.77,50000.0
0.0,0.0,0.0,0.0,98.23,1.77,50000.0
0.0,0.0,0.0,0.0,98.23,1.77,50000.0
0.0,0.0,0.0,0.0,98.23,1.77,50000.0
0.0,0.0,0.0,0.0,98.23,1.77,50000.0
0.0,0.0,0.0,0.0,98.23,1.77,50000.0
0.0,0.0,0.0,0.0,98.23,1.77,50000.0
0.0,0.0,0.0,0.0,98.23,1.77,50000.0
0.0,0.0,0.0,0.0,98.23,1.77,50000.0
0.0,0.0,0.0,0.0,98.23,1.77,50000.0
0.0,0.0,0.0,0.0,98.23,1.77,50000.0
0.0,0.0,0.0,0.0,98.23,1.77,50000.0
0.0,0.0,0.0,0.0,98.23,1.77,50000.0
0.0,0.0,0.0,0.0,98.23,1.77,50000.0
0.0,0.0,0.0,0.0,98.23,1.77,50000.0
0.0,0.0,0.0,0.0,98.23,1.77,50000.0
0.0,0.0,0.0,0.0,98.23,1.77,50000.0
0.0,0.0,0.0,0.0,98.23,1.77,50000.0
0.0,0.0,0.0,0.0,98.23,1.77,50000.0
0.0,0.0,0.0,0.0,98.23,1.77,50000.0
0.0,0.0,0.0,0.0,98.23,1.77,50000.0
0.0,0.0,0.0,0.0,98.23,1.77,50000.0
0.0,0.0,0.0,0.0,98.23,1.77,50000.0
0.0,0.0,0.0,0.0,98.23,1.77,50000.0
0.0,0.0,0.0,0.0,98.23,1.77,50000.0
0.0,0.0,0.0,0.0,98.23,1.77,50000.0
0.0,0.0,0.0,0.0,98.23,1.77,50000.0
0.0,0.0,0.0,0.0,98.23,1.77,50000.0
0.0,0.0,0.0,0.0,98.23,1.77,50000.0
0.0,0.0,0.0,0.0,98.23,1.77,50000.0
0.0,0.0,0.0,0.0,98.23,1.77,50000.0
0.0,0.0,0.0,0.0,98.23,1.77,50000.0
0.0,0.0,0.0,0.0,98.23,1.77,50000.0
0.0,0.0,0.0,0.0,98.23,1.77,50000.0
0.0,0.0,0.0,0.0,98.23,1.77,50000.0
0.0,0.0,0.0,0.0,98.23,1.77,50000.0
0.0,0.0,0.0,0.0,98.23,1.77,50000.0
0.0,0.0,0.0,0.0,98.23,1.77,50000.0
0.0,0.0,0.0,0.0,98.23,1.77,50000.0
0.0,0.0,0.0,0.0,98.23,1.77,50000.0
0.0,0.0,0.0,0.0,98.23,1.77,50000.0
0.0,0.0,0.0,0.0,98.23,1.77,50000.0
0.0,0.0,0.0,0.0,98.23,1.77,50000.0
0.0,0.0,0.0,0.0,98.23,1.77,50000.0
0.0,0.0,0.0,0.0,98.23,1.77,50000.0
0.0,0.0,0.0,0.0,98.23,1.77,50000.0
0.0,0.0,0.0,0.0,98.23,1.77,50000.0
0.0,0.0,0.0,0.0,98.23,1.77,50000.0
0.0,0.0,0.0,0.0,98.23,1.77,50000.0
0.0,0.0,0.0,0.0,98.23,1.77,50000.0
0.0,0.0,0.0,0.0,98.23,1.77,50000.0
0.0,0.0,0.0,0.0,98.23,1.77,50000.0
0.0,0.0,0.0,0.0,98.23,1.77,50000.0
0.0,0.0,0.0,0.0,98.23,1.77,50000.0
0.0,0.0,0.0,0.0,98.23,1.77,50000.0
0.0,0.0,0.0,0.0,98.23,1.77,50000.0
0.0,0.0,0.0,0.0,98.23,1.77,50000.0
0.0,0.0,0.0,0.0,98.23,1.77,50000.0
0.0,0.0,0.0,0.0,98.23,1.77,50000.0
0.0,0.0,0.0,0.0,98.23,1.77,50000.0
0.0,0.0,0.0,0.0,98.23,1.77,50000.0
0.0,0.0,0.0,0.0,98.23,1.77,50000.0
0.0,0.0,0.0,0.0,98.23,1.77,50000.0
0.0,0.0,0.0,0.0,98.23,1.77,50000.0
0.0,0.0,0.0,0.0,98.23,1.77,50000.0
0.0,0.0,0.0,0.0,98.23,1.77,50000.0
0.0,0.0,0.0,0.0,98.23,1.77,50000.0
0.0,0.0,0.0,0.0,98.23,1.77,50000.0
0.0,0.0,0.0,0.0,98.23,1.77,50000.0
0.0,0.0,0.0,0.0,98.23,1.77,50000.0
0.0,0.0,0.0,0.0,98.23,1.77,50000.0
0.0,0.0,0.0,0.0,98.23,1.77,50000.0
0.0,0.0,0.0,0.0,98.23,1.77,50000.0
0.0,0.0,0.0,0.0,98.23,1.77,50000.0
0.0,0.0,0.0,0.0,98.23,1.77,50000.0
0.0,0.0,0.0,0.0,98.23,1.77,50000.0
0.0,0.0,0.0,0.0,98.23,1.77,50000.0
0.0,0.0,0.0,0.0,98.23,1.77,50000.0
0.0,0.0,0.0,0.0,98.23,1.77,50000.0
0.0,0.0,0.0,0.0,98.23,1.77,50000.0
0.0,0.0,0.0,0.0,98.23,1.77,50000.0
0.0,0.0,0.0,0.0,98.23,1.77,50000.0
0.0,0.0,0.0,0.0,98.23,1.77,50000.0
0.0,0.0,0.0,0.0,98.23,1.77,50000.0
0.0,0.0,0.0,0.0,98.23,1.77,50000.0
0.0,0.0,0.0,0.0,98.23,1.77,50000.0
0.0,0.0,0.0,0.0,98.23,1.77,50000.0
0.0,0.0,0.0,0.0,98.23,1.77,50000.0
0.0,0.0,0.0,0.0,98.23,1.77,50000.0
0.0,0.0,0.0,0.0,98.23,1.77,50000.0
0.0,0.0,0.0,0.0,98.23,1.77,50000.0
0.0,0.0,0.0,0.0,98.23,1.77,50000.0
0.0,0.0,0.0,0.0,98.23,1.77,50000.0
0.0,0.0,0.0,0.0,98.23,1.77,50000.0
0.0,0.0,0.0,0.0,98.23,1.77,50000.0
0.0,0.0,0.0,0.0,98.23,1.77,50000.0
0.0,0.0,0.0,0.0,98.23,1.77,50000.0
0.0,0.0,0.0,0.0,98.23,1.77,50000.0
0.0,0.0,0.0,0.0,98.23,1.77,50000.0
0.0,0.0,0.0,0.0,98.23,1.77,50000.0
0.0,0.0,0.0,0.0,98.23,1.77,50000.0
0.0,0.0,0.0,0.0,98.23,1.77,50000.0
0.0,0.0,0.0,0.0,98.23,1.77,50000.0
0.0,0.0,0.0,0.0,98.23,1.77,50000.0
0.0,0.0,0.0,0.0,98.23,1.77,50000.0
0.0,0.0,0.0,0.0,98.23,1.77,50000.0
0.0,0.0,0.0,0.0,98.23,1.77,50000.0
0.0,0.0,0.0,0.0,98.23,1.77,50000.0
0.0,0.0,0.0,0.0,98.23,1.77,50000.0
0.0,0.0,0.0,0.0,98.23,1.77,50000.0
0.0,0.0,0.0,0.0,98.23,1.77,50000.0
0.0,0.0,0.0,0.0,98.23,1.77,50000.0
0.0,0.0,0.0,0.0,98.23,1.77,50000.0
0.0,0.0,0.0,0.0,98.23,1.77,50000.0
0.0,0.0,0.0,0.0,98.23,1.77,50000.0
0.0,0.0,0.0,0.0,98.23,1.77,50000.0
0.0,0.0,0.0,0.0,98.23,1.77,50000.0
0.0,0.0,0.0,0.0,98.23,1.77,50000.0
0.0,0.0,0.0,0.0,98.23,1.77,50000.0
0.0,0.0,0.0,0.0,98.23,1.77,50000.0
0.0,0.0,0.0,0.0,98.23,1.77,50000.0
0.0,0.0,0.0,0.0,98.23,1.77,50000.0
0.0,0.0,0.0,0.0,98.23,1.77,50000.0
0.0,0.0,0.0,0.0,98.23,1.77,50000.0