incubando,i_mild,i_grave,susceptibles,recuperados,muertos,infectados_totales
0.09,0.0,0.0,99.91,0.0,0.0,47.0
0.23,0.0,0.0,99.77,0.0,0.0,115.0
0.48,0.0,0.0,99.52,0.0,0.0,239.33
0.9,0.0,0.0,99.1,0.0,0.0,449.0
1.59,0.0,0.0,98.41,0.0,0.0,795.67
2.75,0.0,0.0,97.25,0.0,0.0,1374.67
4.83,0.0,0.0,95.17,0.0,0.0,2412.67
8.27,0.07,0.03,91.63,0.0,0.0,4183.0
13.93,0.16,0.07,85.84,0.0,0.0,7080.0
22.82,0.35,0.13,76.71,0.0,0.0,11647.0
35.48,0.64,0.26,63.62,0.0,0.0,18190.33
51.49,1.12,0.47,46.91,0.0,0.0,26542.67
67.99,1.97,0.78,29.26,0.0,0.0,35368.33
80.62,3.42,1.4,14.55,0.0,0.01,42724.33
86.1,5.93,2.42,5.53,0.0,0.01,47235.33
84.19,10.04,4.1,1.65,0.0,0.02,49173.67
76.26,16.54,6.72,0.45,0.0,0.03,49775.33
63.51,25.77,10.49,0.11,0.07,0.06,49947.33
46.9,37.59,15.24,0.02,0.16,0.09,49991.0
29.26,49.92,20.33,0.0,0.35,0.14,49998.67
14.55,60.06,24.54,0.0,0.64,0.2,50000.0
5.53,65.93,27.14,0.0,1.12,0.27,50000.0
1.65,67.83,28.2,0.0,1.97,0.35,50000.0
0.45,67.24,28.44,0.0,3.42,0.45,50000.0
0.11,64.99,28.44,0.0,5.93,0.53,50000.0
0.02,60.94,28.39,0.0,10.04,0.61,50000.0
0.0,54.46,28.3,0.0,16.54,0.71,50000.0
0.0,45.16,28.21,0.0,25.84,0.8,50000.0
0.0,33.24,28.1,0.0,37.78,0.88,50000.0
0.0,20.73,27.99,0.0,50.33,0.96,50000.0
0.0,10.29,27.84,0.0,60.83,1.04,50000.0
0.0,3.94,27.65,0.0,67.29,1.12,50000.0
0.0,1.2,27.35,0.0,70.24,1.21,50000.0
0.0,0.34,26.99,0.0,71.39,1.28,50000.0
0.0,0.08,26.33,0.0,72.23,1.36,50000.0
0.0,0.01,25.29,0.0,73.26,1.44,50000.0
0.0,0.0,23.63,0.0,74.85,1.52,50000.0
0.0,0.0,21.07,0.0,77.34,1.59,50000.0
0.0,0.0,17.45,0.0,80.9,1.65,50000.0
0.0,0.0,12.9,0.0,85.39,1.71,50000.0
0.0,0.0,8.05,0.0,90.2,1.75,50000.0
0.0,0.0,4.0,0.0,94.23,1.77,50000.0
0.0,0.0,1.49,0.0,96.72,1.79,50000.0
0.0,0.0,0.43,0.0,97.77,1.8,50000.0
0.0,0.0,0.11,0.0,98.09,1.8,50000.0
0.0,0.0,0.03,0.0,98.17,1.8,50000.0
0.0,0.0,0.0,0.0,98.2,1.8,50000.0
0.0,0.0,0.0,0.0,98.2,1.8,50000.0
0.0,0.0,0.0,0.0,98.2,1.8,50000.0
0.0,0.0,0.0,0.0,98.2,1.8,50000.0
0.0,0.0,0.0,0.0,98.2,1.8,50000.0
0.0,0.0,0.0,0.0,98.2,1.8,50000.0
0.0,0.0,0.0,0.0,98.2,1.8,50000.0
0.0,0.0,0.0,0.0,98.2,1.8,50000.0
0.0,0.0,0.0,0.0,98.2,1.8,50000.0
0.0,0.0,0.0,0.0,98.2,1.8,50000.0
0.0,0.0,0.0,0.0,98.2,1.8,50000.0
0.0,0.0,0.0,0.0,98.2,1.8,50000.0
0.0,0.0,0.0,0.0,98.2,1.8,50000.0
0.0,0.0,0.0,0.0,98.2,1.8,50000.0
0.0,0.0,0.0,0.0,98.2,1.8,50000.0
0.0,0.0,0.0,0.0,98.2,1.8,50000.0
0.0,0.0,0.0,0.0,98.2,1.8,50000.0
0.0,0.0,0.0,0.0,98.2,1.8,50000.0
0.0,0.0,0.0,0.0,98.2,1.8,50000.0
0.0,0.0,0.0,0.0,98.2,1.8,50000.0
0.0,0.0,0.0,0.0,98.2,1.8,50000.0
0.0,0.0,0.0,0.0,98.2,1.8,50000.0
0.0,0.0,0.0,0.0,98.2,1.8,50000.0
0.0,0.0,0.0,0.0,98.2,1.8,50000.0
0.0,0.0,0.0,0.0,98.2,1.8,50000.0
0.0,0.0,0.0,0.0,98.2,1.8,50000.0
0.0,0.0,0.0,0.0,98.2,1.8,50000.0
0.0,0.0,0.0,0.0,98.2,1.8,50000.0
0.0,0.0,0.0,0.0,98.2,1.8,50000.0
0.0,0.0,0.0,0.0,98.2,1.8,50000.0
0.0,0.0,0.0,0.0,98.2,1.8,50000.0
0.0,0.0,0.0,0.0,98.2,1.8,50000.0
0.0,0.0,0.0,0.0,98.2,1.8,50000.0
0.0,0.0,0.0,0.0,98.2,1.8,50000.0
0.0,0.0,0.0,0.0,98.2,1.8,50000.0
0.0,0.0,0.0,0.0,98.2,1.8,50000.0
0.0,0.0,0.0,0.0,98.2,1.8,50000.0
0.0,0.0,0.0,0.0,98.2,1.8,50000.0
0.0,0.0,0.0,0.0,98.2,1.8,50000.0
0.0,0.0,0.0,0.0,98.2,1.8,50000.0
0.0,0.0,0.0,0.0,98.2,1.8,50000.0
0.0,0.0,0.0,0.0,98.2,1.8,50000.0
0.0,0.0,0.0,0.0,98.2,1.8,50000.0
0.0,0.0,0.0,0.0,98.2,1.8,50000.0
0.0,0.0,0.0,0.0,98.2,1.8,50000.0
0.0,0.0,0.0,0.0,98.2,1.8,50000.0
0.0,0.0,0.0,0.0,98.2,1.8,50000.0
0.0,0.0,0.0,0.0,98.2,1.8,50000.0
0.0,0.0,0.0,0.0,98.2,1.8,50000.0
0.0,0.0,0.0,0.0,98.2,1.8,50000.0
0.0,0.0,0.0,0.0,98.2,1.8,50000.0
0.0,0.0,0.0,0.0,98.2,1.8,50000.0
0.0,0.0,0.0,0.0,98.2,1.8,50000.0
0.0,0.0,0.0,0.0,98.2,1.8,50000.0
0.0,0.0,0.0,0.0,98.2,1.8,50000.0
0.0,0.0,0.0,0.0,98.2,1.8,50000.0
0.0,0.0,0.0,0.0,98.2,1.8,50000.0
0.0,0.0,0.0,0.0,98.2,1.8,50000.0
0.0,0.0,0.0,0.0,98.2,1.8,50000.0
0.0,0.0,0.0,0.0,98.2,1.8,50000.0
0.0,0.0,0.0,0.0,98.2,1.8,50000.0
0.0,0.0,0.0,0.0,98.2,1.8,50000.0
0.0,0.0,0.0,0.0,98.2,1.8,50000.0
0.0,0.0,0.0,0.0,98.2,1.8,50000.0
0.0,0.0,0.0,0.0,98.2,1.8,50000.0
0.0,0.0,0.0,0.0,98.2,1.8,50000.0
0.0,0.0,0.0,0.0,98.2,1.8,50000.0
0.0,0.0,0.0,0.0,98.2,1.8,50000.0
0.0,0.0,0.0,0.0,98.2,1.8,50000.0
0.0,0.0,0.0,0.0,98.2,1.8,50000.0
0.0,0.0,0.0,0.0,98.2,1.8,50000.0
0.0,0.0,0.0,0.0,98.2,1.8,50000.0
0.0,0.0,0.0,0.0,98.2,1.8,50000.0
0.0,0.0,0.0,0.0,98.2,1.8,50000.0
0.0,0.0,0.0,0.0,98.2,1.8,50000.0
0.0,0.0,0.0,0.0,98.2,1.8,50000.0
0.0,0.0,0.0,0.0,98.2,1.8,50000.0
0.0,0.0,0.0,0.0,98.2,1.8,50000.0
0.0,0.0,0.0,0.0,98.2,1.8,50000.0
0.0,0.0,0.0,0.0,98.2,1.8,50000.0
0.0,0.0,0.0,0.0,98.2,1.8,50000.0
0.0,0.0,0.0,0.0,98.2,1.8,50000.0
0.0,0.0,0.0,0.0,98.2,1.8,50000.0
0.0,0.0,0.0,0.0,98.2,1.8,50000.0
0.0,0.0,0.0,0.0,98.2,1.8,50000.0
0.0,0.0,0.0,0.0,98.2,1.8,50000.0
0.0,0.0,0.0,0.0,98.2,1.8,50000.0
0.0,0.0,0.0,0.0,98.2,1.8,50000.0
0.0,0.0,0.0,0.0,98.2,1.8,50000.0
0.0,0.0,0.0,0.0,98.2,1.8,50000.0
0.0,0.0,0.0,0.0,98.2,1.8,50000.0
0.0,0.0,0.0,0.0,98.2,1.8,50000.0
0.0,0.0,0.0,0.0,98.2,1.8,50000.0
0.0,0.0,0.0,0.0,98.2,1.8,50000.0
0.0,0.0,0.0,0.0,98.2,1.8,50000.0
0.0,0.0,0.0,0.0,98.2,1.8,50000.0
0.0,0.0,0.0,0.0,98.2,1.8,50000.0
0.0,0.0,0.0,0.0,98.2,1.8,50000.0
0.0,0.0,0.0,0.0,98.2,1.8,50000.0
0.0,0.0,0.0,0.0,98.2,1.8,50000.0
0.0,0.0,0.0,0.0,98.2,1.8,50000.0
0.0,0.0,0.0,0.0,98.2,1.8,50000.0
0.0,0.0,0.0,0.0,98.2,1.8,50000.0
0.0,0.0,0.0,0.0,98.2,1.8,50000.0
0.0,0.0,0.0,0.0,98.2,1.8,50000.0
0.0,0.0,0.0,0.0,98.2,1.8,50000.0
0.0,0.0,0.0,0.0,98.2,1.8,50000.0
0.0,0.0,0.0,0.0,98.2,1.8,50000.0
0.0,0.0,0.0,0.0,98.2,1.8,50000.0
0.0,0.0,0.0,0.0,98.2,1.8,50000.0
0.0,0.0,0.0,0.0,98.2,1.8,50000.0
0.0,0.0,0.0,0.0,98.2,1.8,50000.0
0.0,0.0,0.0,0.0,98.2,1.8,50000.0
0.0,0.0,0.0,0.0,98.2,1.8,50000.0
0.0,0.0,0.0,0.0,98.2,1.8,50000.0
0.0,0.0,0.0,0.0,98.2,1.8,50000.0
0.0,0.0,0.0,0.0,98.2,1.8,50000.0
0.0,0.0,0.0,0.0,98.2,1.8,50000.0
0.0,0.0,0.0,0.0,98.2,1.8,50000.0
0.0,0.0,0.0,0.0,98.2,1.8,50000.0
0.0,0.0,0.0,0.0,98.2,1.8,50000.0
0.0,0.0,0.0,0.0,98.2,1.8,50000.0
0.0,0.0,0.0,0.0,98.2,1.8,50000.0
0.0,0.0,0.0,0.0,98.2,1.8,50000.0
0.0,0.0,0.0,0.0,98.2,1.8,50000.0
0.0,0.0,0.0,0.0,98.2,1.8,50000.0
0.0,0.0,0.0,0.0,98.2,1.8,50000.0
0.0,0.0,0.0,0.0,98.2,1.8,50000.0
0.0,0.0,0.0,0.0,98.2,1.8,50000.0
0.0,0.0,0.0,0.0,98.2,1.8,50000.0
0.0,0.0,0.0,0.0,98.2,1.8,50000.0
0.0,0.0,0.0,0.0,98.2,1.8,50000.0
0.0,0.0,0.0,0.0,98.2,1.8,50000.0
0.0,0.0,0.0,0.0,98.2,1.8,50000.0
0.0,0.0,0.0,0.0,98.2,1.8,50000.0
0.0,0.0,0.0,0.0,98.2,1.8,50000.0
0.0,0.0,0.0,0.0,98.2,1.8,50000.0
0.0,0.0,0.0,0.0,98.2,1.8,50000.0
0.0,0.0,0.0,0.0,98.2,1.8,50000.0
0.0,0.0,0.0,0.0,98.2,1.8,50000.0
0.0,0.0,0.0,0.0,98.2,1.8,50000.0
0.0,0.0,0.0,0.0,98.2,1.8,50000.0
0.0,0.0,0.0,0.0,98.2,1.8,50000.0
0.0,0.0,0.0,0.0,98.2,1.8,50000.0
0.0,0.0,0.0,0.0,98.2,1.8,50000.0
0.0,0.0,0.0,0.0,98.2,1.8,50000.0
0.0,0.0,0.0,0.0,98.2,1.8,50000.0
0.0,0.0,0.0,0.0,98.2,1.8,50000.0
0.0,0.0,0.0,0.0,98.2,1.8,50000.0
0.0,0.0,0.0,0.0,98.2,1.8,50000.0
0.0,0.0,0.0,0.0,98.2,1.8,50000.0
0.0,0.0,0.0,0.0,98.2,1.8,50000.0
0.0,0.0,0.0,0.0,98.2,1.8,50000.0
0.0,0.0,0.0,0.0,98.2,1.8,50000.0
0.0,0.0,0.0,0.0,98.2,1.8,50000.0
0.0,0.0,0.0,0.0,98.2,1.8,50000.0
0.0,0.0,0.0,0.0,98.2,1.8,50000.0
0.0,0.0,0.0,0.0,98.2,1.8,50000.0
0.0,0.0,0.0,0.0,98.2,1.8,50000.0
0.0,0.0,0.0,0.0,98.2,1.8,50000.0
0.0,0.0,0.0,0.0,98.2,1.8,50000.0
0.0,0.0,0.0,0.0,98.2,1.8,50000.0
0.0,0.0,0.0,0.0,98.2,1.8,50000.0
0.0,0.0,0.0,0.0,98.2,1.8,50000.0
0.0,0.0,0.0,0.0,98.2,1.8,50000.0
0.0,0.0,0.0,0.0,98.2,1.8,50000.0
0.0,0.0,0.0,0.0,98.2,1.8,50000.0
0.0,0.0,0.0,0.0,98.2,1.8,50000.0
0.0,0.0,0.0,0.0,98.2,1.8,50000.0
0.0,0.0,0.0,0.0,98.2,1.8,50000.0
0.0,0.0,0.0,0.0,98.2,1.8,50000.0
0.0,0.0,0.0,0.0,98.2,1.8,50000.0
0.0,0.0,0.0,0.0,98.2,1.8,50000.0
0.0,0.0,0.0,0.0,98.2,1.8,50000.0
0.0,0.0,0.0,0.0,98.2,1.8,50000.0
0.0,0.0,0.0,0.0,98.2,1.8,50000.0
0.0,0.0,0.0,0.0,98.2,1.8,50000.0
0.0,0.0,0.0,0.0,98.2,1.8,50000.0
0.0,0.0,0.0,0.0,98.2,1.8,50000.0
0.0,0.0,0.0,0.0,98.2,1.8,50000.0
0.0,0.0,0.0,0.0,98.2,1.8,50000.0
0.0,0.0,0.0,0.0,98.2,1.8,50000.0
0.0,0.0,0.0,0.0,98.2,1.8,50000.0
0.0,0.0,0.0,0.0,98.2,1.8,50000.0
0.0,0.0,0.0,0.0,98.2,1.8,50000.0
0.0,0.0,0.0,0.0,98.2,1.8,50000.0
0.0,0.0,0.0,0.0,98.2,1.8,50000.0
0.0,0.0,0.0,0.0,98.2,1.8,50000.0
0.0,0.0,0.0,0.0,98.2,1.8,50000.0
0.0,0.0,0.0,0.0,98.2,1.8,50000.0
0.0,0.0,0.0,0.0,98.2,1.8,50000.0
0.0,0.0,0.0,0.0,98.2,1.8,50000.0
0.0,0.0,0.0,0.0,98.2,1.8,50000.0
0.0,0.0,0.0,0.0,98.2,1.8,50000.0
0.0,0.0,0.0,0.0,98.2,1.8,50000.0
0.0,0.0,0.0,0.0,98.2,1.8,50000.0
0.0,0.0,0.0,0.0,98.2,1.8,50000.0
0.0,0.0,0.0,0.0,98.2,1.8,50000.0
0.0,0.0,0.0,0.0,98.2,1.8,50000.0
0.0,0.0,0.0,0.0,98.2,1.8,50000.0
0.0,0.0,0.0,0.0,98.2,1.8,50000.0
0.0,0.0,0.0,0.0,98.2,1.8,50000.0
0.0,0.0,0.0,0.0,98.2,1.8,50000.0
0.0,0.0,0.0,0.0,98.2,1.8,50000.0
0.0,0.0,0.0,0.0,98.2,1.8,50000.0
0.0,0.0,0.0,0.0,98.2,1.8,50000.0
0.0,0.0,0.0,0.0,98.2,1.8,50000.0
0.0,0.0,0.0,0.0,98.2,1.8,50000.0
0.0,0.0,0.0,0.0,98.2,1.8,50000.0
0.0,0.0,0.0,0.0,98.2,1.8,50000.0
0.0,0.0,0.0,0.0,98.2,1.8,50000.0
0.0,0.0,0.0,0.0,98.2,1.8,50000.0
0.0,0.0,0.0,0.0,98.2,1.8,50000.0
0.0,0.0,0.0,0.0,98.2,1.8,50000.0
0.0,0.0,0.0,0.0,98.2,1.8,50000.0
0.0,0.0,0.0,0.0,98.2,1.8,50000.0
0.0,0.0,0.0,0.0,98.2,1.8,50000.0
0.0,0.0,0.0,0.0,98.2,1.8,50000.0
0.0,0.0,0.0,0.0,98.2,1.8,50000.0
0.0,0.0,0.0,0.0,98.2,1.8,50000.0
0.0,0.0,0.0,0.0,98.2,1.8,50000.0
0.0,0.0,0.0,0.0,98.2,1.8,50000.0
0.0,0.0,0.0,0.0,98.2,1.8,50000.0
0.0,0.0,0.0,0.0,98.2,1.8,50000.0
0.0,0.0,0.0,0.0,98.2,1.8,50000.0
0.0,0.0,0.0,0.0,98.2,1.8,50000.0
0.0,0.0,0.0,0.0,98.2,1.8,50000.0
0.0,0.0,0.0,0.0,98.2,1.8,50000.0
0.0,0.0,0.0,0.0,98.2,1.8,50000.0
0.0,0.0,0.0,0.0,98.2,1.8,50000.0
0.0,0.0,0.0,0.0,98.2,1.8,50000.0
0.0,0.0,0.0,0.0,98.2,1.8,50000.0
0.0,0.0,0.0,0.0,98.2,1.8,50000.0
0.0,0.0,0.0,0.0,98.2,1.8,50000.0
0.0,0.0,0.0,0.0,98.2,1.8,50000.0
0.0,0.0,0.0,0.0,98.2,1.8,50000.0
0.0,0.0,0.0,0.0,98.2,1.8,50000.0
0.0,0.0,0.0,0.0,98.2,1.8,50000.0
0.0,0.0,0.0,0.0,98.2,1.8,50000.0
0.0,0.0,0.0,0.0,98.2,1.8,50000.0
0.0,0.0,0.0,0.0,98.2,1.8,50000.0
0.0,0.0,0.0,0.0,98.2,1.8,50000.0
0.0,0.0,0.0,0.0,98.2,1.8,50000.0
0.0,0.0,0.0,0.0,98.2,1.8,50000.0
0.0,0.0,0.0,0.0,98.2,1.8,50000.0
0.0,0.0,0.0,0.0,98.2,1.8,50000.0
0.0,0.0,0.0,0.0,98.2,1.8,50000.0
0.0,0.0,0.0,0.0,98.2,1.8,50000.0
0.0,0.0,0.0,0.0,98.2,1.8,50000.0
0.0,0.0,0.0,0.0,98.2,1.8,50000.0
0.0,0.0,0.0,0.0,98.2,1.8,50000.0
0.0,0.0,0.0,0.0,98.2,1.8,50000.0
0.0,0.0,0.0,0.0,98.2,1.8,50000.0
0.0,0.0,0.0,0.0,98.2,1.8,50000.0
0.0,0.0,0.0,0.0,98.2,1.8,50000.0
0.0,0.0,0.0,0.0,98.2,1.8,50000.0
0.0,0.0,0.0,0.0,98.2,1.8,50000.0
0.0,0.0,0.0,0.0,98.2,1.8,50000.0
0.0,0.0,0.0,0.0,98.2,1.8,50000.0
0.0,0.0,0.0,0.0,98.2,1.8,50000.0
0.0,0.0,0.0,0.0,98.2,1.8,50000.0
0.0,0.0,0.0,0.0,98.2,1.8,50000.0
0.0,0.0,0.0,0.0,98.2,1.8,50000.0
0.0,0.0,0.0,0.0,98.2,1.8,50000.0
0.0,0.0,0.0,0.0,98.2,1.8,50000.0
0.0,0.0,0.0,0.0,98.2,1.8,50000.0
0.0,0.0,0.0,0.0,98.2,1.8,50000.0
0.0,0.0,0.0,0.0,98.2,1.8,50000.0
0.0,0.0,0.0,0.0,98.2,1.8,50000.0
0.0,0.0,0.0,0.0,98.2,1.8,50000.0
0.0,0.0,0.0,0.0,98.2,1.8,50000.0
0.0,0.0,0.0,0.0,98.2,1.8,50000.0
0.0,0.0,0.0,0.0,98.2,1.8,50000.0
0.0,0.0,0.0,0.0,98.2,1.8,50000.0
0.0,0.0,0.0,0.0,98.2,1.8,50000.0
0.0,0.0,0.0,0.0,98.2,1.8,50000.0
0.0,0.0,0.0,0.0,98.2,1.8,50000.0
0.0,0.0,0.0,0.0,98.2,1.8,50000.0
0.0,0.0,0.0,0.0,98.2,1.8,50000.0
0.0,0.0,0.0,0.0,98.2,1.8,50000.0
0.0,0.0,0.0,0.0,98.2,1.8,50000.0
0.0,0.0,0.0,0.0,98.2,1.8,50000.0
0.0,0.0,0.0,0.0,98.2,1.8,50000.0
0.0,0.0,0.0,0.0,98.2,1.8,50000.0
0.0,0.0,0.0,0.0,98.2,1.8,50000.0
0.0,0.0,0.0,0.0,98.2,1.8,50000.0
0.0,0.0,0.0,0.0,98.2,1.8,50000.0
0.0,0.0,0.0,0.0,98.2,1.8,50000.0
0.0,0.0,0.0,0.0,98.2,1.8,50000.0
0.0,0.0,0.0,0.0,98.2,1.8,50000.0
0.0,0.0,0.0,0.0,98.2,1.8,50000.0
0.0,0.0,0.0,0.0,98.2,1.8,50000.0
0.0,0.0,0.0,0.0,98.2,1.8,50000.0
0.0,0.0,0.0,0.0,98.2,1.8,50000.0
0.0,0.0,0.0,0.0,98.2,1.8,50000.0
0.0,0.0,0.0,0.0,98.2,1.8,50000.0
0.0,0.0,0.0,0.0,98.2,1.8,50000.0
0.0,0.0,0.0,0.0,98.2,1.8,50000.0
0.0,0.0,0.0,0.0,98.2,1.8,50000.0
0.0,0.0,0.0,0.0,98.2,1.8,50000.0
0.0,0.0,0.0,0.0,98.2,1.8,50000.0
0.0,0.0,0.0,0.0,98.2,1.8,50000.0
0.0,0.0,0.0,0.0,98.2,1.8,50000.0
0.0,0.0,0.0,0.0,98.2,1.8,50000.0
0.0,0.0,0.0,0.0,98.2,1.8,50000.0
0.0,0.0,0.0,0.0,98.2,1.8,50000.0
0.0,0.0,0.0,0.0,98.2,1.8,50000.0
0.0,0.0,0.0,0.0,98.2,1.8,50000.0
0.0,0.0,0.0,0.0,98.2,1.8,50000.0
0.0,0.0,0.0,0.0,98.2,1.8,50000.0
0.0,0.0,0.0,0.0,98.2,1.8,50000.0
0.0,0.0,0.0,0.0,98.2,1.8,50000.0
0.0,0.0,0.0,0.0,98.2,1.8,50000.0
0.0,0.0,0.0,0.0,98.2,1.8,50000.0
0.0,0.0,0.0,0.0,98.2,1.8,50000.0
0.0,0.0,0.0,0.0,98.2,1.8,50000.0
0.0,0.0,0.0,0.0,98.2,1.8,50000.0
0.0,0.0,0.0,0.0,98.2,1.8,50000.0
0.0,0.0,0.0,0.0,98.2,1.8,50000.0