incubando,i_mild,i_grave,susceptibles,recuperados,muertos,infectados_totales
0.11,0.0,0.0,99.89,0.0,0.0,53.0
0.26,0.0,0.0,99.74,0.0,0.0,128.33
0.51,0.0,0.0,99.49,0.0,0.0,255.67
0.94,0.0,0.0,99.06,0.0,0.0,471.33
1.68,0.0,0.0,98.32,0.0,0.0,839.67
2.92,0.0,0.0,97.08,0.0,0.0,1460.0
5.08,0.0,0.0,94.92,0.0,0.0,2540.0
8.44,0.07,0.04,91.46,0.0,0.0,4271.33
14.11,0.17,0.09,85.63,0.0,0.0,7184.67
22.89,0.35,0.16,76.59,0.0,0.0,11702.67
35.25,0.65,0.29,63.81,0.0,0.0,18097.33
51.11,1.18,0.5,47.21,0.0,0.0,26394.33
67.49,2.06,0.86,29.59,0.0,0.0,35207.0
80.15,3.59,1.49,14.77,0.0,0.01,42615.33
85.74,6.08,2.45,5.72,0.0,0.01,47141.33
83.92,10.19,4.16,1.71,0.0,0.02,49143.33
76.13,16.52,6.85,0.46,0.0,0.03,49768.67
63.69,25.48,10.59,0.11,0.07,0.06,49944.0
47.19,37.05,15.47,0.02,0.17,0.09,49990.0
29.58,49.46,20.47,0.0,0.35,0.13,49999.0
14.77,59.69,24.7,0.0,0.65,0.19,50000.0
5.72,65.61,27.23,0.0,1.18,0.26,50000.0
1.71,67.59,28.3,0.0,2.06,0.34,50000.0
0.46,66.93,28.59,0.0,3.59,0.42,50000.0
0.11,64.71,28.61,0.0,6.08,0.49,50000.0
0.02,60.66,28.55,0.0,10.19,0.58,50000.0
0.0,54.34,28.46,0.0,16.52,0.67,50000.0
0.0,45.32,28.38,0.0,25.55,0.75,50000.0
0.0,33.64,28.26,0.0,37.26,0.84,50000.0
0.0,21.05,28.14,0.0,49.89,0.92,50000.0
0.0,10.52,27.98,0.0,60.49,1.01,50000.0
0.0,4.07,27.78,0.0,67.06,1.09,50000.0
0.0,1.22,27.5,0.0,70.12,1.17,50000.0
0.0,0.35,27.09,0.0,71.32,1.25,50000.0
0.0,0.08,26.41,0.0,72.17,1.33,50000.0
0.0,0.01,25.43,0.0,73.15,1.41,50000.0
0.0,0.0,23.75,0.0,74.77,1.48,50000.0
0.0,0.0,21.13,0.0,77.32,1.55,50000.0
0.0,0.0,17.51,0.0,80.87,1.62,50000.0
0.0,0.0,12.85,0.0,85.49,1.66,50000.0
0.0,0.0,8.07,0.0,90.23,1.69,50000.0
0.0,0.0,4.04,0.0,94.25,1.71,50000.0
0.0,0.0,1.56,0.0,96.71,1.73,50000.0
0.0,0.0,0.47,0.0,97.8,1.73,50000.0
0.0,0.0,0.11,0.0,98.16,1.73,50000.0
0.0,0.0,0.03,0.0,98.24,1.73,50000.0
0.0,0.0,0.01,0.0,98.26,1.73,50000.0
0.0,0.0,0.0,0.0,98.27,1.73,50000.0
0.0,0.0,0.0,0.0,98.27,1.73,50000.0
0.0,0.0,0.0,0.0,98.27,1.73,50000.0
0.0,0.0,0.0,0.0,98.27,1.73,50000.0
0.0,0.0,0.0,0.0,98.27,1.73,50000.0
0.0,0.0,0.0,0.0,98.27,1.73,50000.0
0.0,0.0,0.0,0.0,98.27,1.73,50000.0
0.0,0.0,0.0,0.0,98.27,1.73,50000.0
0.0,0.0,0.0,0.0,98.27,1.73,50000.0
0.0,0.0,0.0,0.0,98.27,1.73,50000.0
0.0,0.0,0.0,0.0,98.27,1.73,50000.0
0.0,0.0,0.0,0.0,98.27,1.73,50000.0
0.0,0.0,0.0,0.0,98.27,1.73,50000.0
0.0,0.0,0.0,0.0,98.27,1.73,50000.0
0.0,0.0,0.0,0.0,98.27,1.73,50000.0
0.0,0.0,0.0,0.0,98.27,1.73,50000.0
0.0,0.0,0.0,0.0,98.27,1.73,50000.0
0.0,0.0,0.0,0.0,98.27,1.73,50000.0
0.0,0.0,0.0,0.0,98.27,1.73,50000.0
0.0,0.0,0.0,0.0,98.27,1.73,50000.0
0.0,0.0,0.0,0.0,98.27,1.73,50000.0
0.0,0.0,0.0,0.0,98.27,1.73,50000.0
0.0,0.0,0.0,0.0,98.27,1.73,50000.0
0.0,0.0,0.0,0.0,98.27,1.73,50000.0
0.0,0.0,0.0,0.0,98.27,1.73,50000.0
0.0,0.0,0.0,0.0,98.27,1.73,50000.0
0.0,0.0,0.0,0.0,98.27,1.73,50000.0
0.0,0.0,0.0,0.0,98.27,1.73,50000.0
0.0,0.0,0.0,0.0,98.27,1.73,50000.0
0.0,0.0,0.0,0.0,98.27,1.73,50000.0
0.0,0.0,0.0,0.0,98.27,1.73,50000.0
0.0,0.0,0.0,0.0,98.27,1.73,50000.0
0.0,0.0,0.0,0.0,98.27,1.73,50000.0
0.0,0.0,0.0,0.0,98.27,1.73,50000.0
0.0,0.0,0.0,0.0,98.27,1.73,50000.0
0.0,0.0,0.0,0.0,98.27,1.73,50000.0
0.0,0.0,0.0,0.0,98.27,1.73,50000.0
0.0,0.0,0.0,0.0,98.27,1.73,50000.0
0.0,0.0,0.0,0.0,98.27,1.73,50000.0
0.0,0.0,0.0,0.0,98.27,1.73,50000.0
0.0,0.0,0.0,0.0,98.27,1.73,50000.0
0.0,0.0,0.0,0.0,98.27,1.73,50000.0
0.0,0.0,0.0,0.0,98.27,1.73,50000.0
0.0,0.0,0.0,0.0,98.27,1.73,50000.0
0.0,0.0,0.0,0.0,98.27,1.73,50000.0
0.0,0.0,0.0,0.0,98.27,1.73,50000.0
0.0,0.0,0.0,0.0,98.27,1.73,50000.0
0.0,0.0,0.0,0.0,98.27,1.73,50000.0
0.0,0.0,0.0,0.0,98.27,1.73,50000.0
0.0,0.0,0.0,0.0,98.27,1.73,50000.0
0.0,0.0,0.0,0.0,98.27,1.73,50000.0
0.0,0.0,0.0,0.0,98.27,1.73,50000.0
0.0,0.0,0.0,0.0,98.27,1.73,50000.0
0.0,0.0,0.0,0.0,98.27,1.73,50000.0
0.0,0.0,0.0,0.0,98.27,1.73,50000.0
0.0,0.0,0.0,0.0,98.27,1.73,50000.0
0.0,0.0,0.0,0.0,98.27,1.73,50000.0
0.0,0.0,0.0,0.0,98.27,1.73,50000.0
0.0,0.0,0.0,0.0,98.27,1.73,50000.0
0.0,0.0,0.0,0.0,98.27,1.73,50000.0
0.0,0.0,0.0,0.0,98.27,1.73,50000.0
0.0,0.0,0.0,0.0,98.27,1.73,50000.0
0.0,0.0,0.0,0.0,98.27,1.73,50000.0
0.0,0.0,0.0,0.0,98.27,1.73,50000.0
0.0,0.0,0.0,0.0,98.27,1.73,50000.0
0.0,0.0,0.0,0.0,98.27,1.73,50000.0
0.0,0.0,0.0,0.0,98.27,1.73,50000.0
0.0,0.0,0.0,0.0,98.27,1.73,50000.0
0.0,0.0,0.0,0.0,98.27,1.73,50000.0
0.0,0.0,0.0,0.0,98.27,1.73,50000.0
0.0,0.0,0.0,0.0,98.27,1.73,50000.0
0.0,0.0,0.0,0.0,98.27,1.73,50000.0
0.0,0.0,0.0,0.0,98.27,1.73,50000.0
0.0,0.0,0.0,0.0,98.27,1.73,50000.0
0.0,0.0,0.0,0.0,98.27,1.73,50000.0
0.0,0.0,0.0,0.0,98.27,1.73,50000.0
0.0,0.0,0.0,0.0,98.27,1.73,50000.0
0.0,0.0,0.0,0.0,98.27,1.73,50000.0
0.0,0.0,0.0,0.0,98.27,1.73,50000.0
0.0,0.0,0.0,0.0,98.27,1.73,50000.0
0.0,0.0,0.0,0.0,98.27,1.73,50000.0
0.0,0.0,0.0,0.0,98.27,1.73,50000.0
0.0,0.0,0.0,0.0,98.27,1.73,50000.0
0.0,0.0,0.0,0.0,98.27,1.73,50000.0
0.0,0.0,0.0,0.0,98.27,1.73,50000.0
0.0,0.0,0.0,0.0,98.27,1.73,50000.0
0.0,0.0,0.0,0.0,98.27,1.73,50000.0
0.0,0.0,0.0,0.0,98.27,1.73,50000.0
0.0,0.0,0.0,0.0,98.27,1.73,50000.0
0.0,0.0,0.0,0.0,98.27,1.73,50000.0
0.0,0.0,0.0,0.0,98.27,1.73,50000.0
0.0,0.0,0.0,0.0,98.27,1.73,50000.0
0.0,0.0,0.0,0.0,98.27,1.73,50000.0
0.0,0.0,0.0,0.0,98.27,1.73,50000.0
0.0,0.0,0.0,0.0,98.27,1.73,50000.0
0.0,0.0,0.0,0.0,98.27,1.73,50000.0
0.0,0.0,0.0,0.0,98.27,1.73,50000.0
0.0,0.0,0.0,0.0,98.27,1.73,50000.0
0.0,0.0,0.0,0.0,98.27,1.73,50000.0
0.0,0.0,0.0,0.0,98.27,1.73,50000.0
0.0,0.0,0.0,0.0,98.27,1.73,50000.0
0.0,0.0,0.0,0.0,98.27,1.73,50000.0
0.0,0.0,0.0,0.0,98.27,1.73,50000.0
0.0,0.0,0.0,0.0,98.27,1.73,50000.0
0.0,0.0,0.0,0.0,98.27,1.73,50000.0
0.0,0.0,0.0,0.0,98.27,1.73,50000.0
0.0,0.0,0.0,0.0,98.27,1.73,50000.0
0.0,0.0,0.0,0.0,98.27,1.73,50000.0
0.0,0.0,0.0,0.0,98.27,1.73,50000.0
0.0,0.0,0.0,0.0,98.27,1.73,50000.0
0.0,0.0,0.0,0.0,98.27,1.73,50000.0
0.0,0.0,0.0,0.0,98.27,1.73,50000.0
0.0,0.0,0.0,0.0,98.27,1.73,50000.0
0.0,0.0,0.0,0.0,98.27,1.73,50000.0
0.0,0.0,0.0,0.0,98.27,1.73,50000.0
0.0,0.0,0.0,0.0,98.27,1.73,50000.0
0.0,0.0,0.0,0.0,98.27,1.73,50000.0
0.0,0.0,0.0,0.0,98.27,1.73,50000.0
0.0,0.0,0.0,0.0,98.27,1.73,50000.0
0.0,0.0,0.0,0.0,98.27,1.73,50000.0
0.0,0.0,0.0,0.0,98.27,1.73,50000.0
0.0,0.0,0.0,0.0,98.27,1.73,50000.0
0.0,0.0,0.0,0.0,98.27,1.73,50000.0
0.0,0.0,0.0,0.0,98.27,1.73,50000.0
0.0,0.0,0.0,0.0,98.27,1.73,50000.0
0.0,0.0,0.0,0.0,98.27,1.73,50000.0
0.0,0.0,0.0,0.0,98.27,1.73,50000.0
0.0,0.0,0.0,0.0,98.27,1.73,50000.0
0.0,0.0,0.0,0.0,98.27,1.73,50000.0
0.0,0.0,0.0,0.0,98.27,1.73,50000.0
0.0,0.0,0.0,0.0,98.27,1.73,50000.0
0.0,0.0,0.0,0.0,98.27,1.73,50000.0
0.0,0.0,0.0,0.0,98.27,1.73,50000.0
0.0,0.0,0.0,0.0,98.27,1.73,50000.0
0.0,0.0,0.0,0.0,98.27,1.73,50000.0
0.0,0.0,0.0,0.0,98.27,1.73,50000.0
0.0,0.0,0.0,0.0,98.27,1.73,50000.0
0.0,0.0,0.0,0.0,98.27,1.73,50000.0
0.0,0.0,0.0,0.0,98.27,1.73,50000.0
0.0,0.0,0.0,0.0,98.27,1.73,50000.0
0.0,0.0,0.0,0.0,98.27,1.73,50000.0
0.0,0.0,0.0,0.0,98.27,1.73,50000.0
0.0,0.0,0.0,0.0,98.27,1.73,50000.0
0.0,0.0,0.0,0.0,98.27,1.73,50000.0
0.0,0.0,0.0,0.0,98.27,1.73,50000.0
0.0,0.0,0.0,0.0,98.27,1.73,50000.0
0.0,0.0,0.0,0.0,98.27,1.73,50000.0
0.0,0.0,0.0,0.0,98.27,1.73,50000.0
0.0,0.0,0.0,0.0,98.27,1.73,50000.0
0.0,0.0,0.0,0.0,98.27,1.73,50000.0
0.0,0.0,0.0,0.0,98.27,1.73,50000.0
0.0,0.0,0.0,0.0,98.27,1.73,50000.0
0.0,0.0,0.0,0.0,98.27,1.73,50000.0
0.0,0.0,0.0,0.0,98.27,1.73,50000.0
0.0,0.0,0.0,0.0,98.27,1.73,50000.0
0.0,0.0,0.0,0.0,98.27,1.73,50000.0
0.0,0.0,0.0,0.0,98.27,1.73,50000.0
0.0,0.0,0.0,0.0,98.27,1.73,50000.0
0.0,0.0,0.0,0.0,98.27,1.73,50000.0
0.0,0.0,0.0,0.0,98.27,1.73,50000.0
0.0,0.0,0.0,0.0,98.27,1.73,50000.0
0.0,0.0,0.0,0.0,98.27,1.73,50000.0
0.0,0.0,0.0,0.0,98.27,1.73,50000.0
0.0,0.0,0.0,0.0,98.27,1.73,50000.0
0.0,0.0,0.0,0.0,98.27,1.73,50000.0
0.0,0.0,0.0,0.0,98.27,1.73,50000.0
0.0,0.0,0.0,0.0,98.27,1.73,50000.0
0.0,0.0,0.0,0.0,98.27,1.73,50000.0
0.0,0.0,0.0,0.0,98.27,1.73,50000.0
0.0,0.0,0.0,0.0,98.27,1.73,50000.0
0.0,0.0,0.0,0.0,98.27,1.73,50000.0
0.0,0.0,0.0,0.0,98.27,1.73,50000.0
0.0,0.0,0.0,0.0,98.27,1.73,50000.0
0.0,0.0,0.0,0.0,98.27,1.73,50000.0
0.0,0.0,0.0,0.0,98.27,1.73,50000.0
0.0,0.0,0.0,0.0,98.27,1.73,50000.0
0.0,0.0,0.0,0.0,98.27,1.73,50000.0
0.0,0.0,0.0,0.0,98.27,1.73,50000.0
0.0,0.0,0.0,0.0,98.27,1.73,50000.0
0.0,0.0,0.0,0.0,98.27,1.73,50000.0
0.0,0.0,0.0,0.0,98.27,1.73,50000.0
0.0,0.0,0.0,0.0,98.27,1.73,50000.0
0.0,0.0,0.0,0.0,98.27,1.73,50000.0
0.0,0.0,0.0,0.0,98.27,1.73,50000.0
0.0,0.0,0.0,0.0,98.27,1.73,50000.0
0.0,0.0,0.0,0.0,98.27,1.73,50000.0
0.0,0.0,0.0,0.0,98.27,1.73,50000.0
0.0,0.0,0.0,0.0,98.27,1.73,50000.0
0.0,0.0,0.0,0.0,98.27,1.73,50000.0
0.0,0.0,0.0,0.0,98.27,1.73,50000.0
0.0,0.0,0.0,0.0,98.27,1.73,50000.0
0.0,0.0,0.0,0.0,98.27,1.73,50000.0
0.0,0.0,0.0,0.0,98.27,1.73,50000.0
0.0,0.0,0.0,0.0,98.27,1.73,50000.0
0.0,0.0,0.0,0.0,98.27,1.73,50000.0
0.0,0.0,0.0,0.0,98.27,1.73,50000.0
0.0,0.0,0.0,0.0,98.27,1.73,50000.0
0.0,0.0,0.0,0.0,98.27,1.73,50000.0
0.0,0.0,0.0,0.0,98.27,1.73,50000.0
0.0,0.0,0.0,0.0,98.27,1.73,50000.0
0.0,0.0,0.0,0.0,98.27,1.73,50000.0
0.0,0.0,0.0,0.0,98.27,1.73,50000.0
0.0,0.0,0.0,0.0,98.27,1.73,50000.0
0.0,0.0,0.0,0.0,98.27,1.73,50000.0
0.0,0.0,0.0,0.0,98.27,1.73,50000.0
0.0,0.0,0.0,0.0,98.27,1.73,50000.0
0.0,0.0,0.0,0.0,98.27,1.73,50000.0
0.0,0.0,0.0,0.0,98.27,1.73,50000.0
0.0,0.0,0.0,0.0,98.27,1.73,50000.0
0.0,0.0,0.0,0.0,98.27,1.73,50000.0
0.0,0.0,0.0,0.0,98.27,1.73,50000.0
0.0,0.0,0.0,0.0,98.27,1.73,50000.0
0.0,0.0,0.0,0.0,98.27,1.73,50000.0
0.0,0.0,0.0,0.0,98.27,1.73,50000.0
0.0,0.0,0.0,0.0,98.27,1.73,50000.0
0.0,0.0,0.0,0.0,98.27,1.73,50000.0
0.0,0.0,0.0,0.0,98.27,1.73,50000.0
0.0,0.0,0.0,0.0,98.27,1.73,50000.0
0.0,0.0,0.0,0.0,98.27,1.73,50000.0
0.0,0.0,0.0,0.0,98.27,1.73,50000.0
0.0,0.0,0.0,0.0,98.27,1.73,50000.0
0.0,0.0,0.0,0.0,98.27,1.73,50000.0
0.0,0.0,0.0,0.0,98.27,1.73,50000.0
0.0,0.0,0.0,0.0,98.27,1.73,50000.0
0.0,0.0,0.0,0.0,98.27,1.73,50000.0
0.0,0.0,0.0,0.0,98.27,1.73,50000.0
0.0,0.0,0.0,0.0,98.27,1.73,50000.0
0.0,0.0,0.0,0.0,98.27,1.73,50000.0
0.0,0.0,0.0,0.0,98.27,1.73,50000.0
0.0,0.0,0.0,0.0,98.27,1.73,50000.0
0.0,0.0,0.0,0.0,98.27,1.73,50000.0
0.0,0.0,0.0,0.0,98.27,1.73,50000.0
0.0,0.0,0.0,0.0,98.27,1.73,50000.0
0.0,0.0,0.0,0.0,98.27,1.73,50000.0
0.0,0.0,0.0,0.0,98.27,1.73,50000.0
0.0,0.0,0.0,0.0,98.27,1.73,50000.0
0.0,0.0,0.0,0.0,98.27,1.73,50000.0
0.0,0.0,0.0,0.0,98.27,1.73,50000.0
0.0,0.0,0.0,0.0,98.27,1.73,50000.0
0.0,0.0,0.0,0.0,98.27,1.73,50000.0
0.0,0.0,0.0,0.0,98.27,1.73,50000.0
0.0,0.0,0.0,0.0,98.27,1.73,50000.0
0.0,0.0,0.0,0.0,98.27,1.73,50000.0
0.0,0.0,0.0,0.0,98.27,1.73,50000.0
0.0,0.0,0.0,0.0,98.27,1.73,50000.0
0.0,0.0,0.0,0.0,98.27,1.73,50000.0
0.0,0.0,0.0,0.0,98.27,1.73,50000.0
0.0,0.0,0.0,0.0,98.27,1.73,50000.0
0.0,0.0,0.0,0.0,98.27,1.73,50000.0
0.0,0.0,0.0,0.0,98.27,1.73,50000.0
0.0,0.0,0.0,0.0,98.27,1.73,50000.0
0.0,0.0,0.0,0.0,98.27,1.73,50000.0
0.0,0.0,0.0,0.0,98.27,1.73,50000.0
0.0,0.0,0.0,0.0,98.27,1.73,50000.0
0.0,0.0,0.0,0.0,98.27,1.73,50000.0
0.0,0.0,0.0,0.0,98.27,1.73,50000.0
0.0,0.0,0.0,0.0,98.27,1.73,50000.0
0.0,0.0,0.0,0.0,98.27,1.73,50000.0
0.0,0.0,0.0,0.0,98.27,1.73,50000.0
0.0,0.0,0.0,0.0,98.27,1.73,50000.0
0.0,0.0,0.0,0.0,98.27,1.73,50000.0
0.0,0.0,0.0,0.0,98.27,1.73,50000.0
0.0,0.0,0.0,0.0,98.27,1.73,50000.0
0.0,0.0,0.0,0.0,98.27,1.73,50000.0
0.0,0.0,0.0,0.0,98.27,1.73,50000.0
0.0,0.0,0.0,0.0,98.27,1.73,50000.0
0.0,0.0,0.0,0.0,98.27,1.73,50000.0
0.0,0.0,0.0,0.0,98.27,1.73,50000.0
0.0,0.0,0.0,0.0,98.27,1.73,50000.0
0.0,0.0,0.0,0.0,98.27,1.73,50000.0
0.0,0.0,0.0,0.0,98.27,1.73,50000.0
0.0,0.0,0.0,0.0,98.27,1.73,50000.0
0.0,0.0,0.0,0.0,98.27,1.73,50000.0
0.0,0.0,0.0,0.0,98.27,1.73,50000.0
0.0,0.0,0.0,0.0,98.27,1.73,50000.0
0.0,0.0,0.0,0.0,98.27,1.73,50000.0
0.0,0.0,0.0,0.0,98.27,1.73,50000.0
0.0,0.0,0.0,0.0,98.27,1.73,50000.0
0.0,0.0,0.0,0.0,98.27,1.73,50000.0
0.0,0.0,0.0,0.0,98.27,1.73,50000.0
0.0,0.0,0.0,0.0,98.27,1.73,50000.0
0.0,0.0,0.0,0.0,98.27,1.73,50000.0
0.0,0.0,0.0,0.0,98.27,1.73,50000.0
0.0,0.0,0.0,0.0,98.27,1.73,50000.0
0.0,0.0,0.0,0.0,98.27,1.73,50000.0
0.0,0.0,0.0,0.0,98.27,1.73,50000.0
0.0,0.0,0.0,0.0,98.27,1.73,50000.0
0.0,0.0,0.0,0.0,98.27,1.73,50000.0
0.0,0.0,0.0,0.0,98.27,1.73,50000.0
0.0,0.0,0.0,0.0,98.27,1.73,50000.0
0.0,0.0,0.0,0.0,98.27,1.73,50000.0
0.0,0.0,0.0,0.0,98.27,1.73,50000.0
0.0,0.0,0.0,0.0,98.27,1.73,50000.0
0.0,0.0,0.0,0.0,98.27,1.73,50000.0
0.0,0.0,0.0,0.0,98.27,1.73,50000.0
0.0,0.0,0.0,0.0,98.27,1.73,50000.0
0.0,0.0,0.0,0.0,98.27,1.73,50000.0
0.0,0.0,0.0,0.0,98.27,1.73,50000.0
0.0,0.0,0.0,0.0,98.27,1.73,50000.0
0.0,0.0,0.0,0.0,98.27,1.73,50000.0
0.0,0.0,0.0,0.0,98.27,1.73,50000.0
0.0,0.0,0.0,0.0,98.27,1.73,50000.0
0.0,0.0,0.0,0.0,98.27,1.73,50000.0
0.0,0.0,0.0,0.0,98.27,1.73,50000.0
0.0,0.0,0.0,0.0,98.27,1.73,50000.0
0.0,0.0,0.0,0.0,98.27,1.73,50000.0
0.0,0.0,0.0,0.0,98.27,1.73,50000.0
0.0,0.0,0.0,0.0,98.27,1.73,50000.0
0.0,0.0,0.0,0.0,98.27,1.73,50000.0
0.0,0.0,0.0,0.0,98.27,1.73,50000.0
0.0,0.0,0.0,0.0,98.27,1.73,50000.0
0.0,0.0,0.0,0.0,98.27,1.73,50000.0
0.0,0.0,0.0,0.0,98.27,1.73,50000.0
0.0,0.0,0.0,0.0,98.27,1.73,50000.0
0.0,0.0,0.0,0.0,98.27,1.73,50000.0
0.0,0.0,0.0,0.0,98.27,1.73,50000.0
0.0,0.0,0.0,0.0,98.27,1.73,50000.0
0.0,0.0,0.0,0.0,98.27,1.73,50000.0