incubando,i_mild,i_grave,susceptibles,recuperados,muertos,infectados_totales
0.09,0.0,0.0,99.91,0.0,0.0,43.0
0.24,0.0,0.0,99.76,0.0,0.0,120.0
0.49,0.0,0.0,99.51,0.0,0.0,243.33
0.9,0.0,0.0,99.1,0.0,0.0,449.0
1.51,0.0,0.0,98.49,0.0,0.0,755.0
2.52,0.0,0.0,97.48,0.0,0.0,1261.0
4.2,0.0,0.0,95.8,0.0,0.0,2101.33
6.83,0.06,0.02,93.08,0.0,0.0,3458.0
10.9,0.18,0.06,88.86,0.0,0.0,5572.33
17.05,0.35,0.13,82.47,0.0,0.0,8766.33
25.78,0.64,0.26,73.33,0.0,0.0,13337.0
37.46,1.06,0.44,61.03,0.0,0.0,19482.67
51.4,1.79,0.73,46.08,0.0,0.0,26961.0
65.31,2.98,1.22,30.49,0.0,0.01,34755.67
75.87,4.9,2.01,17.21,0.0,0.01,41394.33
80.72,7.87,3.26,8.13,0.0,0.02,45934.33
79.13,12.38,5.13,3.33,0.0,0.03,48333.33
72.07,18.81,7.75,1.26,0.06,0.04,49370.33
60.63,27.36,11.37,0.41,0.18,0.06,49795.67
45.92,37.7,15.78,0.16,0.35,0.09,49920.33
30.42,48.35,20.38,0.07,0.64,0.14,49965.33
17.18,57.35,24.17,0.03,1.06,0.2,49986.67
8.12,63.02,26.79,0.01,1.79,0.27,49995.33
3.33,65.25,28.09,0.01,2.98,0.35,49996.67
1.26,64.78,28.63,0.0,4.9,0.43,49998.0
0.41,62.42,28.79,0.0,7.87,0.51,49999.33
0.16,58.09,28.76,0.0,12.38,0.61,49999.67
0.07,51.65,28.7,0.0,18.88,0.7,50000.0
0.03,43.03,28.6,0.0,27.55,0.79,50000.0
0.01,32.53,28.48,0.0,38.11,0.87,50000.0
0.01,21.59,28.33,0.0,49.12,0.96,50000.0
0.0,12.17,28.13,0.0,58.66,1.04,50000.0
0.0,5.77,27.85,0.0,65.23,1.14,50000.0
0.0,2.36,27.48,0.0,68.92,1.24,50000.0
0.0,0.91,26.95,0.0,70.84,1.3,50000.0
0.0,0.3,26.13,0.0,72.2,1.38,50000.0
0.0,0.12,24.87,0.0,73.56,1.45,50000.0
0.0,0.05,23.03,0.0,75.39,1.53,50000.0
0.0,0.02,20.47,0.0,77.9,1.61,50000.0
0.0,0.01,16.97,0.0,81.34,1.67,50000.0
0.0,0.01,12.77,0.0,85.5,1.73,50000.0
0.0,0.0,8.4,0.0,89.84,1.76,50000.0
0.0,0.0,4.75,0.0,93.47,1.78,50000.0
0.0,0.0,2.24,0.0,95.97,1.79,50000.0
0.0,0.0,0.92,0.0,97.27,1.81,50000.0
0.0,0.0,0.34,0.0,97.86,1.81,50000.0
0.0,0.0,0.1,0.0,98.09,1.81,50000.0
0.0,0.0,0.04,0.0,98.15,1.81,50000.0
0.0,0.0,0.02,0.0,98.17,1.81,50000.0
0.0,0.0,0.0,0.0,98.18,1.81,50000.0
0.0,0.0,0.0,0.0,98.19,1.81,50000.0
0.0,0.0,0.0,0.0,98.19,1.81,50000.0
0.0,0.0,0.0,0.0,98.19,1.81,50000.0
0.0,0.0,0.0,0.0,98.19,1.81,50000.0
0.0,0.0,0.0,0.0,98.19,1.81,50000.0
0.0,0.0,0.0,0.0,98.19,1.81,50000.0
0.0,0.0,0.0,0.0,98.19,1.81,50000.0
0.0,0.0,0.0,0.0,98.19,1.81,50000.0
0.0,0.0,0.0,0.0,98.19,1.81,50000.0
0.0,0.0,0.0,0.0,98.19,1.81,50000.0
0.0,0.0,0.0,0.0,98.19,1.81,50000.0
0.0,0.0,0.0,0.0,98.19,1.81,50000.0
0.0,0.0,0.0,0.0,98.19,1.81,50000.0
0.0,0.0,0.0,0.0,98.19,1.81,50000.0
0.0,0.0,0.0,0.0,98.19,1.81,50000.0
0.0,0.0,0.0,0.0,98.19,1.81,50000.0
0.0,0.0,0.0,0.0,98.19,1.81,50000.0
0.0,0.0,0.0,0.0,98.19,1.81,50000.0
0.0,0.0,0.0,0.0,98.19,1.81,50000.0
0.0,0.0,0.0,0.0,98.19,1.81,50000.0
0.0,0.0,0.0,0.0,98.19,1.81,50000.0
0.0,0.0,0.0,0.0,98.19,1.81,50000.0
0.0,0.0,0.0,0.0,98.19,1.81,50000.0
0.0,0.0,0.0,0.0,98.19,1.81,50000.0
0.0,0.0,0.0,0.0,98.19,1.81,50000.0
0.0,0.0,0.0,0.0,98.19,1.81,50000.0
0.0,0.0,0.0,0.0,98.19,1.81,50000.0
0.0,0.0,0.0,0.0,98.19,1.81,50000.0
0.0,0.0,0.0,0.0,98.19,1.81,50000.0
0.0,0.0,0.0,0.0,98.19,1.81,50000.0
0.0,0.0,0.0,0.0,98.19,1.81,50000.0
0.0,0.0,0.0,0.0,98.19,1.81,50000.0
0.0,0.0,0.0,0.0,98.19,1.81,50000.0
0.0,0.0,0.0,0.0,98.19,1.81,50000.0
0.0,0.0,0.0,0.0,98.19,1.81,50000.0
0.0,0.0,0.0,0.0,98.19,1.81,50000.0
0.0,0.0,0.0,0.0,98.19,1.81,50000.0
0.0,0.0,0.0,0.0,98.19,1.81,50000.0
0.0,0.0,0.0,0.0,98.19,1.81,50000.0
0.0,0.0,0.0,0.0,98.19,1.81,50000.0
0.0,0.0,0.0,0.0,98.19,1.81,50000.0
0.0,0.0,0.0,0.0,98.19,1.81,50000.0
0.0,0.0,0.0,0.0,98.19,1.81,50000.0
0.0,0.0,0.0,0.0,98.19,1.81,50000.0
0.0,0.0,0.0,0.0,98.19,1.81,50000.0
0.0,0.0,0.0,0.0,98.19,1.81,50000.0
0.0,0.0,0.0,0.0,98.19,1.81,50000.0
0.0,0.0,0.0,0.0,98.19,1.81,50000.0
0.0,0.0,0.0,0.0,98.19,1.81,50000.0
0.0,0.0,0.0,0.0,98.19,1.81,50000.0
0.0,0.0,0.0,0.0,98.19,1.81,50000.0
0.0,0.0,0.0,0.0,98.19,1.81,50000.0
0.0,0.0,0.0,0.0,98.19,1.81,50000.0
0.0,0.0,0.0,0.0,98.19,1.81,50000.0
0.0,0.0,0.0,0.0,98.19,1.81,50000.0
0.0,0.0,0.0,0.0,98.19,1.81,50000.0
0.0,0.0,0.0,0.0,98.19,1.81,50000.0
0.0,0.0,0.0,0.0,98.19,1.81,50000.0
0.0,0.0,0.0,0.0,98.19,1.81,50000.0
0.0,0.0,0.0,0.0,98.19,1.81,50000.0
0.0,0.0,0.0,0.0,98.19,1.81,50000.0
0.0,0.0,0.0,0.0,98.19,1.81,50000.0
0.0,0.0,0.0,0.0,98.19,1.81,50000.0
0.0,0.0,0.0,0.0,98.19,1.81,50000.0
0.0,0.0,0.0,0.0,98.19,1.81,50000.0
0.0,0.0,0.0,0.0,98.19,1.81,50000.0
0.0,0.0,0.0,0.0,98.19,1.81,50000.0
0.0,0.0,0.0,0.0,98.19,1.81,50000.0
0.0,0.0,0.0,0.0,98.19,1.81,50000.0
0.0,0.0,0.0,0.0,98.19,1.81,50000.0
0.0,0.0,0.0,0.0,98.19,1.81,50000.0
0.0,0.0,0.0,0.0,98.19,1.81,50000.0
0.0,0.0,0.0,0.0,98.19,1.81,50000.0
0.0,0.0,0.0,0.0,98.19,1.81,50000.0
0.0,0.0,0.0,0.0,98.19,1.81,50000.0
0.0,0.0,0.0,0.0,98.19,1.81,50000.0
0.0,0.0,0.0,0.0,98.19,1.81,50000.0
0.0,0.0,0.0,0.0,98.19,1.81,50000.0
0.0,0.0,0.0,0.0,98.19,1.81,50000.0
0.0,0.0,0.0,0.0,98.19,1.81,50000.0
0.0,0.0,0.0,0.0,98.19,1.81,50000.0
0.0,0.0,0.0,0.0,98.19,1.81,50000.0
0.0,0.0,0.0,0.0,98.19,1.81,50000.0
0.0,0.0,0.0,0.0,98.19,1.81,50000.0
0.0,0.0,0.0,0.0,98.19,1.81,50000.0
0.0,0.0,0.0,0.0,98.19,1.81,50000.0
0.0,0.0,0.0,0.0,98.19,1.81,50000.0
0.0,0.0,0.0,0.0,98.19,1.81,50000.0
0.0,0.0,0.0,0.0,98.19,1.81,50000.0
0.0,0.0,0.0,0.0,98.19,1.81,50000.0
0.0,0.0,0.0,0.0,98.19,1.81,50000.0
0.0,0.0,0.0,0.0,98.19,1.81,50000.0
0.0,0.0,0.0,0.0,98.19,1.81,50000.0
0.0,0.0,0.0,0.0,98.19,1.81,50000.0
0.0,0.0,0.0,0.0,98.19,1.81,50000.0
0.0,0.0,0.0,0.0,98.19,1.81,50000.0
0.0,0.0,0.0,0.0,98.19,1.81,50000.0
0.0,0.0,0.0,0.0,98.19,1.81,50000.0
0.0,0.0,0.0,0.0,98.19,1.81,50000.0
0.0,0.0,0.0,0.0,98.19,1.81,50000.0
0.0,0.0,0.0,0.0,98.19,1.81,50000.0
0.0,0.0,0.0,0.0,98.19,1.81,50000.0
0.0,0.0,0.0,0.0,98.19,1.81,50000.0
0.0,0.0,0.0,0.0,98.19,1.81,50000.0
0.0,0.0,0.0,0.0,98.19,1.81,50000.0
0.0,0.0,0.0,0.0,98.19,1.81,50000.0
0.0,0.0,0.0,0.0,98.19,1.81,50000.0
0.0,0.0,0.0,0.0,98.19,1.81,50000.0
0.0,0.0,0.0,0.0,98.19,1.81,50000.0
0.0,0.0,0.0,0.0,98.19,1.81,50000.0
0.0,0.0,0.0,0.0,98.19,1.81,50000.0
0.0,0.0,0.0,0.0,98.19,1.81,50000.0
0.0,0.0,0.0,0.0,98.19,1.81,50000.0
0.0,0.0,0.0,0.0,98.19,1.81,50000.0
0.0,0.0,0.0,0.0,98.19,1.81,50000.0
0.0,0.0,0.0,0.0,98.19,1.81,50000.0
0.0,0.0,0.0,0.0,98.19,1.81,50000.0
0.0,0.0,0.0,0.0,98.19,1.81,50000.0
0.0,0.0,0.0,0.0,98.19,1.81,50000.0
0.0,0.0,0.0,0.0,98.19,1.81,50000.0
0.0,0.0,0.0,0.0,98.19,1.81,50000.0
0.0,0.0,0.0,0.0,98.19,1.81,50000.0
0.0,0.0,0.0,0.0,98.19,1.81,50000.0
0.0,0.0,0.0,0.0,98.19,1.81,50000.0
0.0,0.0,0.0,0.0,98.19,1.81,50000.0
0.0,0.0,0.0,0.0,98.19,1.81,50000.0
0.0,0.0,0.0,0.0,98.19,1.81,50000.0
0.0,0.0,0.0,0.0,98.19,1.81,50000.0
0.0,0.0,0.0,0.0,98.19,1.81,50000.0
0.0,0.0,0.0,0.0,98.19,1.81,50000.0
0.0,0.0,0.0,0.0,98.19,1.81,50000.0
0.0,0.0,0.0,0.0,98.19,1.81,50000.0
0.0,0.0,0.0,0.0,98.19,1.81,50000.0
0.0,0.0,0.0,0.0,98.19,1.81,50000.0
0.0,0.0,0.0,0.0,98.19,1.81,50000.0
0.0,0.0,0.0,0.0,98.19,1.81,50000.0
0.0,0.0,0.0,0.0,98.19,1.81,50000.0
0.0,0.0,0.0,0.0,98.19,1.81,50000.0
0.0,0.0,0.0,0.0,98.19,1.81,50000.0
0.0,0.0,0.0,0.0,98.19,1.81,50000.0
0.0,0.0,0.0,0.0,98.19,1.81,50000.0
0.0,0.0,0.0,0.0,98.19,1.81,50000.0
0.0,0.0,0.0,0.0,98.19,1.81,50000.0
0.0,0.0,0.0,0.0,98.19,1.81,50000.0
0.0,0.0,0.0,0.0,98.19,1.81,50000.0
0.0,0.0,0.0,0.0,98.19,1.81,50000.0
0.0,0.0,0.0,0.0,98.19,1.81,50000.0
0.0,0.0,0.0,0.0,98.19,1.81,50000.0
0.0,0.0,0.0,0.0,98.19,1.81,50000.0
0.0,0.0,0.0,0.0,98.19,1.81,50000.0
0.0,0.0,0.0,0.0,98.19,1.81,50000.0
0.0,0.0,0.0,0.0,98.19,1.81,50000.0
0.0,0.0,0.0,0.0,98.19,1.81,50000.0
0.0,0.0,0.0,0.0,98.19,1.81,50000.0
0.0,0.0,0.0,0.0,98.19,1.81,50000.0
0.0,0.0,0.0,0.0,98.19,1.81,50000.0
0.0,0.0,0.0,0.0,98.19,1.81,50000.0
0.0,0.0,0.0,0.0,98.19,1.81,50000.0
0.0,0.0,0.0,0.0,98.19,1.81,50000.0
0.0,0.0,0.0,0.0,98.19,1.81,50000.0
0.0,0.0,0.0,0.0,98.19,1.81,50000.0
0.0,0.0,0.0,0.0,98.19,1.81,50000.0
0.0,0.0,0.0,0.0,98.19,1.81,50000.0
0.0,0.0,0.0,0.0,98.19,1.81,50000.0
0.0,0.0,0.0,0.0,98.19,1.81,50000.0
0.0,0.0,0.0,0.0,98.19,1.81,50000.0
0.0,0.0,0.0,0.0,98.19,1.81,50000.0
0.0,0.0,0.0,0.0,98.19,1.81,50000.0
0.0,0.0,0.0,0.0,98.19,1.81,50000.0
0.0,0.0,0.0,0.0,98.19,1.81,50000.0
0.0,0.0,0.0,0.0,98.19,1.81,50000.0
0.0,0.0,0.0,0.0,98.19,1.81,50000.0
0.0,0.0,0.0,0.0,98.19,1.81,50000.0
0.0,0.0,0.0,0.0,98.19,1.81,50000.0
0.0,0.0,0.0,0.0,98.19,1.81,50000.0
0.0,0.0,0.0,0.0,98.19,1.81,50000.0
0.0,0.0,0.0,0.0,98.19,1.81,50000.0
0.0,0.0,0.0,0.0,98.19,1.81,50000.0
0.0,0.0,0.0,0.0,98.19,1.81,50000.0
0.0,0.0,0.0,0.0,98.19,1.81,50000.0
0.0,0.0,0.0,0.0,98.19,1.81,50000.0
0.0,0.0,0.0,0.0,98.19,1.81,50000.0
0.0,0.0,0.0,0.0,98.19,1.81,50000.0
0.0,0.0,0.0,0.0,98.19,1.81,50000.0
0.0,0.0,0.0,0.0,98.19,1.81,50000.0
0.0,0.0,0.0,0.0,98.19,1.81,50000.0
0.0,0.0,0.0,0.0,98.19,1.81,50000.0
0.0,0.0,0.0,0.0,98.19,1.81,50000.0
0.0,0.0,0.0,0.0,98.19,1.81,50000.0
0.0,0.0,0.0,0.0,98.19,1.81,50000.0
0.0,0.0,0.0,0.0,98.19,1.81,50000.0
0.0,0.0,0.0,0.0,98.19,1.81,50000.0
0.0,0.0,0.0,0.0,98.19,1.81,50000.0
0.0,0.0,0.0,0.0,98.19,1.81,50000.0
0.0,0.0,0.0,0.0,98.19,1.81,50000.0
0.0,0.0,0.0,0.0,98.19,1.81,50000.0
0.0,0.0,0.0,0.0,98.19,1.81,50000.0
0.0,0.0,0.0,0.0,98.19,1.81,50000.0
0.0,0.0,0.0,0.0,98.19,1.81,50000.0
0.0,0.0,0.0,0.0,98.19,1.81,50000.0
0.0,0.0,0.0,0.0,98.19,1.81,50000.0
0.0,0.0,0.0,0.0,98.19,1.81,50000.0
0.0,0.0,0.0,0.0,98.19,1.81,50000.0
0.0,0.0,0.0,0.0,98.19,1.81,50000.0
0.0,0.0,0.0,0.0,98.19,1.81,50000.0
0.0,0.0,0.0,0.0,98.19,1.81,50000.0
0.0,0.0,0.0,0.0,98.19,1.81,50000.0
0.0,0.0,0.0,0.0,98.19,1.81,50000.0
0.0,0.0,0.0,0.0,98.19,1.81,50000.0
0.0,0.0,0.0,0.0,98.19,1.81,50000.0
0.0,0.0,0.0,0.0,98.19,1.81,50000.0
0.0,0.0,0.0,0.0,98.19,1.81,50000.0
0.0,0.0,0.0,0.0,98.19,1.81,50000.0
0.0,0.0,0.0,0.0,98.19,1.81,50000.0
0.0,0.0,0.0,0.0,98.19,1.81,50000.0
0.0,0.0,0.0,0.0,98.19,1.81,50000.0
0.0,0.0,0.0,0.0,98.19,1.81,50000.0
0.0,0.0,0.0,0.0,98.19,1.81,50000.0
0.0,0.0,0.0,0.0,98.19,1.81,50000.0
0.0,0.0,0.0,0.0,98.19,1.81,50000.0
0.0,0.0,0.0,0.0,98.19,1.81,50000.0
0.0,0.0,0.0,0.0,98.19,1.81,50000.0
0.0,0.0,0.0,0.0,98.19,1.81,50000.0
0.0,0.0,0.0,0.0,98.19,1.81,50000.0
0.0,0.0,0.0,0.0,98.19,1.81,50000.0
0.0,0.0,0.0,0.0,98.19,1.81,50000.0
0.0,0.0,0.0,0.0,98.19,1.81,50000.0
0.0,0.0,0.0,0.0,98.19,1.81,50000.0
0.0,0.0,0.0,0.0,98.19,1.81,50000.0
0.0,0.0,0.0,0.0,98.19,1.81,50000.0
0.0,0.0,0.0,0.0,98.19,1.81,50000.0
0.0,0.0,0.0,0.0,98.19,1.81,50000.0
0.0,0.0,0.0,0.0,98.19,1.81,50000.0
0.0,0.0,0.0,0.0,98.19,1.81,50000.0
0.0,0.0,0.0,0.0,98.19,1.81,50000.0
0.0,0.0,0.0,0.0,98.19,1.81,50000.0
0.0,0.0,0.0,0.0,98.19,1.81,50000.0
0.0,0.0,0.0,0.0,98.19,1.81,50000.0
0.0,0.0,0.0,0.0,98.19,1.81,50000.0
0.0,0.0,0.0,0.0,98.19,1.81,50000.0
0.0,0.0,0.0,0.0,98.19,1.81,50000.0
0.0,0.0,0.0,0.0,98.19,1.81,50000.0
0.0,0.0,0.0,0.0,98.19,1.81,50000.0
0.0,0.0,0.0,0.0,98.19,1.81,50000.0
0.0,0.0,0.0,0.0,98.19,1.81,50000.0
0.0,0.0,0.0,0.0,98.19,1.81,50000.0
0.0,0.0,0.0,0.0,98.19,1.81,50000.0
0.0,0.0,0.0,0.0,98.19,1.81,50000.0
0.0,0.0,0.0,0.0,98.19,1.81,50000.0
0.0,0.0,0.0,0.0,98.19,1.81,50000.0
0.0,0.0,0.0,0.0,98.19,1.81,50000.0
0.0,0.0,0.0,0.0,98.19,1.81,50000.0
0.0,0.0,0.0,0.0,98.19,1.81,50000.0
0.0,0.0,0.0,0.0,98.19,1.81,50000.0
0.0,0.0,0.0,0.0,98.19,1.81,50000.0
0.0,0.0,0.0,0.0,98.19,1.81,50000.0
0.0,0.0,0.0,0.0,98.19,1.81,50000.0
0.0,0.0,0.0,0.0,98.19,1.81,50000.0
0.0,0.0,0.0,0.0,98.19,1.81,50000.0
0.0,0.0,0.0,0.0,98.19,1.81,50000.0
0.0,0.0,0.0,0.0,98.19,1.81,50000.0
0.0,0.0,0.0,0.0,98.19,1.81,50000.0
0.0,0.0,0.0,0.0,98.19,1.81,50000.0
0.0,0.0,0.0,0.0,98.19,1.81,50000.0
0.0,0.0,0.0,0.0,98.19,1.81,50000.0
0.0,0.0,0.0,0.0,98.19,1.81,50000.0
0.0,0.0,0.0,0.0,98.19,1.81,50000.0
0.0,0.0,0.0,0.0,98.19,1.81,50000.0
0.0,0.0,0.0,0.0,98.19,1.81,50000.0
0.0,0.0,0.0,0.0,98.19,1.81,50000.0
0.0,0.0,0.0,0.0,98.19,1.81,50000.0
0.0,0.0,0.0,0.0,98.19,1.81,50000.0
0.0,0.0,0.0,0.0,98.19,1.81,50000.0
0.0,0.0,0.0,0.0,98.19,1.81,50000.0
0.0,0.0,0.0,0.0,98.19,1.81,50000.0
0.0,0.0,0.0,0.0,98.19,1.81,50000.0
0.0,0.0,0.0,0.0,98.19,1.81,50000.0
0.0,0.0,0.0,0.0,98.19,1.81,50000.0
0.0,0.0,0.0,0.0,98.19,1.81,50000.0
0.0,0.0,0.0,0.0,98.19,1.81,50000.0
0.0,0.0,0.0,0.0,98.19,1.81,50000.0
0.0,0.0,0.0,0.0,98.19,1.81,50000.0
0.0,0.0,0.0,0.0,98.19,1.81,50000.0
0.0,0.0,0.0,0.0,98.19,1.81,50000.0
0.0,0.0,0.0,0.0,98.19,1.81,50000.0
0.0,0.0,0.0,0.0,98.19,1.81,50000.0
0.0,0.0,0.0,0.0,98.19,1.81,50000.0
0.0,0.0,0.0,0.0,98.19,1.81,50000.0
0.0,0.0,0.0,0.0,98.19,1.81,50000.0
0.0,0.0,0.0,0.0,98.19,1.81,50000.0
0.0,0.0,0.0,0.0,98.19,1.81,50000.0
0.0,0.0,0.0,0.0,98.19,1.81,50000.0
0.0,0.0,0.0,0.0,98.19,1.81,50000.0
0.0,0.0,0.0,0.0,98.19,1.81,50000.0
0.0,0.0,0.0,0.0,98.19,1.81,50000.0
0.0,0.0,0.0,0.0,98.19,1.81,50000.0
0.0,0.0,0.0,0.0,98.19,1.81,50000.0
0.0,0.0,0.0,0.0,98.19,1.81,50000.0
0.0,0.0,0.0,0.0,98.19,1.81,50000.0
0.0,0.0,0.0,0.0,98.19,1.81,50000.0
0.0,0.0,0.0,0.0,98.19,1.81,50000.0
0.0,0.0,0.0,0.0,98.19,1.81,50000.0
0.0,0.0,0.0,0.0,98.19,1.81,50000.0
0.0,0.0,0.0,0.0,98.19,1.81,50000.0
0.0,0.0,0.0,0.0,98.19,1.81,50000.0
0.0,0.0,0.0,0.0,98.19,1.81,50000.0
0.0,0.0,0.0,0.0,98.19,1.81,50000.0
0.0,0.0,0.0,0.0,98.19,1.81,50000.0
0.0,0.0,0.0,0.0,98.19,1.81,50000.0
0.0,0.0,0.0,0.0,98.19,1.81,50000.0
0.0,0.0,0.0,0.0,98.19,1.81,50000.0
0.0,0.0,0.0,0.0,98.19,1.81,50000.0
0.0,0.0,0.0,0.0,98.19,1.81,50000.0
0.0,0.0,0.0,0.0,98.19,1.81,50000.0
0.0,0.0,0.0,0.0,98.19,1.81,50000.0