incubando,i_mild,i_grave,susceptibles,recuperados,muertos,infectados_totales
0.98,0.0,0.0,99.02,0.0,0.0,490.0
2.2,0.0,0.0,97.8,0.0,0.0,1099.33
3.34,0.0,0.0,96.66,0.0,0.0,1672.0
4.6,0.0,0.0,95.4,0.0,0.0,2300.67
5.93,0.0,0.0,94.07,0.0,0.0,2967.33
7.34,0.0,0.0,92.66,0.0,0.0,3671.67
8.85,0.0,0.0,91.15,0.0,0.0,4424.33
9.53,0.71,0.27,89.49,0.0,0.0,5252.67
10.0,1.56,0.64,87.8,0.0,0.0,6098.0
10.66,2.35,0.99,85.99,0.0,0.0,7002.67
11.3,3.24,1.36,84.1,0.0,0.0,7950.0
11.99,4.2,1.72,82.07,0.0,0.01,8964.0
12.6,5.2,2.13,80.05,0.0,0.01,9973.33
13.15,6.26,2.57,78.0,0.0,0.02,10997.67
13.5,7.44,3.04,75.99,0.0,0.03,12002.67
13.8,8.64,3.52,74.01,0.0,0.03,12996.0
14.07,9.9,4.06,71.93,0.0,0.04,14035.33
14.24,10.53,4.61,69.86,0.71,0.05,15071.67
14.3,11.11,5.19,67.77,1.56,0.07,16114.33
14.39,11.76,5.76,65.67,2.35,0.08,17167.0
14.47,12.32,6.34,63.54,3.24,0.1,18230.33
14.49,12.78,6.9,61.5,4.2,0.12,19250.0
14.59,13.17,7.48,59.42,5.2,0.14,20290.0
14.66,13.57,8.07,57.27,6.26,0.17,21364.33
14.67,13.85,8.68,55.18,7.44,0.18,22408.0
14.64,14.13,9.24,53.13,8.64,0.21,23434.33
14.44,14.37,9.82,51.23,9.9,0.24,24385.0
14.16,14.56,10.4,49.38,11.24,0.26,25308.0
13.94,14.55,10.73,47.56,12.93,0.29,26218.0
13.64,14.56,10.97,45.78,14.72,0.33,27108.33
13.24,14.62,11.25,44.03,16.5,0.37,27985.0
12.92,14.68,11.46,42.26,18.27,0.4,28869.67
12.52,14.75,11.68,40.61,20.0,0.44,29693.33
12.3,14.62,11.82,38.93,21.85,0.48,30533.33
12.03,14.45,11.94,37.36,23.72,0.51,31321.67
11.75,14.25,11.98,35.82,25.67,0.54,32092.33
11.5,14.03,11.99,34.29,27.63,0.57,32857.33
11.23,13.73,11.97,32.8,29.66,0.61,33600.0
10.91,13.55,11.93,31.35,31.61,0.64,34323.33
10.64,13.27,11.82,29.97,33.62,0.67,35015.67
10.34,12.94,11.75,28.6,35.67,0.71,35702.33
10.07,12.56,11.63,27.29,37.72,0.74,36357.0
9.78,12.2,11.48,26.04,39.72,0.78,36980.33
9.42,11.96,11.32,24.87,41.62,0.81,37567.33
9.12,11.73,11.14,23.68,43.49,0.84,38157.67
8.84,11.5,10.91,22.51,45.37,0.88,38744.67
8.55,11.2,10.73,21.42,47.2,0.91,39291.0
8.18,10.95,10.52,20.42,48.98,0.95,39791.67
7.86,10.61,10.32,19.43,50.8,0.99,40287.0
7.56,10.31,10.07,18.47,52.56,1.02,40762.67
7.31,9.98,9.79,17.56,54.31,1.05,41220.33
6.98,9.69,9.52,16.71,56.02,1.09,41647.33
6.59,9.44,9.26,15.92,57.68,1.12,42038.67
6.28,9.11,9.0,15.14,59.33,1.15,42430.67
6.05,8.74,8.75,14.37,60.92,1.18,42815.33
5.78,8.38,8.48,13.64,62.51,1.2,43178.0
5.54,8.08,8.24,12.94,63.98,1.22,43531.33
5.25,7.75,8.04,12.31,65.41,1.25,43846.33
5.01,7.45,7.76,11.7,66.82,1.27,44150.67
4.8,7.12,7.47,11.13,68.2,1.29,44437.0
4.57,6.84,7.23,10.57,69.47,1.32,44715.0
4.31,6.56,6.95,10.06,70.77,1.34,44972.0
4.06,6.23,6.7,9.58,72.06,1.36,45208.0
3.81,5.98,6.46,9.13,73.24,1.38,45434.67
3.61,5.74,6.21,8.7,74.34,1.41,45652.0
3.42,5.48,5.96,8.28,75.44,1.43,45861.67
3.24,5.21,5.73,7.89,76.49,1.45,46057.0
3.05,4.98,5.49,7.52,77.49,1.47,46241.67
2.91,4.74,5.24,7.15,78.47,1.48,46426.0
2.77,4.53,4.98,6.81,79.41,1.5,46594.33
2.67,4.3,4.75,6.47,80.3,1.52,46767.33
2.55,4.07,4.53,6.15,81.17,1.53,46925.0
2.43,3.84,4.33,5.85,82.01,1.54,47074.33
2.33,3.61,4.12,5.55,82.82,1.56,47224.33
2.24,3.41,3.92,5.28,83.58,1.57,47360.67
2.14,3.24,3.71,5.01,84.31,1.58,47495.0
2.03,3.08,3.51,4.78,85.0,1.6,47608.33
1.9,2.91,3.36,4.56,85.66,1.61,47719.0
1.79,2.77,3.17,4.36,86.29,1.62,47822.33
1.7,2.65,3.0,4.15,86.86,1.63,47926.0
1.57,2.54,2.87,3.98,87.4,1.64,48011.67
1.48,2.42,2.72,3.8,87.93,1.65,48099.67
1.4,2.32,2.58,3.61,88.43,1.66,48194.33
1.33,2.2,2.44,3.45,88.91,1.67,48275.33
1.26,2.1,2.33,3.3,89.34,1.67,48349.33
1.21,1.99,2.2,3.15,89.77,1.68,48425.0
1.13,1.88,2.1,3.02,90.19,1.69,48490.0
1.07,1.76,1.99,2.91,90.57,1.7,48546.67
1.01,1.66,1.89,2.79,90.94,1.71,48603.33
0.93,1.57,1.81,2.68,91.3,1.71,48660.0
0.86,1.47,1.73,2.59,91.63,1.72,48707.0
0.83,1.37,1.65,2.47,91.95,1.72,48766.67
0.8,1.3,1.58,2.35,92.24,1.72,48823.33
0.77,1.23,1.49,2.25,92.53,1.73,48872.67
0.76,1.16,1.41,2.14,92.78,1.74,48928.33
0.75,1.09,1.32,2.05,93.05,1.74,48977.33
0.72,1.03,1.25,1.96,93.29,1.75,49017.67
0.71,0.98,1.2,1.88,93.49,1.75,49062.33
0.67,0.95,1.12,1.79,93.71,1.76,49102.67
0.63,0.9,1.06,1.72,93.93,1.76,49140.33
0.6,0.85,1.03,1.65,94.11,1.76,49174.0
0.55,0.82,0.97,1.59,94.29,1.77,49205.67
0.52,0.79,0.93,1.53,94.47,1.77,49235.0
0.5,0.75,0.86,1.47,94.64,1.78,49266.0
0.47,0.74,0.83,1.41,94.78,1.78,49295.67
0.44,0.71,0.78,1.36,94.94,1.78,49322.0
0.4,0.68,0.75,1.31,95.07,1.78,49342.67
0.38,0.67,0.7,1.27,95.19,1.78,49364.33
0.36,0.62,0.67,1.22,95.34,1.79,49388.0
0.35,0.57,0.64,1.18,95.47,1.79,49408.33
0.32,0.56,0.6,1.15,95.59,1.79,49426.0
0.3,0.52,0.57,1.11,95.7,1.79,49443.67
0.28,0.49,0.53,1.08,95.83,1.8,49460.67
0.27,0.46,0.51,1.05,95.92,1.8,49475.33
0.24,0.43,0.48,1.03,96.02,1.8,49486.67
0.22,0.4,0.46,1.0,96.11,1.8,49499.0
0.2,0.38,0.44,0.98,96.19,1.8,49509.67
0.19,0.36,0.42,0.96,96.27,1.8,49521.67
0.17,0.35,0.4,0.94,96.34,1.81,49530.67
0.16,0.33,0.38,0.92,96.4,1.81,49540.67
0.15,0.31,0.36,0.9,96.48,1.81,49548.0
0.13,0.28,0.33,0.89,96.55,1.81,49553.33
0.12,0.26,0.31,0.88,96.63,1.81,49559.33
0.11,0.24,0.29,0.87,96.67,1.81,49565.0
0.1,0.23,0.27,0.86,96.73,1.81,49571.0
0.1,0.21,0.25,0.84,96.79,1.81,49578.67
0.09,0.2,0.23,0.83,96.84,1.81,49585.33
0.08,0.18,0.22,0.82,96.89,1.81,49590.33
0.09,0.16,0.2,0.81,96.93,1.81,49596.67
0.09,0.14,0.19,0.79,96.98,1.81,49602.67
0.09,0.13,0.17,0.78,97.02,1.81,49609.0
0.08,0.12,0.16,0.77,97.05,1.81,49612.67
0.07,0.11,0.15,0.77,97.08,1.81,49616.0
0.07,0.11,0.15,0.76,97.1,1.81,49618.67
0.06,0.09,0.14,0.76,97.14,1.81,49622.0
0.06,0.09,0.13,0.75,97.16,1.82,49625.33
0.05,0.08,0.12,0.74,97.19,1.82,49628.33
0.05,0.08,0.11,0.74,97.21,1.82,49632.33
0.04,0.08,0.11,0.73,97.22,1.82,49634.67
0.04,0.08,0.1,0.73,97.24,1.82,49636.67
0.04,0.07,0.09,0.72,97.26,1.82,49639.67
0.04,0.07,0.08,0.72,97.27,1.82,49640.33
0.03,0.07,0.08,0.72,97.29,1.82,49641.0
0.03,0.06,0.07,0.71,97.3,1.82,49642.67
0.03,0.06,0.07,0.71,97.32,1.82,49646.0
0.03,0.06,0.06,0.7,97.33,1.82,49648.0
0.02,0.05,0.06,0.7,97.34,1.82,49649.0
0.02,0.05,0.06,0.7,97.36,1.82,49650.33
0.02,0.04,0.05,0.7,97.36,1.82,49651.33
0.02,0.04,0.05,0.69,97.37,1.82,49653.33
0.02,0.03,0.05,0.69,97.38,1.82,49654.67
0.02,0.03,0.05,0.69,97.39,1.82,49656.33
0.02,0.03,0.05,0.69,97.4,1.82,49657.33
0.02,0.03,0.04,0.68,97.41,1.82,49658.0
0.02,0.02,0.03,0.68,97.42,1.82,49660.0
0.02,0.02,0.03,0.68,97.43,1.82,49662.0
0.02,0.02,0.03,0.67,97.43,1.82,49663.33
0.02,0.02,0.03,0.67,97.44,1.82,49664.33
0.02,0.02,0.02,0.67,97.44,1.82,49666.0
0.02,0.02,0.02,0.66,97.45,1.82,49668.0
0.02,0.02,0.02,0.66,97.45,1.82,49670.0
0.02,0.02,0.02,0.66,97.46,1.82,49671.33
0.02,0.02,0.02,0.66,97.46,1.82,49672.33
0.02,0.02,0.02,0.65,97.46,1.82,49673.33
0.02,0.02,0.02,0.65,97.47,1.82,49673.33
0.01,0.02,0.02,0.65,97.47,1.82,49673.33
0.01,0.02,0.02,0.65,97.48,1.82,49673.33
0.01,0.02,0.02,0.65,97.48,1.82,49673.33
0.0,0.02,0.01,0.65,97.48,1.82,49673.33
0.0,0.02,0.01,0.65,97.49,1.82,49673.33
0.0,0.02,0.01,0.65,97.49,1.82,49673.33
0.0,0.02,0.01,0.65,97.49,1.82,49673.33
0.0,0.02,0.01,0.65,97.5,1.82,49673.33
0.0,0.02,0.01,0.65,97.5,1.82,49673.33
0.0,0.01,0.01,0.65,97.5,1.82,49673.33
0.0,0.01,0.01,0.65,97.5,1.82,49673.33
0.0,0.01,0.01,0.65,97.51,1.82,49673.33
0.0,0.01,0.01,0.65,97.51,1.82,49673.33
0.0,0.0,0.01,0.65,97.51,1.82,49673.33
0.0,0.0,0.01,0.65,97.51,1.82,49673.33
0.0,0.0,0.01,0.65,97.52,1.82,49673.33
0.0,0.0,0.01,0.65,97.52,1.82,49673.33
0.0,0.0,0.01,0.65,97.52,1.82,49673.33
0.0,0.0,0.01,0.65,97.52,1.82,49673.33
0.0,0.0,0.0,0.65,97.52,1.82,49673.33
0.0,0.0,0.0,0.65,97.52,1.82,49673.33
0.0,0.0,0.0,0.65,97.52,1.82,49673.33
0.0,0.0,0.0,0.65,97.52,1.82,49673.33
0.0,0.0,0.0,0.65,97.52,1.82,49673.33
0.0,0.0,0.0,0.65,97.52,1.82,49673.33
0.0,0.0,0.0,0.65,97.52,1.82,49673.33
0.0,0.0,0.0,0.65,97.52,1.82,49673.33
0.0,0.0,0.0,0.65,97.52,1.82,49673.33
0.0,0.0,0.0,0.65,97.52,1.82,49673.33
0.0,0.0,0.0,0.65,97.52,1.82,49673.33
0.0,0.0,0.0,0.65,97.52,1.82,49673.33
0.0,0.0,0.0,0.65,97.52,1.82,49673.33
0.0,0.0,0.0,0.65,97.52,1.82,49673.33
0.0,0.0,0.0,0.65,97.52,1.82,49673.33
0.0,0.0,0.0,0.65,97.52,1.82,49673.33
0.0,0.0,0.0,0.65,97.52,1.82,49673.33
0.0,0.0,0.0,0.65,97.52,1.82,49673.33
0.0,0.0,0.0,0.65,97.52,1.82,49673.33
0.0,0.0,0.0,0.65,97.52,1.82,49673.33
0.0,0.0,0.0,0.65,97.52,1.82,49673.33
0.0,0.0,0.0,0.65,97.52,1.82,49673.33
0.0,0.0,0.0,0.65,97.52,1.82,49673.33
0.0,0.0,0.0,0.65,97.52,1.82,49673.33
0.0,0.0,0.0,0.65,97.52,1.82,49673.33
0.0,0.0,0.0,0.65,97.52,1.82,49673.33
0.0,0.0,0.0,0.65,97.52,1.82,49673.33
0.0,0.0,0.0,0.65,97.52,1.82,49673.33
0.0,0.0,0.0,0.65,97.52,1.82,49673.33
0.0,0.0,0.0,0.65,97.52,1.82,49673.33
0.0,0.0,0.0,0.65,97.52,1.82,49673.33
0.0,0.0,0.0,0.65,97.52,1.82,49673.33
0.0,0.0,0.0,0.65,97.52,1.82,49673.33
0.0,0.0,0.0,0.65,97.52,1.82,49673.33
0.0,0.0,0.0,0.65,97.52,1.82,49673.33
0.0,0.0,0.0,0.65,97.52,1.82,49673.33
0.0,0.0,0.0,0.65,97.52,1.82,49673.33
0.0,0.0,0.0,0.65,97.52,1.82,49673.33
0.0,0.0,0.0,0.65,97.52,1.82,49673.33
0.0,0.0,0.0,0.65,97.52,1.82,49673.33
0.0,0.0,0.0,0.65,97.52,1.82,49673.33
0.0,0.0,0.0,0.65,97.52,1.82,49673.33
0.0,0.0,0.0,0.65,97.52,1.82,49673.33
0.0,0.0,0.0,0.65,97.52,1.82,49673.33
0.0,0.0,0.0,0.65,97.52,1.82,49673.33
0.0,0.0,0.0,0.65,97.52,1.82,49673.33
0.0,0.0,0.0,0.65,97.52,1.82,49673.33
0.0,0.0,0.0,0.65,97.52,1.82,49673.33
0.0,0.0,0.0,0.65,97.52,1.82,49673.33
0.0,0.0,0.0,0.65,97.52,1.82,49673.33
0.0,0.0,0.0,0.65,97.52,1.82,49673.33
0.0,0.0,0.0,0.65,97.52,1.82,49673.33
0.0,0.0,0.0,0.65,97.52,1.82,49673.33
0.0,0.0,0.0,0.65,97.52,1.82,49673.33
0.0,0.0,0.0,0.65,97.52,1.82,49673.33
0.0,0.0,0.0,0.65,97.52,1.82,49673.33
0.0,0.0,0.0,0.65,97.52,1.82,49673.33
0.0,0.0,0.0,0.65,97.52,1.82,49673.33
0.0,0.0,0.0,0.65,97.52,1.82,49673.33
0.0,0.0,0.0,0.65,97.52,1.82,49673.33
0.0,0.0,0.0,0.65,97.52,1.82,49673.33
0.0,0.0,0.0,0.65,97.52,1.82,49673.33
0.0,0.0,0.0,0.65,97.52,1.82,49673.33
0.0,0.0,0.0,0.65,97.52,1.82,49673.33
0.0,0.0,0.0,0.65,97.52,1.82,49673.33
0.0,0.0,0.0,0.65,97.52,1.82,49673.33
0.0,0.0,0.0,0.65,97.52,1.82,49673.33
0.0,0.0,0.0,0.65,97.52,1.82,49673.33
0.0,0.0,0.0,0.65,97.52,1.82,49673.33
0.0,0.0,0.0,0.65,97.52,1.82,49673.33
0.0,0.0,0.0,0.65,97.52,1.82,49673.33
0.0,0.0,0.0,0.65,97.52,1.82,49673.33
0.0,0.0,0.0,0.65,97.52,1.82,49673.33
0.0,0.0,0.0,0.65,97.52,1.82,49673.33
0.0,0.0,0.0,0.65,97.52,1.82,49673.33
0.0,0.0,0.0,0.65,97.52,1.82,49673.33
0.0,0.0,0.0,0.65,97.52,1.82,49673.33
0.0,0.0,0.0,0.65,97.52,1.82,49673.33
0.0,0.0,0.0,0.65,97.52,1.82,49673.33
0.0,0.0,0.0,0.65,97.52,1.82,49673.33
0.0,0.0,0.0,0.65,97.52,1.82,49673.33
0.0,0.0,0.0,0.65,97.52,1.82,49673.33
0.0,0.0,0.0,0.65,97.52,1.82,49673.33
0.0,0.0,0.0,0.65,97.52,1.82,49673.33
0.0,0.0,0.0,0.65,97.52,1.82,49673.33
0.0,0.0,0.0,0.65,97.52,1.82,49673.33
0.0,0.0,0.0,0.65,97.52,1.82,49673.33
0.0,0.0,0.0,0.65,97.52,1.82,49673.33
0.0,0.0,0.0,0.65,97.52,1.82,49673.33
0.0,0.0,0.0,0.65,97.52,1.82,49673.33
0.0,0.0,0.0,0.65,97.52,1.82,49673.33
0.0,0.0,0.0,0.65,97.52,1.82,49673.33
0.0,0.0,0.0,0.65,97.52,1.82,49673.33
0.0,0.0,0.0,0.65,97.52,1.82,49673.33
0.0,0.0,0.0,0.65,97.52,1.82,49673.33
0.0,0.0,0.0,0.65,97.52,1.82,49673.33
0.0,0.0,0.0,0.65,97.52,1.82,49673.33
0.0,0.0,0.0,0.65,97.52,1.82,49673.33
0.0,0.0,0.0,0.65,97.52,1.82,49673.33
0.0,0.0,0.0,0.65,97.52,1.82,49673.33
0.0,0.0,0.0,0.65,97.52,1.82,49673.33
0.0,0.0,0.0,0.65,97.52,1.82,49673.33
0.0,0.0,0.0,0.65,97.52,1.82,49673.33
0.0,0.0,0.0,0.65,97.52,1.82,49673.33
0.0,0.0,0.0,0.65,97.52,1.82,49673.33
0.0,0.0,0.0,0.65,97.52,1.82,49673.33
0.0,0.0,0.0,0.65,97.52,1.82,49673.33
0.0,0.0,0.0,0.65,97.52,1.82,49673.33
0.0,0.0,0.0,0.65,97.52,1.82,49673.33
0.0,0.0,0.0,0.65,97.52,1.82,49673.33
0.0,0.0,0.0,0.65,97.52,1.82,49673.33
0.0,0.0,0.0,0.65,97.52,1.82,49673.33
0.0,0.0,0.0,0.65,97.52,1.82,49673.33
0.0,0.0,0.0,0.65,97.52,1.82,49673.33
0.0,0.0,0.0,0.65,97.52,1.82,49673.33
0.0,0.0,0.0,0.65,97.52,1.82,49673.33
0.0,0.0,0.0,0.65,97.52,1.82,49673.33
0.0,0.0,0.0,0.65,97.52,1.82,49673.33
0.0,0.0,0.0,0.65,97.52,1.82,49673.33
0.0,0.0,0.0,0.65,97.52,1.82,49673.33
0.0,0.0,0.0,0.65,97.52,1.82,49673.33
0.0,0.0,0.0,0.65,97.52,1.82,49673.33
0.0,0.0,0.0,0.65,97.52,1.82,49673.33
0.0,0.0,0.0,0.65,97.52,1.82,49673.33
0.0,0.0,0.0,0.65,97.52,1.82,49673.33
0.0,0.0,0.0,0.65,97.52,1.82,49673.33
0.0,0.0,0.0,0.65,97.52,1.82,49673.33
0.0,0.0,0.0,0.65,97.52,1.82,49673.33
0.0,0.0,0.0,0.65,97.52,1.82,49673.33
0.0,0.0,0.0,0.65,97.52,1.82,49673.33
0.0,0.0,0.0,0.65,97.52,1.82,49673.33
0.0,0.0,0.0,0.65,97.52,1.82,49673.33
0.0,0.0,0.0,0.65,97.52,1.82,49673.33
0.0,0.0,0.0,0.65,97.52,1.82,49673.33
0.0,0.0,0.0,0.65,97.52,1.82,49673.33
0.0,0.0,0.0,0.65,97.52,1.82,49673.33
0.0,0.0,0.0,0.65,97.52,1.82,49673.33
0.0,0.0,0.0,0.65,97.52,1.82,49673.33
0.0,0.0,0.0,0.65,97.52,1.82,49673.33
0.0,0.0,0.0,0.65,97.52,1.82,49673.33
0.0,0.0,0.0,0.65,97.52,1.82,49673.33
0.0,0.0,0.0,0.65,97.52,1.82,49673.33
0.0,0.0,0.0,0.65,97.52,1.82,49673.33
0.0,0.0,0.0,0.65,97.52,1.82,49673.33
0.0,0.0,0.0,0.65,97.52,1.82,49673.33
0.0,0.0,0.0,0.65,97.52,1.82,49673.33
0.0,0.0,0.0,0.65,97.52,1.82,49673.33
0.0,0.0,0.0,0.65,97.52,1.82,49673.33
0.0,0.0,0.0,0.65,97.52,1.82,49673.33
0.0,0.0,0.0,0.65,97.52,1.82,49673.33
0.0,0.0,0.0,0.65,97.52,1.82,49673.33
0.0,0.0,0.0,0.65,97.52,1.82,49673.33
0.0,0.0,0.0,0.65,97.52,1.82,49673.33
0.0,0.0,0.0,0.65,97.52,1.82,49673.33
0.0,0.0,0.0,0.65,97.52,1.82,49673.33
0.0,0.0,0.0,0.65,97.52,1.82,49673.33
0.0,0.0,0.0,0.65,97.52,1.82,49673.33
0.0,0.0,0.0,0.65,97.52,1.82,49673.33
0.0,0.0,0.0,0.65,97.52,1.82,49673.33
0.0,0.0,0.0,0.65,97.52,1.82,49673.33
0.0,0.0,0.0,0.65,97.52,1.82,49673.33
0.0,0.0,0.0,0.65,97.52,1.82,49673.33
0.0,0.0,0.0,0.65,97.52,1.82,49673.33
0.0,0.0,0.0,0.65,97.52,1.82,49673.33
0.0,0.0,0.0,0.65,97.52,1.82,49673.33
0.0,0.0,0.0,0.65,97.52,1.82,49673.33
0.0,0.0,0.0,0.65,97.52,1.82,49673.33
0.0,0.0,0.0,0.65,97.52,1.82,49673.33
0.0,0.0,0.0,0.65,97.52,1.82,49673.33
0.0,0.0,0.0,0.65,97.52,1.82,49673.33
0.0,0.0,0.0,0.65,97.52,1.82,49673.33
0.0,0.0,0.0,0.65,97.52,1.82,49673.33
0.0,0.0,0.0,0.65,97.52,1.82,49673.33
0.0,0.0,0.0,0.65,97.52,1.82,49673.33
0.0,0.0,0.0,0.65,97.52,1.82,49673.33
0.0,0.0,0.0,0.65,97.52,1.82,49673.33
0.0,0.0,0.0,0.65,97.52,1.82,49673.33
0.0,0.0,0.0,0.65,97.52,1.82,49673.33
0.0,0.0,0.0,0.65,97.52,1.82,49673.33
0.0,0.0,0.0,0.65,97.52,1.82,49673.33
0.0,0.0,0.0,0.65,97.52,1.82,49673.33