incubando,i_mild,i_grave,susceptibles,recuperados,muertos,infectados_totales
1.02,0.0,0.0,98.98,0.0,0.0,509.0
2.38,0.0,0.0,97.62,0.0,0.0,1192.33
3.63,0.0,0.0,96.37,0.0,0.0,1812.67
4.98,0.0,0.0,95.02,0.0,0.0,2487.67
6.37,0.0,0.0,93.63,0.0,0.0,3185.33
7.85,0.0,0.0,92.15,0.0,0.0,3925.0
9.39,0.0,0.0,90.61,0.0,0.0,4693.0
10.01,0.7,0.32,88.97,0.0,0.0,5515.33
10.36,1.66,0.73,87.26,0.0,0.0,6371.0
10.85,2.53,1.1,85.52,0.0,0.0,7239.67
11.34,3.48,1.49,83.69,0.0,0.01,8156.33
11.8,4.49,1.87,81.83,0.0,0.01,9083.67
12.24,5.55,2.29,79.91,0.0,0.02,10047.33
12.64,6.63,2.73,77.98,0.0,0.02,11012.33
12.89,7.82,3.18,76.08,0.0,0.03,11961.0
13.19,9.02,3.68,74.07,0.0,0.04,12963.67
13.44,10.24,4.18,72.08,0.0,0.06,13958.67
13.57,10.84,4.71,70.11,0.7,0.06,14942.67
13.66,11.2,5.23,68.17,1.66,0.08,15914.33
13.71,11.69,5.79,66.19,2.53,0.1,16904.33
13.75,12.12,6.31,64.23,3.48,0.11,17887.33
13.82,12.44,6.85,62.26,4.49,0.14,18869.33
13.75,12.79,7.43,60.32,5.55,0.16,19840.67
13.65,13.12,7.98,58.43,6.63,0.18,20785.0
13.51,13.31,8.55,56.61,7.82,0.21,21696.67
13.41,13.48,9.09,54.76,9.02,0.23,22617.67
13.25,13.66,9.65,52.94,10.24,0.25,23528.0
13.06,13.74,10.21,51.16,11.54,0.29,24419.0
12.93,13.8,10.47,49.33,13.15,0.31,25335.33
12.75,13.83,10.61,47.57,14.9,0.34,26217.0
12.5,13.79,10.78,45.93,16.63,0.37,27035.67
12.3,13.74,10.91,44.3,18.34,0.41,27849.0
12.09,13.64,11.04,42.67,20.1,0.46,28664.67
11.89,13.5,11.16,41.05,21.91,0.5,29474.67
11.7,13.38,11.21,39.47,23.71,0.53,30267.0
11.36,13.3,11.29,37.97,25.51,0.57,31017.33
11.08,13.15,11.29,36.48,27.4,0.6,31757.67
10.85,12.92,11.26,35.08,29.25,0.63,32461.67
10.59,12.68,11.21,33.71,31.13,0.67,33144.0
10.25,12.47,11.14,32.42,33.02,0.7,33791.33
9.86,12.27,11.05,31.19,34.9,0.73,34405.0
9.54,12.09,10.99,29.93,36.69,0.76,35036.0
9.25,11.87,10.85,28.71,38.52,0.8,35643.0
8.98,11.63,10.69,27.51,40.36,0.83,36245.67
8.71,11.36,10.54,26.36,42.17,0.85,36819.0
8.44,11.05,10.34,25.27,44.01,0.89,37365.0
8.23,10.73,10.14,24.19,45.79,0.92,37907.33
8.0,10.46,9.91,23.19,47.48,0.95,38403.0
7.67,10.21,9.71,22.26,49.17,0.98,38869.67
7.4,9.89,9.49,21.32,50.89,1.01,39341.33
7.09,9.61,9.29,20.42,52.55,1.05,39789.67
6.83,9.32,9.07,19.53,54.17,1.08,40233.0
6.58,9.01,8.86,18.69,55.76,1.11,40652.67
6.28,8.73,8.65,17.9,57.3,1.13,41049.67
6.07,8.45,8.38,17.12,58.82,1.16,41438.67
5.86,8.13,8.14,16.4,60.29,1.18,41798.67
5.6,7.88,7.87,15.72,61.72,1.21,42139.33
5.35,7.63,7.63,15.07,63.08,1.24,42466.0
5.11,7.39,7.39,14.42,64.43,1.26,42790.0
4.92,7.13,7.15,13.77,65.74,1.28,43112.67
4.73,6.84,6.93,13.17,67.03,1.3,43416.0
4.55,6.58,6.69,12.57,68.29,1.32,43713.67
4.39,6.32,6.43,12.01,69.51,1.34,43996.0
4.25,6.06,6.2,11.47,70.66,1.35,44266.0
4.08,5.8,5.97,10.98,71.8,1.36,44508.33
3.91,5.6,5.76,10.51,72.85,1.38,44747.0
3.71,5.36,5.58,10.06,73.88,1.4,44969.33
3.54,5.17,5.39,9.63,74.85,1.42,45185.33
3.35,4.95,5.22,9.22,75.82,1.44,45390.0
3.18,4.77,5.0,8.83,76.77,1.45,45583.67
3.02,4.57,4.82,8.45,77.68,1.47,45775.67
2.87,4.35,4.62,8.11,78.56,1.48,45945.33
2.75,4.18,4.44,7.76,79.38,1.49,46120.33
2.64,4.0,4.26,7.42,80.17,1.51,46289.33
2.56,3.84,4.07,7.07,80.94,1.52,46465.33
2.48,3.66,3.94,6.74,81.64,1.54,46627.67
2.4,3.49,3.78,6.43,82.35,1.55,46785.0
2.3,3.32,3.63,6.15,83.04,1.57,46927.0
2.22,3.14,3.46,5.89,83.72,1.58,47054.67
2.12,2.97,3.33,5.64,84.35,1.59,47181.67
2.04,2.85,3.18,5.38,84.95,1.6,47307.67
1.92,2.77,3.06,5.15,85.5,1.6,47426.67
1.82,2.65,2.93,4.92,86.06,1.61,47540.0
1.73,2.57,2.81,4.7,86.57,1.62,47648.33
1.65,2.46,2.72,4.49,87.05,1.63,47754.33
1.59,2.37,2.6,4.3,87.5,1.64,47850.33
1.52,2.27,2.5,4.12,87.95,1.65,47940.33
1.44,2.17,2.38,3.95,88.4,1.66,48027.0
1.36,2.1,2.28,3.78,88.81,1.67,48108.67
1.29,2.02,2.17,3.63,89.22,1.67,48186.67
1.22,1.93,2.08,3.48,89.61,1.68,48260.67
1.15,1.82,1.97,3.34,90.03,1.69,48330.0
1.1,1.74,1.88,3.2,90.39,1.69,48398.67
1.03,1.63,1.8,3.09,90.75,1.7,48457.33
0.98,1.56,1.72,2.96,91.07,1.71,48519.0
0.93,1.5,1.64,2.85,91.36,1.71,48574.67
0.87,1.45,1.55,2.76,91.66,1.72,48622.33
0.82,1.37,1.49,2.66,91.94,1.72,48671.33
0.78,1.29,1.42,2.56,92.23,1.73,48719.0
0.72,1.23,1.36,2.48,92.48,1.73,48761.0
0.69,1.15,1.3,2.39,92.73,1.73,48802.67
0.64,1.09,1.23,2.32,92.97,1.74,48840.67
0.6,1.04,1.17,2.25,93.2,1.74,48876.33
0.57,0.98,1.1,2.18,93.42,1.75,48909.33
0.54,0.93,1.04,2.11,93.62,1.75,48943.33
0.51,0.88,0.99,2.05,93.82,1.75,48975.67
0.49,0.82,0.95,1.98,94.0,1.76,49007.67
0.48,0.78,0.88,1.92,94.18,1.76,49041.33
0.47,0.73,0.83,1.85,94.35,1.77,49076.0
0.46,0.68,0.8,1.79,94.51,1.77,49106.33
0.45,0.65,0.76,1.73,94.65,1.77,49134.33
0.43,0.59,0.72,1.69,94.8,1.77,49157.33
0.42,0.56,0.68,1.63,94.94,1.77,49183.67
0.41,0.53,0.65,1.58,95.06,1.78,49211.0
0.39,0.51,0.62,1.53,95.18,1.78,49235.33
0.37,0.49,0.59,1.48,95.29,1.78,49260.33
0.35,0.48,0.56,1.44,95.39,1.78,49281.33
0.33,0.46,0.54,1.4,95.49,1.78,49300.33
0.33,0.44,0.5,1.35,95.59,1.79,49323.33
0.32,0.44,0.47,1.32,95.67,1.79,49341.67
0.29,0.43,0.45,1.29,95.75,1.79,49355.67
0.29,0.42,0.43,1.24,95.83,1.79,49378.0
0.27,0.42,0.41,1.21,95.9,1.79,49395.67
0.26,0.4,0.4,1.17,95.97,1.79,49413.67
0.26,0.38,0.39,1.14,96.04,1.79,49428.67
0.23,0.37,0.37,1.12,96.12,1.79,49440.67
0.23,0.35,0.35,1.09,96.19,1.79,49455.67
0.22,0.33,0.33,1.07,96.26,1.8,49467.33
0.2,0.32,0.32,1.04,96.32,1.8,49478.33
0.19,0.31,0.31,1.02,96.38,1.8,49490.67
0.17,0.29,0.29,1.0,96.44,1.8,49499.0
0.16,0.28,0.28,0.98,96.5,1.8,49509.33
0.16,0.26,0.26,0.96,96.56,1.8,49520.0
0.15,0.26,0.25,0.94,96.6,1.8,49531.0
0.15,0.25,0.24,0.92,96.65,1.81,49541.67
0.14,0.23,0.22,0.9,96.7,1.81,49550.67
0.14,0.21,0.21,0.88,96.75,1.81,49561.67
0.15,0.21,0.2,0.86,96.79,1.81,49572.0
0.15,0.2,0.19,0.84,96.83,1.81,49582.0
0.14,0.18,0.19,0.82,96.87,1.81,49591.67
0.14,0.17,0.18,0.8,96.9,1.81,49601.33
0.14,0.16,0.17,0.78,96.94,1.81,49609.67
0.13,0.16,0.16,0.77,96.97,1.81,49617.33
0.12,0.15,0.16,0.75,97.01,1.81,49623.67
0.11,0.15,0.15,0.74,97.03,1.81,49629.0
0.1,0.15,0.15,0.73,97.06,1.81,49633.33
0.09,0.14,0.14,0.72,97.08,1.81,49637.67
0.08,0.14,0.14,0.71,97.1,1.81,49642.67
0.08,0.14,0.14,0.7,97.13,1.81,49647.67
0.07,0.13,0.13,0.69,97.16,1.81,49653.67
0.07,0.13,0.13,0.68,97.18,1.81,49658.67
0.07,0.12,0.12,0.67,97.2,1.82,49663.33
0.07,0.11,0.11,0.67,97.22,1.82,49666.33
0.07,0.1,0.11,0.66,97.25,1.82,49670.33
0.06,0.09,0.11,0.65,97.27,1.82,49673.0
0.05,0.09,0.11,0.65,97.28,1.82,49674.67
0.05,0.08,0.11,0.65,97.3,1.82,49677.0
0.04,0.08,0.1,0.64,97.32,1.82,49680.0
0.04,0.07,0.1,0.64,97.34,1.82,49681.0
0.04,0.07,0.1,0.63,97.35,1.82,49684.33
0.03,0.07,0.09,0.63,97.37,1.82,49686.33
0.03,0.06,0.09,0.62,97.38,1.82,49688.33
0.03,0.06,0.08,0.62,97.39,1.82,49690.67
0.03,0.05,0.08,0.61,97.4,1.82,49693.0
0.03,0.05,0.07,0.61,97.41,1.82,49695.0
0.03,0.05,0.07,0.61,97.42,1.82,49695.67
0.02,0.04,0.07,0.61,97.44,1.82,49696.0
0.02,0.04,0.06,0.61,97.45,1.82,49696.67
0.02,0.03,0.05,0.61,97.47,1.82,49697.33
0.01,0.03,0.05,0.6,97.48,1.82,49697.67
0.01,0.03,0.05,0.6,97.49,1.82,49697.67
0.01,0.03,0.04,0.6,97.5,1.82,49697.67
0.0,0.03,0.04,0.6,97.5,1.82,49698.0
0.0,0.03,0.04,0.6,97.51,1.82,49698.0
0.0,0.02,0.04,0.6,97.51,1.82,49699.0
0.0,0.02,0.03,0.6,97.52,1.82,49699.0
0.0,0.02,0.03,0.6,97.53,1.82,49699.33
0.0,0.01,0.03,0.6,97.53,1.82,49699.33
0.0,0.01,0.03,0.6,97.54,1.82,49700.0
0.0,0.01,0.03,0.6,97.54,1.82,49700.33
0.01,0.01,0.02,0.6,97.55,1.82,49701.0
0.01,0.01,0.02,0.6,97.55,1.82,49701.67
0.01,0.0,0.02,0.6,97.56,1.82,49702.33
0.01,0.0,0.02,0.59,97.56,1.82,49703.0
0.01,0.0,0.01,0.59,97.56,1.82,49703.67
0.01,0.0,0.01,0.59,97.56,1.82,49704.0
0.01,0.0,0.01,0.59,97.56,1.82,49704.33
0.01,0.01,0.01,0.59,97.57,1.82,49704.67
0.01,0.01,0.01,0.59,97.57,1.82,49704.67
0.0,0.01,0.01,0.59,97.57,1.82,49704.67
0.0,0.01,0.01,0.59,97.57,1.82,49704.67
0.0,0.01,0.01,0.59,97.57,1.82,49704.67
0.0,0.01,0.01,0.59,97.58,1.82,49704.67
0.0,0.01,0.01,0.59,97.58,1.82,49704.67
0.0,0.01,0.01,0.59,97.58,1.82,49704.67
0.0,0.0,0.01,0.59,97.58,1.82,49704.67
0.0,0.0,0.01,0.59,97.58,1.82,49704.67
0.0,0.0,0.01,0.59,97.58,1.82,49704.67
0.0,0.0,0.01,0.59,97.58,1.82,49704.67
0.0,0.0,0.01,0.59,97.58,1.82,49704.67
0.0,0.0,0.01,0.59,97.58,1.82,49704.67
0.0,0.0,0.01,0.59,97.58,1.82,49704.67
0.0,0.0,0.0,0.59,97.58,1.82,49704.67
0.0,0.0,0.0,0.59,97.58,1.82,49704.67
0.0,0.0,0.0,0.59,97.58,1.82,49704.67
0.0,0.0,0.0,0.59,97.58,1.82,49704.67
0.0,0.0,0.0,0.59,97.58,1.82,49704.67
0.0,0.0,0.0,0.59,97.58,1.82,49704.67
0.0,0.0,0.0,0.59,97.59,1.82,49704.67
0.0,0.0,0.0,0.59,97.59,1.82,49704.67
0.0,0.0,0.0,0.59,97.59,1.82,49704.67
0.0,0.0,0.0,0.59,97.59,1.82,49704.67
0.0,0.0,0.0,0.59,97.59,1.82,49704.67
0.0,0.0,0.0,0.59,97.59,1.82,49704.67
0.0,0.0,0.0,0.59,97.59,1.82,49704.67
0.0,0.0,0.0,0.59,97.59,1.82,49704.67
0.0,0.0,0.0,0.59,97.59,1.82,49704.67
0.0,0.0,0.0,0.59,97.59,1.82,49704.67
0.0,0.0,0.0,0.59,97.59,1.82,49704.67
0.0,0.0,0.0,0.59,97.59,1.82,49704.67
0.0,0.0,0.0,0.59,97.59,1.82,49704.67
0.0,0.0,0.0,0.59,97.59,1.82,49704.67
0.0,0.0,0.0,0.59,97.59,1.82,49704.67
0.0,0.0,0.0,0.59,97.59,1.82,49704.67
0.0,0.0,0.0,0.59,97.59,1.82,49704.67
0.0,0.0,0.0,0.59,97.59,1.82,49704.67
0.0,0.0,0.0,0.59,97.59,1.82,49704.67
0.0,0.0,0.0,0.59,97.59,1.82,49704.67
0.0,0.0,0.0,0.59,97.59,1.82,49704.67
0.0,0.0,0.0,0.59,97.59,1.82,49704.67
0.0,0.0,0.0,0.59,97.59,1.82,49704.67
0.0,0.0,0.0,0.59,97.59,1.82,49704.67
0.0,0.0,0.0,0.59,97.59,1.82,49704.67
0.0,0.0,0.0,0.59,97.59,1.82,49704.67
0.0,0.0,0.0,0.59,97.59,1.82,49704.67
0.0,0.0,0.0,0.59,97.59,1.82,49704.67
0.0,0.0,0.0,0.59,97.59,1.82,49704.67
0.0,0.0,0.0,0.59,97.59,1.82,49704.67
0.0,0.0,0.0,0.59,97.59,1.82,49704.67
0.0,0.0,0.0,0.59,97.59,1.82,49704.67
0.0,0.0,0.0,0.59,97.59,1.82,49704.67
0.0,0.0,0.0,0.59,97.59,1.82,49704.67
0.0,0.0,0.0,0.59,97.59,1.82,49704.67
0.0,0.0,0.0,0.59,97.59,1.82,49704.67
0.0,0.0,0.0,0.59,97.59,1.82,49704.67
0.0,0.0,0.0,0.59,97.59,1.82,49704.67
0.0,0.0,0.0,0.59,97.59,1.82,49704.67
0.0,0.0,0.0,0.59,97.59,1.82,49704.67
0.0,0.0,0.0,0.59,97.59,1.82,49704.67
0.0,0.0,0.0,0.59,97.59,1.82,49704.67
0.0,0.0,0.0,0.59,97.59,1.82,49704.67
0.0,0.0,0.0,0.59,97.59,1.82,49704.67
0.0,0.0,0.0,0.59,97.59,1.82,49704.67
0.0,0.0,0.0,0.59,97.59,1.82,49704.67
0.0,0.0,0.0,0.59,97.59,1.82,49704.67
0.0,0.0,0.0,0.59,97.59,1.82,49704.67
0.0,0.0,0.0,0.59,97.59,1.82,49704.67
0.0,0.0,0.0,0.59,97.59,1.82,49704.67
0.0,0.0,0.0,0.59,97.59,1.82,49704.67
0.0,0.0,0.0,0.59,97.59,1.82,49704.67
0.0,0.0,0.0,0.59,97.59,1.82,49704.67
0.0,0.0,0.0,0.59,97.59,1.82,49704.67
0.0,0.0,0.0,0.59,97.59,1.82,49704.67
0.0,0.0,0.0,0.59,97.59,1.82,49704.67
0.0,0.0,0.0,0.59,97.59,1.82,49704.67
0.0,0.0,0.0,0.59,97.59,1.82,49704.67
0.0,0.0,0.0,0.59,97.59,1.82,49704.67
0.0,0.0,0.0,0.59,97.59,1.82,49704.67
0.0,0.0,0.0,0.59,97.59,1.82,49704.67
0.0,0.0,0.0,0.59,97.59,1.82,49704.67
0.0,0.0,0.0,0.59,97.59,1.82,49704.67
0.0,0.0,0.0,0.59,97.59,1.82,49704.67
0.0,0.0,0.0,0.59,97.59,1.82,49704.67
0.0,0.0,0.0,0.59,97.59,1.82,49704.67
0.0,0.0,0.0,0.59,97.59,1.82,49704.67
0.0,0.0,0.0,0.59,97.59,1.82,49704.67
0.0,0.0,0.0,0.59,97.59,1.82,49704.67
0.0,0.0,0.0,0.59,97.59,1.82,49704.67
0.0,0.0,0.0,0.59,97.59,1.82,49704.67
0.0,0.0,0.0,0.59,97.59,1.82,49704.67
0.0,0.0,0.0,0.59,97.59,1.82,49704.67
0.0,0.0,0.0,0.59,97.59,1.82,49704.67
0.0,0.0,0.0,0.59,97.59,1.82,49704.67
0.0,0.0,0.0,0.59,97.59,1.82,49704.67
0.0,0.0,0.0,0.59,97.59,1.82,49704.67
0.0,0.0,0.0,0.59,97.59,1.82,49704.67
0.0,0.0,0.0,0.59,97.59,1.82,49704.67
0.0,0.0,0.0,0.59,97.59,1.82,49704.67
0.0,0.0,0.0,0.59,97.59,1.82,49704.67
0.0,0.0,0.0,0.59,97.59,1.82,49704.67
0.0,0.0,0.0,0.59,97.59,1.82,49704.67
0.0,0.0,0.0,0.59,97.59,1.82,49704.67
0.0,0.0,0.0,0.59,97.59,1.82,49704.67
0.0,0.0,0.0,0.59,97.59,1.82,49704.67
0.0,0.0,0.0,0.59,97.59,1.82,49704.67
0.0,0.0,0.0,0.59,97.59,1.82,49704.67
0.0,0.0,0.0,0.59,97.59,1.82,49704.67
0.0,0.0,0.0,0.59,97.59,1.82,49704.67
0.0,0.0,0.0,0.59,97.59,1.82,49704.67
0.0,0.0,0.0,0.59,97.59,1.82,49704.67
0.0,0.0,0.0,0.59,97.59,1.82,49704.67
0.0,0.0,0.0,0.59,97.59,1.82,49704.67
0.0,0.0,0.0,0.59,97.59,1.82,49704.67
0.0,0.0,0.0,0.59,97.59,1.82,49704.67
0.0,0.0,0.0,0.59,97.59,1.82,49704.67
0.0,0.0,0.0,0.59,97.59,1.82,49704.67
0.0,0.0,0.0,0.59,97.59,1.82,49704.67
0.0,0.0,0.0,0.59,97.59,1.82,49704.67
0.0,0.0,0.0,0.59,97.59,1.82,49704.67
0.0,0.0,0.0,0.59,97.59,1.82,49704.67
0.0,0.0,0.0,0.59,97.59,1.82,49704.67
0.0,0.0,0.0,0.59,97.59,1.82,49704.67
0.0,0.0,0.0,0.59,97.59,1.82,49704.67
0.0,0.0,0.0,0.59,97.59,1.82,49704.67
0.0,0.0,0.0,0.59,97.59,1.82,49704.67
0.0,0.0,0.0,0.59,97.59,1.82,49704.67
0.0,0.0,0.0,0.59,97.59,1.82,49704.67
0.0,0.0,0.0,0.59,97.59,1.82,49704.67
0.0,0.0,0.0,0.59,97.59,1.82,49704.67
0.0,0.0,0.0,0.59,97.59,1.82,49704.67
0.0,0.0,0.0,0.59,97.59,1.82,49704.67
0.0,0.0,0.0,0.59,97.59,1.82,49704.67
0.0,0.0,0.0,0.59,97.59,1.82,49704.67
0.0,0.0,0.0,0.59,97.59,1.82,49704.67
0.0,0.0,0.0,0.59,97.59,1.82,49704.67
0.0,0.0,0.0,0.59,97.59,1.82,49704.67
0.0,0.0,0.0,0.59,97.59,1.82,49704.67
0.0,0.0,0.0,0.59,97.59,1.82,49704.67
0.0,0.0,0.0,0.59,97.59,1.82,49704.67
0.0,0.0,0.0,0.59,97.59,1.82,49704.67
0.0,0.0,0.0,0.59,97.59,1.82,49704.67
0.0,0.0,0.0,0.59,97.59,1.82,49704.67
0.0,0.0,0.0,0.59,97.59,1.82,49704.67
0.0,0.0,0.0,0.59,97.59,1.82,49704.67
0.0,0.0,0.0,0.59,97.59,1.82,49704.67
0.0,0.0,0.0,0.59,97.59,1.82,49704.67
0.0,0.0,0.0,0.59,97.59,1.82,49704.67
0.0,0.0,0.0,0.59,97.59,1.82,49704.67
0.0,0.0,0.0,0.59,97.59,1.82,49704.67
0.0,0.0,0.0,0.59,97.59,1.82,49704.67
0.0,0.0,0.0,0.59,97.59,1.82,49704.67
0.0,0.0,0.0,0.59,97.59,1.82,49704.67
0.0,0.0,0.0,0.59,97.59,1.82,49704.67
0.0,0.0,0.0,0.59,97.59,1.82,49704.67
0.0,0.0,0.0,0.59,97.59,1.82,49704.67
0.0,0.0,0.0,0.59,97.59,1.82,49704.67
0.0,0.0,0.0,0.59,97.59,1.82,49704.67
0.0,0.0,0.0,0.59,97.59,1.82,49704.67
0.0,0.0,0.0,0.59,97.59,1.82,49704.67
0.0,0.0,0.0,0.59,97.59,1.82,49704.67
0.0,0.0,0.0,0.59,97.59,1.82,49704.67
0.0,0.0,0.0,0.59,97.59,1.82,49704.67
0.0,0.0,0.0,0.59,97.59,1.82,49704.67
0.0,0.0,0.0,0.59,97.59,1.82,49704.67
0.0,0.0,0.0,0.59,97.59,1.82,49704.67
0.0,0.0,0.0,0.59,97.59,1.82,49704.67
0.0,0.0,0.0,0.59,97.59,1.82,49704.67
0.0,0.0,0.0,0.59,97.59,1.82,49704.67
0.0,0.0,0.0,0.59,97.59,1.82,49704.67
0.0,0.0,0.0,0.59,97.59,1.82,49704.67
0.0,0.0,0.0,0.59,97.59,1.82,49704.67
0.0,0.0,0.0,0.59,97.59,1.82,49704.67
0.0,0.0,0.0,0.59,97.59,1.82,49704.67
0.0,0.0,0.0,0.59,97.59,1.82,49704.67
0.0,0.0,0.0,0.59,97.59,1.82,49704.67