incubando,i_mild,i_grave,susceptibles,recuperados,muertos,infectados_totales
0.01,0.0,0.0,99.99,0.0,0.0,7.0
0.03,0.0,0.0,99.97,0.0,0.0,15.33
0.06,0.0,0.0,99.94,0.0,0.0,30.67
0.13,0.0,0.0,99.87,0.0,0.0,62.67
0.23,0.0,0.0,99.77,0.0,0.0,116.33
0.45,0.0,0.0,99.55,0.0,0.0,227.0
0.81,0.0,0.0,99.19,0.0,0.0,406.33
1.43,0.01,0.0,98.55,0.0,0.0,724.33
2.5,0.02,0.01,97.47,0.0,0.0,1264.0
4.35,0.05,0.01,95.59,0.0,0.0,2205.33
7.5,0.1,0.03,92.38,0.0,0.0,3811.33
12.49,0.17,0.06,87.28,0.0,0.0,6361.33
20.52,0.32,0.13,79.02,0.0,0.0,10487.67
32.05,0.58,0.23,67.14,0.0,0.0,16432.0
46.77,1.02,0.43,51.78,0.0,0.0,24108.33
63.01,1.81,0.72,34.47,0.0,0.01,32767.0
76.62,3.17,1.24,18.97,0.0,0.01,40514.33
84.05,5.48,2.11,8.32,0.01,0.01,45838.67
84.48,9.09,3.59,2.8,0.02,0.02,48600.33
78.23,14.91,5.98,0.8,0.05,0.03,49600.33
66.94,23.3,9.42,0.2,0.1,0.05,49901.67
51.75,34.12,13.85,0.04,0.17,0.07,49981.33
34.46,46.14,18.95,0.01,0.32,0.12,49997.0
18.97,56.89,23.4,0.0,0.58,0.16,49999.0
8.32,63.93,26.49,0.0,1.02,0.23,50000.0
2.8,67.05,28.03,0.0,1.81,0.31,50000.0
0.8,67.12,28.5,0.0,3.17,0.41,50000.0
0.2,65.24,28.59,0.0,5.5,0.49,50000.0
0.04,61.73,28.54,0.0,9.12,0.58,50000.0
0.01,55.9,28.47,0.0,14.97,0.65,50000.0
0.0,47.47,28.39,0.0,23.41,0.73,50000.0
0.0,36.58,28.28,0.0,34.32,0.82,50000.0
0.0,24.4,28.16,0.0,46.53,0.91,50000.0
0.0,13.4,28.0,0.0,57.59,1.01,50000.0
0.0,5.92,27.82,0.0,65.18,1.09,50000.0
0.0,2.01,27.55,0.0,69.26,1.17,50000.0
0.0,0.58,27.19,0.0,70.97,1.26,50000.0
0.0,0.14,26.63,0.0,71.9,1.33,50000.0
0.0,0.02,25.71,0.0,72.84,1.43,50000.0
0.0,0.0,24.24,0.0,74.25,1.5,50000.0
0.0,0.0,21.9,0.0,76.52,1.57,50000.0
0.0,0.0,18.6,0.0,79.77,1.63,50000.0
0.0,0.0,14.36,0.0,83.95,1.68,50000.0
0.0,0.0,9.51,0.0,88.76,1.73,50000.0
0.0,0.0,5.27,0.0,92.97,1.76,50000.0
0.0,0.0,2.28,0.0,95.95,1.77,50000.0
0.0,0.0,0.75,0.0,97.47,1.78,50000.0
0.0,0.0,0.21,0.0,98.01,1.78,50000.0
0.0,0.0,0.06,0.0,98.16,1.78,50000.0
0.0,0.0,0.01,0.0,98.2,1.78,50000.0
0.0,0.0,0.0,0.0,98.22,1.78,50000.0
0.0,0.0,0.0,0.0,98.22,1.78,50000.0
0.0,0.0,0.0,0.0,98.22,1.78,50000.0
0.0,0.0,0.0,0.0,98.22,1.78,50000.0
0.0,0.0,0.0,0.0,98.22,1.78,50000.0
0.0,0.0,0.0,0.0,98.22,1.78,50000.0
0.0,0.0,0.0,0.0,98.22,1.78,50000.0
0.0,0.0,0.0,0.0,98.22,1.78,50000.0
0.0,0.0,0.0,0.0,98.22,1.78,50000.0
0.0,0.0,0.0,0.0,98.22,1.78,50000.0
0.0,0.0,0.0,0.0,98.22,1.78,50000.0
0.0,0.0,0.0,0.0,98.22,1.78,50000.0
0.0,0.0,0.0,0.0,98.22,1.78,50000.0
0.0,0.0,0.0,0.0,98.22,1.78,50000.0
0.0,0.0,0.0,0.0,98.22,1.78,50000.0
0.0,0.0,0.0,0.0,98.22,1.78,50000.0
0.0,0.0,0.0,0.0,98.22,1.78,50000.0
0.0,0.0,0.0,0.0,98.22,1.78,50000.0
0.0,0.0,0.0,0.0,98.22,1.78,50000.0
0.0,0.0,0.0,0.0,98.22,1.78,50000.0
0.0,0.0,0.0,0.0,98.22,1.78,50000.0
0.0,0.0,0.0,0.0,98.22,1.78,50000.0
0.0,0.0,0.0,0.0,98.22,1.78,50000.0
0.0,0.0,0.0,0.0,98.22,1.78,50000.0
0.0,0.0,0.0,0.0,98.22,1.78,50000.0
0.0,0.0,0.0,0.0,98.22,1.78,50000.0
0.0,0.0,0.0,0.0,98.22,1.78,50000.0
0.0,0.0,0.0,0.0,98.22,1.78,50000.0
0.0,0.0,0.0,0.0,98.22,1.78,50000.0
0.0,0.0,0.0,0.0,98.22,1.78,50000.0
0.0,0.0,0.0,0.0,98.22,1.78,50000.0
0.0,0.0,0.0,0.0,98.22,1.78,50000.0
0.0,0.0,0.0,0.0,98.22,1.78,50000.0
0.0,0.0,0.0,0.0,98.22,1.78,50000.0
0.0,0.0,0.0,0.0,98.22,1.78,50000.0
0.0,0.0,0.0,0.0,98.22,1.78,50000.0
0.0,0.0,0.0,0.0,98.22,1.78,50000.0
0.0,0.0,0.0,0.0,98.22,1.78,50000.0
0.0,0.0,0.0,0.0,98.22,1.78,50000.0
0.0,0.0,0.0,0.0,98.22,1.78,50000.0
0.0,0.0,0.0,0.0,98.22,1.78,50000.0
0.0,0.0,0.0,0.0,98.22,1.78,50000.0
0.0,0.0,0.0,0.0,98.22,1.78,50000.0
0.0,0.0,0.0,0.0,98.22,1.78,50000.0
0.0,0.0,0.0,0.0,98.22,1.78,50000.0
0.0,0.0,0.0,0.0,98.22,1.78,50000.0
0.0,0.0,0.0,0.0,98.22,1.78,50000.0
0.0,0.0,0.0,0.0,98.22,1.78,50000.0
0.0,0.0,0.0,0.0,98.22,1.78,50000.0
0.0,0.0,0.0,0.0,98.22,1.78,50000.0
0.0,0.0,0.0,0.0,98.22,1.78,50000.0
0.0,0.0,0.0,0.0,98.22,1.78,50000.0
0.0,0.0,0.0,0.0,98.22,1.78,50000.0
0.0,0.0,0.0,0.0,98.22,1.78,50000.0
0.0,0.0,0.0,0.0,98.22,1.78,50000.0
0.0,0.0,0.0,0.0,98.22,1.78,50000.0
0.0,0.0,0.0,0.0,98.22,1.78,50000.0
0.0,0.0,0.0,0.0,98.22,1.78,50000.0
0.0,0.0,0.0,0.0,98.22,1.78,50000.0
0.0,0.0,0.0,0.0,98.22,1.78,50000.0
0.0,0.0,0.0,0.0,98.22,1.78,50000.0
0.0,0.0,0.0,0.0,98.22,1.78,50000.0
0.0,0.0,0.0,0.0,98.22,1.78,50000.0
0.0,0.0,0.0,0.0,98.22,1.78,50000.0
0.0,0.0,0.0,0.0,98.22,1.78,50000.0
0.0,0.0,0.0,0.0,98.22,1.78,50000.0
0.0,0.0,0.0,0.0,98.22,1.78,50000.0
0.0,0.0,0.0,0.0,98.22,1.78,50000.0
0.0,0.0,0.0,0.0,98.22,1.78,50000.0
0.0,0.0,0.0,0.0,98.22,1.78,50000.0
0.0,0.0,0.0,0.0,98.22,1.78,50000.0
0.0,0.0,0.0,0.0,98.22,1.78,50000.0
0.0,0.0,0.0,0.0,98.22,1.78,50000.0
0.0,0.0,0.0,0.0,98.22,1.78,50000.0
0.0,0.0,0.0,0.0,98.22,1.78,50000.0
0.0,0.0,0.0,0.0,98.22,1.78,50000.0
0.0,0.0,0.0,0.0,98.22,1.78,50000.0
0.0,0.0,0.0,0.0,98.22,1.78,50000.0
0.0,0.0,0.0,0.0,98.22,1.78,50000.0
0.0,0.0,0.0,0.0,98.22,1.78,50000.0
0.0,0.0,0.0,0.0,98.22,1.78,50000.0
0.0,0.0,0.0,0.0,98.22,1.78,50000.0
0.0,0.0,0.0,0.0,98.22,1.78,50000.0
0.0,0.0,0.0,0.0,98.22,1.78,50000.0
0.0,0.0,0.0,0.0,98.22,1.78,50000.0
0.0,0.0,0.0,0.0,98.22,1.78,50000.0
0.0,0.0,0.0,0.0,98.22,1.78,50000.0
0.0,0.0,0.0,0.0,98.22,1.78,50000.0
0.0,0.0,0.0,0.0,98.22,1.78,50000.0
0.0,0.0,0.0,0.0,98.22,1.78,50000.0
0.0,0.0,0.0,0.0,98.22,1.78,50000.0
0.0,0.0,0.0,0.0,98.22,1.78,50000.0
0.0,0.0,0.0,0.0,98.22,1.78,50000.0
0.0,0.0,0.0,0.0,98.22,1.78,50000.0
0.0,0.0,0.0,0.0,98.22,1.78,50000.0
0.0,0.0,0.0,0.0,98.22,1.78,50000.0
0.0,0.0,0.0,0.0,98.22,1.78,50000.0
0.0,0.0,0.0,0.0,98.22,1.78,50000.0
0.0,0.0,0.0,0.0,98.22,1.78,50000.0
0.0,0.0,0.0,0.0,98.22,1.78,50000.0
0.0,0.0,0.0,0.0,98.22,1.78,50000.0
0.0,0.0,0.0,0.0,98.22,1.78,50000.0
0.0,0.0,0.0,0.0,98.22,1.78,50000.0
0.0,0.0,0.0,0.0,98.22,1.78,50000.0
0.0,0.0,0.0,0.0,98.22,1.78,50000.0
0.0,0.0,0.0,0.0,98.22,1.78,50000.0
0.0,0.0,0.0,0.0,98.22,1.78,50000.0
0.0,0.0,0.0,0.0,98.22,1.78,50000.0
0.0,0.0,0.0,0.0,98.22,1.78,50000.0
0.0,0.0,0.0,0.0,98.22,1.78,50000.0
0.0,0.0,0.0,0.0,98.22,1.78,50000.0
0.0,0.0,0.0,0.0,98.22,1.78,50000.0
0.0,0.0,0.0,0.0,98.22,1.78,50000.0
0.0,0.0,0.0,0.0,98.22,1.78,50000.0
0.0,0.0,0.0,0.0,98.22,1.78,50000.0
0.0,0.0,0.0,0.0,98.22,1.78,50000.0
0.0,0.0,0.0,0.0,98.22,1.78,50000.0
0.0,0.0,0.0,0.0,98.22,1.78,50000.0
0.0,0.0,0.0,0.0,98.22,1.78,50000.0
0.0,0.0,0.0,0.0,98.22,1.78,50000.0
0.0,0.0,0.0,0.0,98.22,1.78,50000.0
0.0,0.0,0.0,0.0,98.22,1.78,50000.0
0.0,0.0,0.0,0.0,98.22,1.78,50000.0
0.0,0.0,0.0,0.0,98.22,1.78,50000.0
0.0,0.0,0.0,0.0,98.22,1.78,50000.0
0.0,0.0,0.0,0.0,98.22,1.78,50000.0
0.0,0.0,0.0,0.0,98.22,1.78,50000.0
0.0,0.0,0.0,0.0,98.22,1.78,50000.0
0.0,0.0,0.0,0.0,98.22,1.78,50000.0
0.0,0.0,0.0,0.0,98.22,1.78,50000.0
0.0,0.0,0.0,0.0,98.22,1.78,50000.0
0.0,0.0,0.0,0.0,98.22,1.78,50000.0
0.0,0.0,0.0,0.0,98.22,1.78,50000.0
0.0,0.0,0.0,0.0,98.22,1.78,50000.0
0.0,0.0,0.0,0.0,98.22,1.78,50000.0
0.0,0.0,0.0,0.0,98.22,1.78,50000.0
0.0,0.0,0.0,0.0,98.22,1.78,50000.0
0.0,0.0,0.0,0.0,98.22,1.78,50000.0
0.0,0.0,0.0,0.0,98.22,1.78,50000.0
0.0,0.0,0.0,0.0,98.22,1.78,50000.0
0.0,0.0,0.0,0.0,98.22,1.78,50000.0
0.0,0.0,0.0,0.0,98.22,1.78,50000.0
0.0,0.0,0.0,0.0,98.22,1.78,50000.0
0.0,0.0,0.0,0.0,98.22,1.78,50000.0
0.0,0.0,0.0,0.0,98.22,1.78,50000.0
0.0,0.0,0.0,0.0,98.22,1.78,50000.0
0.0,0.0,0.0,0.0,98.22,1.78,50000.0
0.0,0.0,0.0,0.0,98.22,1.78,50000.0
0.0,0.0,0.0,0.0,98.22,1.78,50000.0
0.0,0.0,0.0,0.0,98.22,1.78,50000.0
0.0,0.0,0.0,0.0,98.22,1.78,50000.0
0.0,0.0,0.0,0.0,98.22,1.78,50000.0
0.0,0.0,0.0,0.0,98.22,1.78,50000.0
0.0,0.0,0.0,0.0,98.22,1.78,50000.0
0.0,0.0,0.0,0.0,98.22,1.78,50000.0
0.0,0.0,0.0,0.0,98.22,1.78,50000.0
0.0,0.0,0.0,0.0,98.22,1.78,50000.0
0.0,0.0,0.0,0.0,98.22,1.78,50000.0
0.0,0.0,0.0,0.0,98.22,1.78,50000.0
0.0,0.0,0.0,0.0,98.22,1.78,50000.0
0.0,0.0,0.0,0.0,98.22,1.78,50000.0
0.0,0.0,0.0,0.0,98.22,1.78,50000.0
0.0,0.0,0.0,0.0,98.22,1.78,50000.0
0.0,0.0,0.0,0.0,98.22,1.78,50000.0
0.0,0.0,0.0,0.0,98.22,1.78,50000.0
0.0,0.0,0.0,0.0,98.22,1.78,50000.0
0.0,0.0,0.0,0.0,98.22,1.78,50000.0
0.0,0.0,0.0,0.0,98.22,1.78,50000.0
0.0,0.0,0.0,0.0,98.22,1.78,50000.0
0.0,0.0,0.0,0.0,98.22,1.78,50000.0
0.0,0.0,0.0,0.0,98.22,1.78,50000.0
0.0,0.0,0.0,0.0,98.22,1.78,50000.0
0.0,0.0,0.0,0.0,98.22,1.78,50000.0
0.0,0.0,0.0,0.0,98.22,1.78,50000.0
0.0,0.0,0.0,0.0,98.22,1.78,50000.0
0.0,0.0,0.0,0.0,98.22,1.78,50000.0
0.0,0.0,0.0,0.0,98.22,1.78,50000.0
0.0,0.0,0.0,0.0,98.22,1.78,50000.0
0.0,0.0,0.0,0.0,98.22,1.78,50000.0
0.0,0.0,0.0,0.0,98.22,1.78,50000.0
0.0,0.0,0.0,0.0,98.22,1.78,50000.0
0.0,0.0,0.0,0.0,98.22,1.78,50000.0
0.0,0.0,0.0,0.0,98.22,1.78,50000.0
0.0,0.0,0.0,0.0,98.22,1.78,50000.0
0.0,0.0,0.0,0.0,98.22,1.78,50000.0
0.0,0.0,0.0,0.0,98.22,1.78,50000.0
0.0,0.0,0.0,0.0,98.22,1.78,50000.0
0.0,0.0,0.0,0.0,98.22,1.78,50000.0
0.0,0.0,0.0,0.0,98.22,1.78,50000.0
0.0,0.0,0.0,0.0,98.22,1.78,50000.0
0.0,0.0,0.0,0.0,98.22,1.78,50000.0
0.0,0.0,0.0,0.0,98.22,1.78,50000.0
0.0,0.0,0.0,0.0,98.22,1.78,50000.0
0.0,0.0,0.0,0.0,98.22,1.78,50000.0
0.0,0.0,0.0,0.0,98.22,1.78,50000.0
0.0,0.0,0.0,0.0,98.22,1.78,50000.0
0.0,0.0,0.0,0.0,98.22,1.78,50000.0
0.0,0.0,0.0,0.0,98.22,1.78,50000.0
0.0,0.0,0.0,0.0,98.22,1.78,50000.0
0.0,0.0,0.0,0.0,98.22,1.78,50000.0
0.0,0.0,0.0,0.0,98.22,1.78,50000.0
0.0,0.0,0.0,0.0,98.22,1.78,50000.0
0.0,0.0,0.0,0.0,98.22,1.78,50000.0
0.0,0.0,0.0,0.0,98.22,1.78,50000.0
0.0,0.0,0.0,0.0,98.22,1.78,50000.0
0.0,0.0,0.0,0.0,98.22,1.78,50000.0
0.0,0.0,0.0,0.0,98.22,1.78,50000.0
0.0,0.0,0.0,0.0,98.22,1.78,50000.0
0.0,0.0,0.0,0.0,98.22,1.78,50000.0
0.0,0.0,0.0,0.0,98.22,1.78,50000.0
0.0,0.0,0.0,0.0,98.22,1.78,50000.0
0.0,0.0,0.0,0.0,98.22,1.78,50000.0
0.0,0.0,0.0,0.0,98.22,1.78,50000.0
0.0,0.0,0.0,0.0,98.22,1.78,50000.0
0.0,0.0,0.0,0.0,98.22,1.78,50000.0
0.0,0.0,0.0,0.0,98.22,1.78,50000.0
0.0,0.0,0.0,0.0,98.22,1.78,50000.0
0.0,0.0,0.0,0.0,98.22,1.78,50000.0
0.0,0.0,0.0,0.0,98.22,1.78,50000.0
0.0,0.0,0.0,0.0,98.22,1.78,50000.0
0.0,0.0,0.0,0.0,98.22,1.78,50000.0
0.0,0.0,0.0,0.0,98.22,1.78,50000.0
0.0,0.0,0.0,0.0,98.22,1.78,50000.0
0.0,0.0,0.0,0.0,98.22,1.78,50000.0
0.0,0.0,0.0,0.0,98.22,1.78,50000.0
0.0,0.0,0.0,0.0,98.22,1.78,50000.0
0.0,0.0,0.0,0.0,98.22,1.78,50000.0
0.0,0.0,0.0,0.0,98.22,1.78,50000.0
0.0,0.0,0.0,0.0,98.22,1.78,50000.0
0.0,0.0,0.0,0.0,98.22,1.78,50000.0
0.0,0.0,0.0,0.0,98.22,1.78,50000.0
0.0,0.0,0.0,0.0,98.22,1.78,50000.0
0.0,0.0,0.0,0.0,98.22,1.78,50000.0
0.0,0.0,0.0,0.0,98.22,1.78,50000.0
0.0,0.0,0.0,0.0,98.22,1.78,50000.0
0.0,0.0,0.0,0.0,98.22,1.78,50000.0
0.0,0.0,0.0,0.0,98.22,1.78,50000.0
0.0,0.0,0.0,0.0,98.22,1.78,50000.0
0.0,0.0,0.0,0.0,98.22,1.78,50000.0
0.0,0.0,0.0,0.0,98.22,1.78,50000.0
0.0,0.0,0.0,0.0,98.22,1.78,50000.0
0.0,0.0,0.0,0.0,98.22,1.78,50000.0
0.0,0.0,0.0,0.0,98.22,1.78,50000.0
0.0,0.0,0.0,0.0,98.22,1.78,50000.0
0.0,0.0,0.0,0.0,98.22,1.78,50000.0
0.0,0.0,0.0,0.0,98.22,1.78,50000.0
0.0,0.0,0.0,0.0,98.22,1.78,50000.0
0.0,0.0,0.0,0.0,98.22,1.78,50000.0
0.0,0.0,0.0,0.0,98.22,1.78,50000.0
0.0,0.0,0.0,0.0,98.22,1.78,50000.0
0.0,0.0,0.0,0.0,98.22,1.78,50000.0
0.0,0.0,0.0,0.0,98.22,1.78,50000.0
0.0,0.0,0.0,0.0,98.22,1.78,50000.0
0.0,0.0,0.0,0.0,98.22,1.78,50000.0
0.0,0.0,0.0,0.0,98.22,1.78,50000.0
0.0,0.0,0.0,0.0,98.22,1.78,50000.0
0.0,0.0,0.0,0.0,98.22,1.78,50000.0
0.0,0.0,0.0,0.0,98.22,1.78,50000.0
0.0,0.0,0.0,0.0,98.22,1.78,50000.0
0.0,0.0,0.0,0.0,98.22,1.78,50000.0
0.0,0.0,0.0,0.0,98.22,1.78,50000.0
0.0,0.0,0.0,0.0,98.22,1.78,50000.0
0.0,0.0,0.0,0.0,98.22,1.78,50000.0
0.0,0.0,0.0,0.0,98.22,1.78,50000.0
0.0,0.0,0.0,0.0,98.22,1.78,50000.0
0.0,0.0,0.0,0.0,98.22,1.78,50000.0
0.0,0.0,0.0,0.0,98.22,1.78,50000.0
0.0,0.0,0.0,0.0,98.22,1.78,50000.0
0.0,0.0,0.0,0.0,98.22,1.78,50000.0
0.0,0.0,0.0,0.0,98.22,1.78,50000.0
0.0,0.0,0.0,0.0,98.22,1.78,50000.0
0.0,0.0,0.0,0.0,98.22,1.78,50000.0
0.0,0.0,0.0,0.0,98.22,1.78,50000.0
0.0,0.0,0.0,0.0,98.22,1.78,50000.0
0.0,0.0,0.0,0.0,98.22,1.78,50000.0
0.0,0.0,0.0,0.0,98.22,1.78,50000.0
0.0,0.0,0.0,0.0,98.22,1.78,50000.0
0.0,0.0,0.0,0.0,98.22,1.78,50000.0
0.0,0.0,0.0,0.0,98.22,1.78,50000.0
0.0,0.0,0.0,0.0,98.22,1.78,50000.0
0.0,0.0,0.0,0.0,98.22,1.78,50000.0
0.0,0.0,0.0,0.0,98.22,1.78,50000.0
0.0,0.0,0.0,0.0,98.22,1.78,50000.0
0.0,0.0,0.0,0.0,98.22,1.78,50000.0
0.0,0.0,0.0,0.0,98.22,1.78,50000.0
0.0,0.0,0.0,0.0,98.22,1.78,50000.0
0.0,0.0,0.0,0.0,98.22,1.78,50000.0
0.0,0.0,0.0,0.0,98.22,1.78,50000.0
0.0,0.0,0.0,0.0,98.22,1.78,50000.0
0.0,0.0,0.0,0.0,98.22,1.78,50000.0
0.0,0.0,0.0,0.0,98.22,1.78,50000.0
0.0,0.0,0.0,0.0,98.22,1.78,50000.0
0.0,0.0,0.0,0.0,98.22,1.78,50000.0
0.0,0.0,0.0,0.0,98.22,1.78,50000.0
0.0,0.0,0.0,0.0,98.22,1.78,50000.0
0.0,0.0,0.0,0.0,98.22,1.78,50000.0
0.0,0.0,0.0,0.0,98.22,1.78,50000.0
0.0,0.0,0.0,0.0,98.22,1.78,50000.0
0.0,0.0,0.0,0.0,98.22,1.78,50000.0
0.0,0.0,0.0,0.0,98.22,1.78,50000.0
0.0,0.0,0.0,0.0,98.22,1.78,50000.0
0.0,0.0,0.0,0.0,98.22,1.78,50000.0
0.0,0.0,0.0,0.0,98.22,1.78,50000.0
0.0,0.0,0.0,0.0,98.22,1.78,50000.0
0.0,0.0,0.0,0.0,98.22,1.78,50000.0
0.0,0.0,0.0,0.0,98.22,1.78,50000.0
0.0,0.0,0.0,0.0,98.22,1.78,50000.0
0.0,0.0,0.0,0.0,98.22,1.78,50000.0
0.0,0.0,0.0,0.0,98.22,1.78,50000.0
0.0,0.0,0.0,0.0,98.22,1.78,50000.0
0.0,0.0,0.0,0.0,98.22,1.78,50000.0
0.0,0.0,0.0,0.0,98.22,1.78,50000.0
0.0,0.0,0.0,0.0,98.22,1.78,50000.0
0.0,0.0,0.0,0.0,98.22,1.78,50000.0
0.0,0.0,0.0,0.0,98.22,1.78,50000.0