incubando,i_mild,i_grave,susceptibles,recuperados,muertos,infectados_totales
0.96,0.0,0.0,99.04,0.0,0.0,481.0
2.51,0.0,0.0,97.49,0.0,0.0,1252.67
4.91,0.0,0.0,95.09,0.0,0.0,2454.33
8.77,0.0,0.0,91.23,0.0,0.0,4383.33
14.6,0.0,0.0,85.4,0.0,0.0,7300.33
23.18,0.0,0.0,76.82,0.0,0.0,11588.0
34.87,0.0,0.0,65.13,0.0,0.0,17433.33
48.29,0.7,0.27,50.75,0.0,0.0,24626.67
62.41,1.82,0.68,35.08,0.0,0.0,32459.0
74.37,3.56,1.35,20.72,0.0,0.0,39639.33
80.76,6.3,2.47,10.47,0.0,0.01,44764.33
80.95,10.45,4.13,4.45,0.0,0.02,47777.33
75.15,16.52,6.63,1.67,0.0,0.03,49165.0
64.53,24.81,10.01,0.61,0.0,0.05,49697.33
50.54,34.98,14.2,0.21,0.0,0.08,49896.33
35.0,46.08,18.73,0.09,0.0,0.11,49957.33
20.69,56.3,22.8,0.04,0.0,0.18,49982.33
10.46,62.84,25.75,0.01,0.7,0.25,49994.0
4.44,65.95,27.46,0.0,1.82,0.32,49997.67
1.67,66.15,28.23,0.0,3.56,0.4,49998.67
0.6,64.16,28.46,0.0,6.3,0.48,49999.67
0.21,60.29,28.48,0.0,10.45,0.58,50000.0
0.09,54.31,28.42,0.0,16.52,0.66,50000.0
0.04,46.05,28.34,0.0,24.81,0.76,50000.0
0.01,35.9,28.26,0.0,34.98,0.84,50000.0
0.0,24.81,28.18,0.0,46.08,0.93,50000.0
0.0,14.59,28.09,0.0,56.3,1.02,50000.0
0.0,7.35,28.0,0.0,63.53,1.11,50000.0
0.0,3.12,27.66,0.0,68.03,1.19,50000.0
0.0,1.18,27.17,0.0,70.35,1.29,50000.0
0.0,0.44,26.46,0.0,71.73,1.38,50000.0
0.0,0.15,25.32,0.0,73.06,1.46,50000.0
0.0,0.06,23.68,0.0,74.73,1.54,50000.0
0.0,0.02,21.25,0.0,77.12,1.6,50000.0
0.0,0.01,18.01,0.0,80.31,1.67,50000.0
0.0,0.0,13.98,0.0,84.29,1.73,50000.0
0.0,0.0,9.68,0.0,88.55,1.76,50000.0
0.0,0.0,5.77,0.0,92.44,1.79,50000.0
0.0,0.0,2.95,0.0,95.25,1.81,50000.0
0.0,0.0,1.25,0.0,96.93,1.81,50000.0
0.0,0.0,0.46,0.0,97.72,1.82,50000.0
0.0,0.0,0.16,0.0,98.02,1.82,50000.0
0.0,0.0,0.06,0.0,98.12,1.82,50000.0
0.0,0.0,0.02,0.0,98.16,1.82,50000.0
0.0,0.0,0.01,0.0,98.17,1.82,50000.0
0.0,0.0,0.0,0.0,98.18,1.82,50000.0
0.0,0.0,0.0,0.0,98.18,1.82,50000.0
0.0,0.0,0.0,0.0,98.18,1.82,50000.0
0.0,0.0,0.0,0.0,98.18,1.82,50000.0
0.0,0.0,0.0,0.0,98.18,1.82,50000.0
0.0,0.0,0.0,0.0,98.18,1.82,50000.0
0.0,0.0,0.0,0.0,98.18,1.82,50000.0
0.0,0.0,0.0,0.0,98.18,1.82,50000.0
0.0,0.0,0.0,0.0,98.18,1.82,50000.0
0.0,0.0,0.0,0.0,98.18,1.82,50000.0
0.0,0.0,0.0,0.0,98.18,1.82,50000.0
0.0,0.0,0.0,0.0,98.18,1.82,50000.0
0.0,0.0,0.0,0.0,98.18,1.82,50000.0
0.0,0.0,0.0,0.0,98.18,1.82,50000.0
0.0,0.0,0.0,0.0,98.18,1.82,50000.0
0.0,0.0,0.0,0.0,98.18,1.82,50000.0
0.0,0.0,0.0,0.0,98.18,1.82,50000.0
0.0,0.0,0.0,0.0,98.18,1.82,50000.0
0.0,0.0,0.0,0.0,98.18,1.82,50000.0
0.0,0.0,0.0,0.0,98.18,1.82,50000.0
0.0,0.0,0.0,0.0,98.18,1.82,50000.0
0.0,0.0,0.0,0.0,98.18,1.82,50000.0
0.0,0.0,0.0,0.0,98.18,1.82,50000.0
0.0,0.0,0.0,0.0,98.18,1.82,50000.0
0.0,0.0,0.0,0.0,98.18,1.82,50000.0
0.0,0.0,0.0,0.0,98.18,1.82,50000.0
0.0,0.0,0.0,0.0,98.18,1.82,50000.0
0.0,0.0,0.0,0.0,98.18,1.82,50000.0
0.0,0.0,0.0,0.0,98.18,1.82,50000.0
0.0,0.0,0.0,0.0,98.18,1.82,50000.0
0.0,0.0,0.0,0.0,98.18,1.82,50000.0
0.0,0.0,0.0,0.0,98.18,1.82,50000.0
0.0,0.0,0.0,0.0,98.18,1.82,50000.0
0.0,0.0,0.0,0.0,98.18,1.82,50000.0
0.0,0.0,0.0,0.0,98.18,1.82,50000.0
0.0,0.0,0.0,0.0,98.18,1.82,50000.0
0.0,0.0,0.0,0.0,98.18,1.82,50000.0
0.0,0.0,0.0,0.0,98.18,1.82,50000.0
0.0,0.0,0.0,0.0,98.18,1.82,50000.0
0.0,0.0,0.0,0.0,98.18,1.82,50000.0
0.0,0.0,0.0,0.0,98.18,1.82,50000.0
0.0,0.0,0.0,0.0,98.18,1.82,50000.0
0.0,0.0,0.0,0.0,98.18,1.82,50000.0
0.0,0.0,0.0,0.0,98.18,1.82,50000.0
0.0,0.0,0.0,0.0,98.18,1.82,50000.0
0.0,0.0,0.0,0.0,98.18,1.82,50000.0
0.0,0.0,0.0,0.0,98.18,1.82,50000.0
0.0,0.0,0.0,0.0,98.18,1.82,50000.0
0.0,0.0,0.0,0.0,98.18,1.82,50000.0
0.0,0.0,0.0,0.0,98.18,1.82,50000.0
0.0,0.0,0.0,0.0,98.18,1.82,50000.0
0.0,0.0,0.0,0.0,98.18,1.82,50000.0
0.0,0.0,0.0,0.0,98.18,1.82,50000.0
0.0,0.0,0.0,0.0,98.18,1.82,50000.0
0.0,0.0,0.0,0.0,98.18,1.82,50000.0
0.0,0.0,0.0,0.0,98.18,1.82,50000.0
0.0,0.0,0.0,0.0,98.18,1.82,50000.0
0.0,0.0,0.0,0.0,98.18,1.82,50000.0
0.0,0.0,0.0,0.0,98.18,1.82,50000.0
0.0,0.0,0.0,0.0,98.18,1.82,50000.0
0.0,0.0,0.0,0.0,98.18,1.82,50000.0
0.0,0.0,0.0,0.0,98.18,1.82,50000.0
0.0,0.0,0.0,0.0,98.18,1.82,50000.0
0.0,0.0,0.0,0.0,98.18,1.82,50000.0
0.0,0.0,0.0,0.0,98.18,1.82,50000.0
0.0,0.0,0.0,0.0,98.18,1.82,50000.0
0.0,0.0,0.0,0.0,98.18,1.82,50000.0
0.0,0.0,0.0,0.0,98.18,1.82,50000.0
0.0,0.0,0.0,0.0,98.18,1.82,50000.0
0.0,0.0,0.0,0.0,98.18,1.82,50000.0
0.0,0.0,0.0,0.0,98.18,1.82,50000.0
0.0,0.0,0.0,0.0,98.18,1.82,50000.0
0.0,0.0,0.0,0.0,98.18,1.82,50000.0
0.0,0.0,0.0,0.0,98.18,1.82,50000.0
0.0,0.0,0.0,0.0,98.18,1.82,50000.0
0.0,0.0,0.0,0.0,98.18,1.82,50000.0
0.0,0.0,0.0,0.0,98.18,1.82,50000.0
0.0,0.0,0.0,0.0,98.18,1.82,50000.0
0.0,0.0,0.0,0.0,98.18,1.82,50000.0
0.0,0.0,0.0,0.0,98.18,1.82,50000.0
0.0,0.0,0.0,0.0,98.18,1.82,50000.0
0.0,0.0,0.0,0.0,98.18,1.82,50000.0
0.0,0.0,0.0,0.0,98.18,1.82,50000.0
0.0,0.0,0.0,0.0,98.18,1.82,50000.0
0.0,0.0,0.0,0.0,98.18,1.82,50000.0
0.0,0.0,0.0,0.0,98.18,1.82,50000.0
0.0,0.0,0.0,0.0,98.18,1.82,50000.0
0.0,0.0,0.0,0.0,98.18,1.82,50000.0
0.0,0.0,0.0,0.0,98.18,1.82,50000.0
0.0,0.0,0.0,0.0,98.18,1.82,50000.0
0.0,0.0,0.0,0.0,98.18,1.82,50000.0
0.0,0.0,0.0,0.0,98.18,1.82,50000.0
0.0,0.0,0.0,0.0,98.18,1.82,50000.0
0.0,0.0,0.0,0.0,98.18,1.82,50000.0
0.0,0.0,0.0,0.0,98.18,1.82,50000.0
0.0,0.0,0.0,0.0,98.18,1.82,50000.0
0.0,0.0,0.0,0.0,98.18,1.82,50000.0
0.0,0.0,0.0,0.0,98.18,1.82,50000.0
0.0,0.0,0.0,0.0,98.18,1.82,50000.0
0.0,0.0,0.0,0.0,98.18,1.82,50000.0
0.0,0.0,0.0,0.0,98.18,1.82,50000.0
0.0,0.0,0.0,0.0,98.18,1.82,50000.0
0.0,0.0,0.0,0.0,98.18,1.82,50000.0
0.0,0.0,0.0,0.0,98.18,1.82,50000.0
0.0,0.0,0.0,0.0,98.18,1.82,50000.0
0.0,0.0,0.0,0.0,98.18,1.82,50000.0
0.0,0.0,0.0,0.0,98.18,1.82,50000.0
0.0,0.0,0.0,0.0,98.18,1.82,50000.0
0.0,0.0,0.0,0.0,98.18,1.82,50000.0
0.0,0.0,0.0,0.0,98.18,1.82,50000.0
0.0,0.0,0.0,0.0,98.18,1.82,50000.0
0.0,0.0,0.0,0.0,98.18,1.82,50000.0
0.0,0.0,0.0,0.0,98.18,1.82,50000.0
0.0,0.0,0.0,0.0,98.18,1.82,50000.0
0.0,0.0,0.0,0.0,98.18,1.82,50000.0
0.0,0.0,0.0,0.0,98.18,1.82,50000.0
0.0,0.0,0.0,0.0,98.18,1.82,50000.0
0.0,0.0,0.0,0.0,98.18,1.82,50000.0
0.0,0.0,0.0,0.0,98.18,1.82,50000.0
0.0,0.0,0.0,0.0,98.18,1.82,50000.0
0.0,0.0,0.0,0.0,98.18,1.82,50000.0
0.0,0.0,0.0,0.0,98.18,1.82,50000.0
0.0,0.0,0.0,0.0,98.18,1.82,50000.0
0.0,0.0,0.0,0.0,98.18,1.82,50000.0
0.0,0.0,0.0,0.0,98.18,1.82,50000.0
0.0,0.0,0.0,0.0,98.18,1.82,50000.0
0.0,0.0,0.0,0.0,98.18,1.82,50000.0
0.0,0.0,0.0,0.0,98.18,1.82,50000.0
0.0,0.0,0.0,0.0,98.18,1.82,50000.0
0.0,0.0,0.0,0.0,98.18,1.82,50000.0
0.0,0.0,0.0,0.0,98.18,1.82,50000.0
0.0,0.0,0.0,0.0,98.18,1.82,50000.0
0.0,0.0,0.0,0.0,98.18,1.82,50000.0
0.0,0.0,0.0,0.0,98.18,1.82,50000.0
0.0,0.0,0.0,0.0,98.18,1.82,50000.0
0.0,0.0,0.0,0.0,98.18,1.82,50000.0
0.0,0.0,0.0,0.0,98.18,1.82,50000.0
0.0,0.0,0.0,0.0,98.18,1.82,50000.0
0.0,0.0,0.0,0.0,98.18,1.82,50000.0
0.0,0.0,0.0,0.0,98.18,1.82,50000.0
0.0,0.0,0.0,0.0,98.18,1.82,50000.0
0.0,0.0,0.0,0.0,98.18,1.82,50000.0
0.0,0.0,0.0,0.0,98.18,1.82,50000.0
0.0,0.0,0.0,0.0,98.18,1.82,50000.0
0.0,0.0,0.0,0.0,98.18,1.82,50000.0
0.0,0.0,0.0,0.0,98.18,1.82,50000.0
0.0,0.0,0.0,0.0,98.18,1.82,50000.0
0.0,0.0,0.0,0.0,98.18,1.82,50000.0
0.0,0.0,0.0,0.0,98.18,1.82,50000.0
0.0,0.0,0.0,0.0,98.18,1.82,50000.0
0.0,0.0,0.0,0.0,98.18,1.82,50000.0
0.0,0.0,0.0,0.0,98.18,1.82,50000.0
0.0,0.0,0.0,0.0,98.18,1.82,50000.0
0.0,0.0,0.0,0.0,98.18,1.82,50000.0
0.0,0.0,0.0,0.0,98.18,1.82,50000.0
0.0,0.0,0.0,0.0,98.18,1.82,50000.0
0.0,0.0,0.0,0.0,98.18,1.82,50000.0
0.0,0.0,0.0,0.0,98.18,1.82,50000.0
0.0,0.0,0.0,0.0,98.18,1.82,50000.0
0.0,0.0,0.0,0.0,98.18,1.82,50000.0
0.0,0.0,0.0,0.0,98.18,1.82,50000.0
0.0,0.0,0.0,0.0,98.18,1.82,50000.0
0.0,0.0,0.0,0.0,98.18,1.82,50000.0
0.0,0.0,0.0,0.0,98.18,1.82,50000.0
0.0,0.0,0.0,0.0,98.18,1.82,50000.0
0.0,0.0,0.0,0.0,98.18,1.82,50000.0
0.0,0.0,0.0,0.0,98.18,1.82,50000.0
0.0,0.0,0.0,0.0,98.18,1.82,50000.0
0.0,0.0,0.0,0.0,98.18,1.82,50000.0
0.0,0.0,0.0,0.0,98.18,1.82,50000.0
0.0,0.0,0.0,0.0,98.18,1.82,50000.0
0.0,0.0,0.0,0.0,98.18,1.82,50000.0
0.0,0.0,0.0,0.0,98.18,1.82,50000.0
0.0,0.0,0.0,0.0,98.18,1.82,50000.0
0.0,0.0,0.0,0.0,98.18,1.82,50000.0
0.0,0.0,0.0,0.0,98.18,1.82,50000.0
0.0,0.0,0.0,0.0,98.18,1.82,50000.0
0.0,0.0,0.0,0.0,98.18,1.82,50000.0
0.0,0.0,0.0,0.0,98.18,1.82,50000.0
0.0,0.0,0.0,0.0,98.18,1.82,50000.0
0.0,0.0,0.0,0.0,98.18,1.82,50000.0
0.0,0.0,0.0,0.0,98.18,1.82,50000.0
0.0,0.0,0.0,0.0,98.18,1.82,50000.0
0.0,0.0,0.0,0.0,98.18,1.82,50000.0
0.0,0.0,0.0,0.0,98.18,1.82,50000.0
0.0,0.0,0.0,0.0,98.18,1.82,50000.0
0.0,0.0,0.0,0.0,98.18,1.82,50000.0
0.0,0.0,0.0,0.0,98.18,1.82,50000.0
0.0,0.0,0.0,0.0,98.18,1.82,50000.0
0.0,0.0,0.0,0.0,98.18,1.82,50000.0
0.0,0.0,0.0,0.0,98.18,1.82,50000.0
0.0,0.0,0.0,0.0,98.18,1.82,50000.0
0.0,0.0,0.0,0.0,98.18,1.82,50000.0
0.0,0.0,0.0,0.0,98.18,1.82,50000.0
0.0,0.0,0.0,0.0,98.18,1.82,50000.0
0.0,0.0,0.0,0.0,98.18,1.82,50000.0
0.0,0.0,0.0,0.0,98.18,1.82,50000.0
0.0,0.0,0.0,0.0,98.18,1.82,50000.0
0.0,0.0,0.0,0.0,98.18,1.82,50000.0
0.0,0.0,0.0,0.0,98.18,1.82,50000.0
0.0,0.0,0.0,0.0,98.18,1.82,50000.0
0.0,0.0,0.0,0.0,98.18,1.82,50000.0
0.0,0.0,0.0,0.0,98.18,1.82,50000.0
0.0,0.0,0.0,0.0,98.18,1.82,50000.0
0.0,0.0,0.0,0.0,98.18,1.82,50000.0
0.0,0.0,0.0,0.0,98.18,1.82,50000.0
0.0,0.0,0.0,0.0,98.18,1.82,50000.0
0.0,0.0,0.0,0.0,98.18,1.82,50000.0
0.0,0.0,0.0,0.0,98.18,1.82,50000.0
0.0,0.0,0.0,0.0,98.18,1.82,50000.0
0.0,0.0,0.0,0.0,98.18,1.82,50000.0
0.0,0.0,0.0,0.0,98.18,1.82,50000.0
0.0,0.0,0.0,0.0,98.18,1.82,50000.0
0.0,0.0,0.0,0.0,98.18,1.82,50000.0
0.0,0.0,0.0,0.0,98.18,1.82,50000.0
0.0,0.0,0.0,0.0,98.18,1.82,50000.0
0.0,0.0,0.0,0.0,98.18,1.82,50000.0
0.0,0.0,0.0,0.0,98.18,1.82,50000.0
0.0,0.0,0.0,0.0,98.18,1.82,50000.0
0.0,0.0,0.0,0.0,98.18,1.82,50000.0
0.0,0.0,0.0,0.0,98.18,1.82,50000.0
0.0,0.0,0.0,0.0,98.18,1.82,50000.0
0.0,0.0,0.0,0.0,98.18,1.82,50000.0
0.0,0.0,0.0,0.0,98.18,1.82,50000.0
0.0,0.0,0.0,0.0,98.18,1.82,50000.0
0.0,0.0,0.0,0.0,98.18,1.82,50000.0
0.0,0.0,0.0,0.0,98.18,1.82,50000.0
0.0,0.0,0.0,0.0,98.18,1.82,50000.0
0.0,0.0,0.0,0.0,98.18,1.82,50000.0
0.0,0.0,0.0,0.0,98.18,1.82,50000.0
0.0,0.0,0.0,0.0,98.18,1.82,50000.0
0.0,0.0,0.0,0.0,98.18,1.82,50000.0
0.0,0.0,0.0,0.0,98.18,1.82,50000.0
0.0,0.0,0.0,0.0,98.18,1.82,50000.0
0.0,0.0,0.0,0.0,98.18,1.82,50000.0
0.0,0.0,0.0,0.0,98.18,1.82,50000.0
0.0,0.0,0.0,0.0,98.18,1.82,50000.0
0.0,0.0,0.0,0.0,98.18,1.82,50000.0
0.0,0.0,0.0,0.0,98.18,1.82,50000.0
0.0,0.0,0.0,0.0,98.18,1.82,50000.0
0.0,0.0,0.0,0.0,98.18,1.82,50000.0
0.0,0.0,0.0,0.0,98.18,1.82,50000.0
0.0,0.0,0.0,0.0,98.18,1.82,50000.0
0.0,0.0,0.0,0.0,98.18,1.82,50000.0
0.0,0.0,0.0,0.0,98.18,1.82,50000.0
0.0,0.0,0.0,0.0,98.18,1.82,50000.0
0.0,0.0,0.0,0.0,98.18,1.82,50000.0
0.0,0.0,0.0,0.0,98.18,1.82,50000.0
0.0,0.0,0.0,0.0,98.18,1.82,50000.0
0.0,0.0,0.0,0.0,98.18,1.82,50000.0
0.0,0.0,0.0,0.0,98.18,1.82,50000.0
0.0,0.0,0.0,0.0,98.18,1.82,50000.0
0.0,0.0,0.0,0.0,98.18,1.82,50000.0
0.0,0.0,0.0,0.0,98.18,1.82,50000.0
0.0,0.0,0.0,0.0,98.18,1.82,50000.0
0.0,0.0,0.0,0.0,98.18,1.82,50000.0
0.0,0.0,0.0,0.0,98.18,1.82,50000.0
0.0,0.0,0.0,0.0,98.18,1.82,50000.0
0.0,0.0,0.0,0.0,98.18,1.82,50000.0
0.0,0.0,0.0,0.0,98.18,1.82,50000.0
0.0,0.0,0.0,0.0,98.18,1.82,50000.0
0.0,0.0,0.0,0.0,98.18,1.82,50000.0
0.0,0.0,0.0,0.0,98.18,1.82,50000.0
0.0,0.0,0.0,0.0,98.18,1.82,50000.0
0.0,0.0,0.0,0.0,98.18,1.82,50000.0
0.0,0.0,0.0,0.0,98.18,1.82,50000.0
0.0,0.0,0.0,0.0,98.18,1.82,50000.0
0.0,0.0,0.0,0.0,98.18,1.82,50000.0
0.0,0.0,0.0,0.0,98.18,1.82,50000.0
0.0,0.0,0.0,0.0,98.18,1.82,50000.0
0.0,0.0,0.0,0.0,98.18,1.82,50000.0
0.0,0.0,0.0,0.0,98.18,1.82,50000.0
0.0,0.0,0.0,0.0,98.18,1.82,50000.0
0.0,0.0,0.0,0.0,98.18,1.82,50000.0
0.0,0.0,0.0,0.0,98.18,1.82,50000.0
0.0,0.0,0.0,0.0,98.18,1.82,50000.0
0.0,0.0,0.0,0.0,98.18,1.82,50000.0
0.0,0.0,0.0,0.0,98.18,1.82,50000.0
0.0,0.0,0.0,0.0,98.18,1.82,50000.0
0.0,0.0,0.0,0.0,98.18,1.82,50000.0
0.0,0.0,0.0,0.0,98.18,1.82,50000.0
0.0,0.0,0.0,0.0,98.18,1.82,50000.0
0.0,0.0,0.0,0.0,98.18,1.82,50000.0
0.0,0.0,0.0,0.0,98.18,1.82,50000.0
0.0,0.0,0.0,0.0,98.18,1.82,50000.0
0.0,0.0,0.0,0.0,98.18,1.82,50000.0
0.0,0.0,0.0,0.0,98.18,1.82,50000.0
0.0,0.0,0.0,0.0,98.18,1.82,50000.0
0.0,0.0,0.0,0.0,98.18,1.82,50000.0
0.0,0.0,0.0,0.0,98.18,1.82,50000.0
0.0,0.0,0.0,0.0,98.18,1.82,50000.0
0.0,0.0,0.0,0.0,98.18,1.82,50000.0
0.0,0.0,0.0,0.0,98.18,1.82,50000.0
0.0,0.0,0.0,0.0,98.18,1.82,50000.0
0.0,0.0,0.0,0.0,98.18,1.82,50000.0
0.0,0.0,0.0,0.0,98.18,1.82,50000.0
0.0,0.0,0.0,0.0,98.18,1.82,50000.0
0.0,0.0,0.0,0.0,98.18,1.82,50000.0
0.0,0.0,0.0,0.0,98.18,1.82,50000.0
0.0,0.0,0.0,0.0,98.18,1.82,50000.0
0.0,0.0,0.0,0.0,98.18,1.82,50000.0
0.0,0.0,0.0,0.0,98.18,1.82,50000.0
0.0,0.0,0.0,0.0,98.18,1.82,50000.0
0.0,0.0,0.0,0.0,98.18,1.82,50000.0
0.0,0.0,0.0,0.0,98.18,1.82,50000.0
0.0,0.0,0.0,0.0,98.18,1.82,50000.0
0.0,0.0,0.0,0.0,98.18,1.82,50000.0
0.0,0.0,0.0,0.0,98.18,1.82,50000.0
0.0,0.0,0.0,0.0,98.18,1.82,50000.0
0.0,0.0,0.0,0.0,98.18,1.82,50000.0
0.0,0.0,0.0,0.0,98.18,1.82,50000.0
0.0,0.0,0.0,0.0,98.18,1.82,50000.0
0.0,0.0,0.0,0.0,98.18,1.82,50000.0
0.0,0.0,0.0,0.0,98.18,1.82,50000.0
0.0,0.0,0.0,0.0,98.18,1.82,50000.0
0.0,0.0,0.0,0.0,98.18,1.82,50000.0
0.0,0.0,0.0,0.0,98.18,1.82,50000.0
0.0,0.0,0.0,0.0,98.18,1.82,50000.0
0.0,0.0,0.0,0.0,98.18,1.82,50000.0
0.0,0.0,0.0,0.0,98.18,1.82,50000.0