incubando,i_mild,i_grave,susceptibles,recuperados,muertos,infectados_totales
1.01,0.0,0.0,98.99,0.0,0.0,503.0
2.53,0.0,0.0,97.47,0.0,0.0,1267.0
5.14,0.0,0.0,94.86,0.0,0.0,2570.67
9.16,0.0,0.0,90.84,0.0,0.0,4581.0
15.41,0.0,0.0,84.59,0.0,0.0,7705.33
24.36,0.0,0.0,75.64,0.0,0.0,12182.0
36.54,0.0,0.0,63.46,0.0,0.0,18268.33
50.61,0.7,0.3,48.39,0.0,0.0,25806.67
64.84,1.78,0.75,32.62,0.0,0.0,33689.0
76.04,3.64,1.5,18.82,0.0,0.01,40588.33
81.62,6.48,2.67,9.22,0.0,0.01,45391.33
80.72,10.87,4.52,3.87,0.0,0.02,48064.33
74.17,17.23,7.09,1.46,0.0,0.04,49267.67
62.93,25.89,10.59,0.53,0.0,0.06,49732.67
48.2,36.55,14.97,0.19,0.0,0.1,49904.33
32.55,47.73,19.51,0.07,0.0,0.14,49964.67
18.79,57.5,23.48,0.03,0.0,0.2,49985.0
9.2,63.61,26.2,0.02,0.7,0.26,49992.33
3.86,66.32,27.68,0.01,1.78,0.34,49996.33
1.46,66.16,28.33,0.0,3.64,0.41,49997.67
0.53,63.97,28.51,0.0,6.48,0.5,49998.0
0.19,59.82,28.52,0.0,10.87,0.6,49998.67
0.07,53.55,28.44,0.0,17.23,0.71,49999.33
0.03,44.92,28.36,0.0,25.89,0.8,49999.67
0.02,34.27,28.28,0.0,36.55,0.89,50000.0
0.01,23.09,28.18,0.0,47.73,0.99,50000.0
0.0,13.33,28.08,0.0,57.5,1.09,50000.0
0.0,6.51,28.01,0.0,64.32,1.16,50000.0
0.0,2.73,27.65,0.0,68.39,1.24,50000.0
0.0,1.03,27.13,0.0,70.51,1.33,50000.0
0.0,0.37,26.35,0.0,71.87,1.4,50000.0
0.0,0.14,25.17,0.0,73.21,1.48,50000.0
0.0,0.05,23.35,0.0,75.05,1.55,50000.0
0.0,0.02,20.84,0.0,77.52,1.62,50000.0
0.0,0.01,17.5,0.0,80.81,1.68,50000.0
0.0,0.0,13.32,0.0,84.94,1.74,50000.0
0.0,0.0,8.98,0.0,89.24,1.77,50000.0
0.0,0.0,5.16,0.0,93.03,1.8,50000.0
0.0,0.0,2.53,0.0,95.65,1.82,50000.0
0.0,0.0,1.07,0.0,97.11,1.82,50000.0
0.0,0.0,0.4,0.0,97.77,1.82,50000.0
0.0,0.0,0.15,0.0,98.02,1.82,50000.0
0.0,0.0,0.05,0.0,98.12,1.82,50000.0
0.0,0.0,0.02,0.0,98.15,1.83,50000.0
0.0,0.0,0.01,0.0,98.16,1.83,50000.0
0.0,0.0,0.01,0.0,98.17,1.83,50000.0
0.0,0.0,0.0,0.0,98.17,1.83,50000.0
0.0,0.0,0.0,0.0,98.17,1.83,50000.0
0.0,0.0,0.0,0.0,98.17,1.83,50000.0
0.0,0.0,0.0,0.0,98.17,1.83,50000.0
0.0,0.0,0.0,0.0,98.17,1.83,50000.0
0.0,0.0,0.0,0.0,98.17,1.83,50000.0
0.0,0.0,0.0,0.0,98.17,1.83,50000.0
0.0,0.0,0.0,0.0,98.17,1.83,50000.0
0.0,0.0,0.0,0.0,98.17,1.83,50000.0
0.0,0.0,0.0,0.0,98.17,1.83,50000.0
0.0,0.0,0.0,0.0,98.17,1.83,50000.0
0.0,0.0,0.0,0.0,98.17,1.83,50000.0
0.0,0.0,0.0,0.0,98.17,1.83,50000.0
0.0,0.0,0.0,0.0,98.17,1.83,50000.0
0.0,0.0,0.0,0.0,98.17,1.83,50000.0
0.0,0.0,0.0,0.0,98.17,1.83,50000.0
0.0,0.0,0.0,0.0,98.17,1.83,50000.0
0.0,0.0,0.0,0.0,98.17,1.83,50000.0
0.0,0.0,0.0,0.0,98.17,1.83,50000.0
0.0,0.0,0.0,0.0,98.17,1.83,50000.0
0.0,0.0,0.0,0.0,98.17,1.83,50000.0
0.0,0.0,0.0,0.0,98.17,1.83,50000.0
0.0,0.0,0.0,0.0,98.17,1.83,50000.0
0.0,0.0,0.0,0.0,98.17,1.83,50000.0
0.0,0.0,0.0,0.0,98.17,1.83,50000.0
0.0,0.0,0.0,0.0,98.17,1.83,50000.0
0.0,0.0,0.0,0.0,98.17,1.83,50000.0
0.0,0.0,0.0,0.0,98.17,1.83,50000.0
0.0,0.0,0.0,0.0,98.17,1.83,50000.0
0.0,0.0,0.0,0.0,98.17,1.83,50000.0
0.0,0.0,0.0,0.0,98.17,1.83,50000.0
0.0,0.0,0.0,0.0,98.17,1.83,50000.0
0.0,0.0,0.0,0.0,98.17,1.83,50000.0
0.0,0.0,0.0,0.0,98.17,1.83,50000.0
0.0,0.0,0.0,0.0,98.17,1.83,50000.0
0.0,0.0,0.0,0.0,98.17,1.83,50000.0
0.0,0.0,0.0,0.0,98.17,1.83,50000.0
0.0,0.0,0.0,0.0,98.17,1.83,50000.0
0.0,0.0,0.0,0.0,98.17,1.83,50000.0
0.0,0.0,0.0,0.0,98.17,1.83,50000.0
0.0,0.0,0.0,0.0,98.17,1.83,50000.0
0.0,0.0,0.0,0.0,98.17,1.83,50000.0
0.0,0.0,0.0,0.0,98.17,1.83,50000.0
0.0,0.0,0.0,0.0,98.17,1.83,50000.0
0.0,0.0,0.0,0.0,98.17,1.83,50000.0
0.0,0.0,0.0,0.0,98.17,1.83,50000.0
0.0,0.0,0.0,0.0,98.17,1.83,50000.0
0.0,0.0,0.0,0.0,98.17,1.83,50000.0
0.0,0.0,0.0,0.0,98.17,1.83,50000.0
0.0,0.0,0.0,0.0,98.17,1.83,50000.0
0.0,0.0,0.0,0.0,98.17,1.83,50000.0
0.0,0.0,0.0,0.0,98.17,1.83,50000.0
0.0,0.0,0.0,0.0,98.17,1.83,50000.0
0.0,0.0,0.0,0.0,98.17,1.83,50000.0
0.0,0.0,0.0,0.0,98.17,1.83,50000.0
0.0,0.0,0.0,0.0,98.17,1.83,50000.0
0.0,0.0,0.0,0.0,98.17,1.83,50000.0
0.0,0.0,0.0,0.0,98.17,1.83,50000.0
0.0,0.0,0.0,0.0,98.17,1.83,50000.0
0.0,0.0,0.0,0.0,98.17,1.83,50000.0
0.0,0.0,0.0,0.0,98.17,1.83,50000.0
0.0,0.0,0.0,0.0,98.17,1.83,50000.0
0.0,0.0,0.0,0.0,98.17,1.83,50000.0
0.0,0.0,0.0,0.0,98.17,1.83,50000.0
0.0,0.0,0.0,0.0,98.17,1.83,50000.0
0.0,0.0,0.0,0.0,98.17,1.83,50000.0
0.0,0.0,0.0,0.0,98.17,1.83,50000.0
0.0,0.0,0.0,0.0,98.17,1.83,50000.0
0.0,0.0,0.0,0.0,98.17,1.83,50000.0
0.0,0.0,0.0,0.0,98.17,1.83,50000.0
0.0,0.0,0.0,0.0,98.17,1.83,50000.0
0.0,0.0,0.0,0.0,98.17,1.83,50000.0
0.0,0.0,0.0,0.0,98.17,1.83,50000.0
0.0,0.0,0.0,0.0,98.17,1.83,50000.0
0.0,0.0,0.0,0.0,98.17,1.83,50000.0
0.0,0.0,0.0,0.0,98.17,1.83,50000.0
0.0,0.0,0.0,0.0,98.17,1.83,50000.0
0.0,0.0,0.0,0.0,98.17,1.83,50000.0
0.0,0.0,0.0,0.0,98.17,1.83,50000.0
0.0,0.0,0.0,0.0,98.17,1.83,50000.0
0.0,0.0,0.0,0.0,98.17,1.83,50000.0
0.0,0.0,0.0,0.0,98.17,1.83,50000.0
0.0,0.0,0.0,0.0,98.17,1.83,50000.0
0.0,0.0,0.0,0.0,98.17,1.83,50000.0
0.0,0.0,0.0,0.0,98.17,1.83,50000.0
0.0,0.0,0.0,0.0,98.17,1.83,50000.0
0.0,0.0,0.0,0.0,98.17,1.83,50000.0
0.0,0.0,0.0,0.0,98.17,1.83,50000.0
0.0,0.0,0.0,0.0,98.17,1.83,50000.0
0.0,0.0,0.0,0.0,98.17,1.83,50000.0
0.0,0.0,0.0,0.0,98.17,1.83,50000.0
0.0,0.0,0.0,0.0,98.17,1.83,50000.0
0.0,0.0,0.0,0.0,98.17,1.83,50000.0
0.0,0.0,0.0,0.0,98.17,1.83,50000.0
0.0,0.0,0.0,0.0,98.17,1.83,50000.0
0.0,0.0,0.0,0.0,98.17,1.83,50000.0
0.0,0.0,0.0,0.0,98.17,1.83,50000.0
0.0,0.0,0.0,0.0,98.17,1.83,50000.0
0.0,0.0,0.0,0.0,98.17,1.83,50000.0
0.0,0.0,0.0,0.0,98.17,1.83,50000.0
0.0,0.0,0.0,0.0,98.17,1.83,50000.0
0.0,0.0,0.0,0.0,98.17,1.83,50000.0
0.0,0.0,0.0,0.0,98.17,1.83,50000.0
0.0,0.0,0.0,0.0,98.17,1.83,50000.0
0.0,0.0,0.0,0.0,98.17,1.83,50000.0
0.0,0.0,0.0,0.0,98.17,1.83,50000.0
0.0,0.0,0.0,0.0,98.17,1.83,50000.0
0.0,0.0,0.0,0.0,98.17,1.83,50000.0
0.0,0.0,0.0,0.0,98.17,1.83,50000.0
0.0,0.0,0.0,0.0,98.17,1.83,50000.0
0.0,0.0,0.0,0.0,98.17,1.83,50000.0
0.0,0.0,0.0,0.0,98.17,1.83,50000.0
0.0,0.0,0.0,0.0,98.17,1.83,50000.0
0.0,0.0,0.0,0.0,98.17,1.83,50000.0
0.0,0.0,0.0,0.0,98.17,1.83,50000.0
0.0,0.0,0.0,0.0,98.17,1.83,50000.0
0.0,0.0,0.0,0.0,98.17,1.83,50000.0
0.0,0.0,0.0,0.0,98.17,1.83,50000.0
0.0,0.0,0.0,0.0,98.17,1.83,50000.0
0.0,0.0,0.0,0.0,98.17,1.83,50000.0
0.0,0.0,0.0,0.0,98.17,1.83,50000.0
0.0,0.0,0.0,0.0,98.17,1.83,50000.0
0.0,0.0,0.0,0.0,98.17,1.83,50000.0
0.0,0.0,0.0,0.0,98.17,1.83,50000.0
0.0,0.0,0.0,0.0,98.17,1.83,50000.0
0.0,0.0,0.0,0.0,98.17,1.83,50000.0
0.0,0.0,0.0,0.0,98.17,1.83,50000.0
0.0,0.0,0.0,0.0,98.17,1.83,50000.0
0.0,0.0,0.0,0.0,98.17,1.83,50000.0
0.0,0.0,0.0,0.0,98.17,1.83,50000.0
0.0,0.0,0.0,0.0,98.17,1.83,50000.0
0.0,0.0,0.0,0.0,98.17,1.83,50000.0
0.0,0.0,0.0,0.0,98.17,1.83,50000.0
0.0,0.0,0.0,0.0,98.17,1.83,50000.0
0.0,0.0,0.0,0.0,98.17,1.83,50000.0
0.0,0.0,0.0,0.0,98.17,1.83,50000.0
0.0,0.0,0.0,0.0,98.17,1.83,50000.0
0.0,0.0,0.0,0.0,98.17,1.83,50000.0
0.0,0.0,0.0,0.0,98.17,1.83,50000.0
0.0,0.0,0.0,0.0,98.17,1.83,50000.0
0.0,0.0,0.0,0.0,98.17,1.83,50000.0
0.0,0.0,0.0,0.0,98.17,1.83,50000.0
0.0,0.0,0.0,0.0,98.17,1.83,50000.0
0.0,0.0,0.0,0.0,98.17,1.83,50000.0
0.0,0.0,0.0,0.0,98.17,1.83,50000.0
0.0,0.0,0.0,0.0,98.17,1.83,50000.0
0.0,0.0,0.0,0.0,98.17,1.83,50000.0
0.0,0.0,0.0,0.0,98.17,1.83,50000.0
0.0,0.0,0.0,0.0,98.17,1.83,50000.0
0.0,0.0,0.0,0.0,98.17,1.83,50000.0
0.0,0.0,0.0,0.0,98.17,1.83,50000.0
0.0,0.0,0.0,0.0,98.17,1.83,50000.0
0.0,0.0,0.0,0.0,98.17,1.83,50000.0
0.0,0.0,0.0,0.0,98.17,1.83,50000.0
0.0,0.0,0.0,0.0,98.17,1.83,50000.0
0.0,0.0,0.0,0.0,98.17,1.83,50000.0
0.0,0.0,0.0,0.0,98.17,1.83,50000.0
0.0,0.0,0.0,0.0,98.17,1.83,50000.0
0.0,0.0,0.0,0.0,98.17,1.83,50000.0
0.0,0.0,0.0,0.0,98.17,1.83,50000.0
0.0,0.0,0.0,0.0,98.17,1.83,50000.0
0.0,0.0,0.0,0.0,98.17,1.83,50000.0
0.0,0.0,0.0,0.0,98.17,1.83,50000.0
0.0,0.0,0.0,0.0,98.17,1.83,50000.0
0.0,0.0,0.0,0.0,98.17,1.83,50000.0
0.0,0.0,0.0,0.0,98.17,1.83,50000.0
0.0,0.0,0.0,0.0,98.17,1.83,50000.0
0.0,0.0,0.0,0.0,98.17,1.83,50000.0
0.0,0.0,0.0,0.0,98.17,1.83,50000.0
0.0,0.0,0.0,0.0,98.17,1.83,50000.0
0.0,0.0,0.0,0.0,98.17,1.83,50000.0
0.0,0.0,0.0,0.0,98.17,1.83,50000.0
0.0,0.0,0.0,0.0,98.17,1.83,50000.0
0.0,0.0,0.0,0.0,98.17,1.83,50000.0
0.0,0.0,0.0,0.0,98.17,1.83,50000.0
0.0,0.0,0.0,0.0,98.17,1.83,50000.0
0.0,0.0,0.0,0.0,98.17,1.83,50000.0
0.0,0.0,0.0,0.0,98.17,1.83,50000.0
0.0,0.0,0.0,0.0,98.17,1.83,50000.0
0.0,0.0,0.0,0.0,98.17,1.83,50000.0
0.0,0.0,0.0,0.0,98.17,1.83,50000.0
0.0,0.0,0.0,0.0,98.17,1.83,50000.0
0.0,0.0,0.0,0.0,98.17,1.83,50000.0
0.0,0.0,0.0,0.0,98.17,1.83,50000.0
0.0,0.0,0.0,0.0,98.17,1.83,50000.0
0.0,0.0,0.0,0.0,98.17,1.83,50000.0
0.0,0.0,0.0,0.0,98.17,1.83,50000.0
0.0,0.0,0.0,0.0,98.17,1.83,50000.0
0.0,0.0,0.0,0.0,98.17,1.83,50000.0
0.0,0.0,0.0,0.0,98.17,1.83,50000.0
0.0,0.0,0.0,0.0,98.17,1.83,50000.0
0.0,0.0,0.0,0.0,98.17,1.83,50000.0
0.0,0.0,0.0,0.0,98.17,1.83,50000.0
0.0,0.0,0.0,0.0,98.17,1.83,50000.0
0.0,0.0,0.0,0.0,98.17,1.83,50000.0
0.0,0.0,0.0,0.0,98.17,1.83,50000.0
0.0,0.0,0.0,0.0,98.17,1.83,50000.0
0.0,0.0,0.0,0.0,98.17,1.83,50000.0
0.0,0.0,0.0,0.0,98.17,1.83,50000.0
0.0,0.0,0.0,0.0,98.17,1.83,50000.0
0.0,0.0,0.0,0.0,98.17,1.83,50000.0
0.0,0.0,0.0,0.0,98.17,1.83,50000.0
0.0,0.0,0.0,0.0,98.17,1.83,50000.0
0.0,0.0,0.0,0.0,98.17,1.83,50000.0
0.0,0.0,0.0,0.0,98.17,1.83,50000.0
0.0,0.0,0.0,0.0,98.17,1.83,50000.0
0.0,0.0,0.0,0.0,98.17,1.83,50000.0
0.0,0.0,0.0,0.0,98.17,1.83,50000.0
0.0,0.0,0.0,0.0,98.17,1.83,50000.0
0.0,0.0,0.0,0.0,98.17,1.83,50000.0
0.0,0.0,0.0,0.0,98.17,1.83,50000.0
0.0,0.0,0.0,0.0,98.17,1.83,50000.0
0.0,0.0,0.0,0.0,98.17,1.83,50000.0
0.0,0.0,0.0,0.0,98.17,1.83,50000.0
0.0,0.0,0.0,0.0,98.17,1.83,50000.0
0.0,0.0,0.0,0.0,98.17,1.83,50000.0
0.0,0.0,0.0,0.0,98.17,1.83,50000.0
0.0,0.0,0.0,0.0,98.17,1.83,50000.0
0.0,0.0,0.0,0.0,98.17,1.83,50000.0
0.0,0.0,0.0,0.0,98.17,1.83,50000.0
0.0,0.0,0.0,0.0,98.17,1.83,50000.0
0.0,0.0,0.0,0.0,98.17,1.83,50000.0
0.0,0.0,0.0,0.0,98.17,1.83,50000.0
0.0,0.0,0.0,0.0,98.17,1.83,50000.0
0.0,0.0,0.0,0.0,98.17,1.83,50000.0
0.0,0.0,0.0,0.0,98.17,1.83,50000.0
0.0,0.0,0.0,0.0,98.17,1.83,50000.0
0.0,0.0,0.0,0.0,98.17,1.83,50000.0
0.0,0.0,0.0,0.0,98.17,1.83,50000.0
0.0,0.0,0.0,0.0,98.17,1.83,50000.0
0.0,0.0,0.0,0.0,98.17,1.83,50000.0
0.0,0.0,0.0,0.0,98.17,1.83,50000.0
0.0,0.0,0.0,0.0,98.17,1.83,50000.0
0.0,0.0,0.0,0.0,98.17,1.83,50000.0
0.0,0.0,0.0,0.0,98.17,1.83,50000.0
0.0,0.0,0.0,0.0,98.17,1.83,50000.0
0.0,0.0,0.0,0.0,98.17,1.83,50000.0
0.0,0.0,0.0,0.0,98.17,1.83,50000.0
0.0,0.0,0.0,0.0,98.17,1.83,50000.0
0.0,0.0,0.0,0.0,98.17,1.83,50000.0
0.0,0.0,0.0,0.0,98.17,1.83,50000.0
0.0,0.0,0.0,0.0,98.17,1.83,50000.0
0.0,0.0,0.0,0.0,98.17,1.83,50000.0
0.0,0.0,0.0,0.0,98.17,1.83,50000.0
0.0,0.0,0.0,0.0,98.17,1.83,50000.0
0.0,0.0,0.0,0.0,98.17,1.83,50000.0
0.0,0.0,0.0,0.0,98.17,1.83,50000.0
0.0,0.0,0.0,0.0,98.17,1.83,50000.0
0.0,0.0,0.0,0.0,98.17,1.83,50000.0
0.0,0.0,0.0,0.0,98.17,1.83,50000.0
0.0,0.0,0.0,0.0,98.17,1.83,50000.0
0.0,0.0,0.0,0.0,98.17,1.83,50000.0
0.0,0.0,0.0,0.0,98.17,1.83,50000.0
0.0,0.0,0.0,0.0,98.17,1.83,50000.0
0.0,0.0,0.0,0.0,98.17,1.83,50000.0
0.0,0.0,0.0,0.0,98.17,1.83,50000.0
0.0,0.0,0.0,0.0,98.17,1.83,50000.0
0.0,0.0,0.0,0.0,98.17,1.83,50000.0
0.0,0.0,0.0,0.0,98.17,1.83,50000.0
0.0,0.0,0.0,0.0,98.17,1.83,50000.0
0.0,0.0,0.0,0.0,98.17,1.83,50000.0
0.0,0.0,0.0,0.0,98.17,1.83,50000.0
0.0,0.0,0.0,0.0,98.17,1.83,50000.0
0.0,0.0,0.0,0.0,98.17,1.83,50000.0
0.0,0.0,0.0,0.0,98.17,1.83,50000.0
0.0,0.0,0.0,0.0,98.17,1.83,50000.0
0.0,0.0,0.0,0.0,98.17,1.83,50000.0
0.0,0.0,0.0,0.0,98.17,1.83,50000.0
0.0,0.0,0.0,0.0,98.17,1.83,50000.0
0.0,0.0,0.0,0.0,98.17,1.83,50000.0
0.0,0.0,0.0,0.0,98.17,1.83,50000.0
0.0,0.0,0.0,0.0,98.17,1.83,50000.0
0.0,0.0,0.0,0.0,98.17,1.83,50000.0
0.0,0.0,0.0,0.0,98.17,1.83,50000.0
0.0,0.0,0.0,0.0,98.17,1.83,50000.0
0.0,0.0,0.0,0.0,98.17,1.83,50000.0
0.0,0.0,0.0,0.0,98.17,1.83,50000.0
0.0,0.0,0.0,0.0,98.17,1.83,50000.0
0.0,0.0,0.0,0.0,98.17,1.83,50000.0
0.0,0.0,0.0,0.0,98.17,1.83,50000.0
0.0,0.0,0.0,0.0,98.17,1.83,50000.0
0.0,0.0,0.0,0.0,98.17,1.83,50000.0
0.0,0.0,0.0,0.0,98.17,1.83,50000.0
0.0,0.0,0.0,0.0,98.17,1.83,50000.0
0.0,0.0,0.0,0.0,98.17,1.83,50000.0
0.0,0.0,0.0,0.0,98.17,1.83,50000.0
0.0,0.0,0.0,0.0,98.17,1.83,50000.0
0.0,0.0,0.0,0.0,98.17,1.83,50000.0
0.0,0.0,0.0,0.0,98.17,1.83,50000.0
0.0,0.0,0.0,0.0,98.17,1.83,50000.0
0.0,0.0,0.0,0.0,98.17,1.83,50000.0
0.0,0.0,0.0,0.0,98.17,1.83,50000.0
0.0,0.0,0.0,0.0,98.17,1.83,50000.0
0.0,0.0,0.0,0.0,98.17,1.83,50000.0
0.0,0.0,0.0,0.0,98.17,1.83,50000.0
0.0,0.0,0.0,0.0,98.17,1.83,50000.0
0.0,0.0,0.0,0.0,98.17,1.83,50000.0
0.0,0.0,0.0,0.0,98.17,1.83,50000.0
0.0,0.0,0.0,0.0,98.17,1.83,50000.0
0.0,0.0,0.0,0.0,98.17,1.83,50000.0
0.0,0.0,0.0,0.0,98.17,1.83,50000.0
0.0,0.0,0.0,0.0,98.17,1.83,50000.0
0.0,0.0,0.0,0.0,98.17,1.83,50000.0
0.0,0.0,0.0,0.0,98.17,1.83,50000.0
0.0,0.0,0.0,0.0,98.17,1.83,50000.0
0.0,0.0,0.0,0.0,98.17,1.83,50000.0
0.0,0.0,0.0,0.0,98.17,1.83,50000.0
0.0,0.0,0.0,0.0,98.17,1.83,50000.0
0.0,0.0,0.0,0.0,98.17,1.83,50000.0
0.0,0.0,0.0,0.0,98.17,1.83,50000.0
0.0,0.0,0.0,0.0,98.17,1.83,50000.0
0.0,0.0,0.0,0.0,98.17,1.83,50000.0
0.0,0.0,0.0,0.0,98.17,1.83,50000.0
0.0,0.0,0.0,0.0,98.17,1.83,50000.0
0.0,0.0,0.0,0.0,98.17,1.83,50000.0
0.0,0.0,0.0,0.0,98.17,1.83,50000.0
0.0,0.0,0.0,0.0,98.17,1.83,50000.0
0.0,0.0,0.0,0.0,98.17,1.83,50000.0
0.0,0.0,0.0,0.0,98.17,1.83,50000.0