incubando,i_mild,i_grave,susceptibles,recuperados,muertos,infectados_totales
0.98,0.0,0.0,99.02,0.0,0.0,488.0
2.46,0.0,0.0,97.54,0.0,0.0,1228.33
4.98,0.0,0.0,95.02,0.0,0.0,2491.33
9.07,0.0,0.0,90.93,0.0,0.0,4533.67
15.75,0.0,0.0,84.25,0.0,0.0,7875.0
25.94,0.0,0.0,74.06,0.0,0.0,12972.0
40.12,0.0,0.0,59.88,0.0,0.0,20060.33
56.75,0.69,0.28,42.27,0.0,0.0,28863.33
72.7,1.73,0.72,24.85,0.0,0.0,37576.67
83.5,3.52,1.46,11.52,0.0,0.0,44241.0
86.83,6.41,2.65,4.11,0.0,0.01,47947.33
83.07,11.12,4.61,1.18,0.0,0.02,49407.67
73.76,18.33,7.58,0.3,0.0,0.03,49850.0
59.79,28.38,11.69,0.09,0.0,0.05,49957.33
42.25,40.89,16.74,0.03,0.0,0.1,49987.0
24.84,53.19,21.82,0.01,0.0,0.15,49995.67
11.51,62.67,25.59,0.0,0.0,0.21,49998.33
4.1,67.24,27.67,0.0,0.69,0.29,49999.33
1.18,68.25,28.46,0.0,1.73,0.38,50000.0
0.3,67.09,28.62,0.0,3.52,0.47,50000.0
0.09,64.34,28.6,0.0,6.41,0.56,50000.0
0.03,59.67,28.53,0.0,11.12,0.65,50000.0
0.01,52.47,28.43,0.0,18.33,0.76,50000.0
0.0,42.43,28.36,0.0,28.38,0.83,50000.0
0.0,29.92,28.27,0.0,40.89,0.92,50000.0
0.0,17.62,28.17,0.0,53.19,1.02,50000.0
0.0,8.14,28.09,0.0,62.67,1.1,50000.0
0.0,2.88,28.0,0.0,67.93,1.19,50000.0
0.0,0.83,27.64,0.0,70.25,1.28,50000.0
0.0,0.2,27.15,0.0,71.28,1.37,50000.0
0.0,0.06,26.38,0.0,72.12,1.45,50000.0
0.0,0.02,25.2,0.0,73.28,1.51,50000.0
0.0,0.01,23.26,0.0,75.15,1.58,50000.0
0.0,0.0,20.41,0.0,77.94,1.64,50000.0
0.0,0.0,16.48,0.0,81.82,1.7,50000.0
0.0,0.0,11.64,0.0,86.6,1.76,50000.0
0.0,0.0,6.78,0.0,91.43,1.79,50000.0
0.0,0.0,3.17,0.0,95.02,1.81,50000.0
0.0,0.0,1.14,0.0,97.04,1.82,50000.0
0.0,0.0,0.33,0.0,97.84,1.83,50000.0
0.0,0.0,0.09,0.0,98.08,1.83,50000.0
0.0,0.0,0.03,0.0,98.15,1.83,50000.0
0.0,0.0,0.01,0.0,98.16,1.83,50000.0
0.0,0.0,0.0,0.0,98.17,1.83,50000.0
0.0,0.0,0.0,0.0,98.17,1.83,50000.0
0.0,0.0,0.0,0.0,98.17,1.83,50000.0
0.0,0.0,0.0,0.0,98.17,1.83,50000.0
0.0,0.0,0.0,0.0,98.17,1.83,50000.0
0.0,0.0,0.0,0.0,98.17,1.83,50000.0
0.0,0.0,0.0,0.0,98.17,1.83,50000.0
0.0,0.0,0.0,0.0,98.17,1.83,50000.0
0.0,0.0,0.0,0.0,98.17,1.83,50000.0
0.0,0.0,0.0,0.0,98.17,1.83,50000.0
0.0,0.0,0.0,0.0,98.17,1.83,50000.0
0.0,0.0,0.0,0.0,98.17,1.83,50000.0
0.0,0.0,0.0,0.0,98.17,1.83,50000.0
0.0,0.0,0.0,0.0,98.17,1.83,50000.0
0.0,0.0,0.0,0.0,98.17,1.83,50000.0
0.0,0.0,0.0,0.0,98.17,1.83,50000.0
0.0,0.0,0.0,0.0,98.17,1.83,50000.0
0.0,0.0,0.0,0.0,98.17,1.83,50000.0
0.0,0.0,0.0,0.0,98.17,1.83,50000.0
0.0,0.0,0.0,0.0,98.17,1.83,50000.0
0.0,0.0,0.0,0.0,98.17,1.83,50000.0
0.0,0.0,0.0,0.0,98.17,1.83,50000.0
0.0,0.0,0.0,0.0,98.17,1.83,50000.0
0.0,0.0,0.0,0.0,98.17,1.83,50000.0
0.0,0.0,0.0,0.0,98.17,1.83,50000.0
0.0,0.0,0.0,0.0,98.17,1.83,50000.0
0.0,0.0,0.0,0.0,98.17,1.83,50000.0
0.0,0.0,0.0,0.0,98.17,1.83,50000.0
0.0,0.0,0.0,0.0,98.17,1.83,50000.0
0.0,0.0,0.0,0.0,98.17,1.83,50000.0
0.0,0.0,0.0,0.0,98.17,1.83,50000.0
0.0,0.0,0.0,0.0,98.17,1.83,50000.0
0.0,0.0,0.0,0.0,98.17,1.83,50000.0
0.0,0.0,0.0,0.0,98.17,1.83,50000.0
0.0,0.0,0.0,0.0,98.17,1.83,50000.0
0.0,0.0,0.0,0.0,98.17,1.83,50000.0
0.0,0.0,0.0,0.0,98.17,1.83,50000.0
0.0,0.0,0.0,0.0,98.17,1.83,50000.0
0.0,0.0,0.0,0.0,98.17,1.83,50000.0
0.0,0.0,0.0,0.0,98.17,1.83,50000.0
0.0,0.0,0.0,0.0,98.17,1.83,50000.0
0.0,0.0,0.0,0.0,98.17,1.83,50000.0
0.0,0.0,0.0,0.0,98.17,1.83,50000.0
0.0,0.0,0.0,0.0,98.17,1.83,50000.0
0.0,0.0,0.0,0.0,98.17,1.83,50000.0
0.0,0.0,0.0,0.0,98.17,1.83,50000.0
0.0,0.0,0.0,0.0,98.17,1.83,50000.0
0.0,0.0,0.0,0.0,98.17,1.83,50000.0
0.0,0.0,0.0,0.0,98.17,1.83,50000.0
0.0,0.0,0.0,0.0,98.17,1.83,50000.0
0.0,0.0,0.0,0.0,98.17,1.83,50000.0
0.0,0.0,0.0,0.0,98.17,1.83,50000.0
0.0,0.0,0.0,0.0,98.17,1.83,50000.0
0.0,0.0,0.0,0.0,98.17,1.83,50000.0
0.0,0.0,0.0,0.0,98.17,1.83,50000.0
0.0,0.0,0.0,0.0,98.17,1.83,50000.0
0.0,0.0,0.0,0.0,98.17,1.83,50000.0
0.0,0.0,0.0,0.0,98.17,1.83,50000.0
0.0,0.0,0.0,0.0,98.17,1.83,50000.0
0.0,0.0,0.0,0.0,98.17,1.83,50000.0
0.0,0.0,0.0,0.0,98.17,1.83,50000.0
0.0,0.0,0.0,0.0,98.17,1.83,50000.0
0.0,0.0,0.0,0.0,98.17,1.83,50000.0
0.0,0.0,0.0,0.0,98.17,1.83,50000.0
0.0,0.0,0.0,0.0,98.17,1.83,50000.0
0.0,0.0,0.0,0.0,98.17,1.83,50000.0
0.0,0.0,0.0,0.0,98.17,1.83,50000.0
0.0,0.0,0.0,0.0,98.17,1.83,50000.0
0.0,0.0,0.0,0.0,98.17,1.83,50000.0
0.0,0.0,0.0,0.0,98.17,1.83,50000.0
0.0,0.0,0.0,0.0,98.17,1.83,50000.0
0.0,0.0,0.0,0.0,98.17,1.83,50000.0
0.0,0.0,0.0,0.0,98.17,1.83,50000.0
0.0,0.0,0.0,0.0,98.17,1.83,50000.0
0.0,0.0,0.0,0.0,98.17,1.83,50000.0
0.0,0.0,0.0,0.0,98.17,1.83,50000.0
0.0,0.0,0.0,0.0,98.17,1.83,50000.0
0.0,0.0,0.0,0.0,98.17,1.83,50000.0
0.0,0.0,0.0,0.0,98.17,1.83,50000.0
0.0,0.0,0.0,0.0,98.17,1.83,50000.0
0.0,0.0,0.0,0.0,98.17,1.83,50000.0
0.0,0.0,0.0,0.0,98.17,1.83,50000.0
0.0,0.0,0.0,0.0,98.17,1.83,50000.0
0.0,0.0,0.0,0.0,98.17,1.83,50000.0
0.0,0.0,0.0,0.0,98.17,1.83,50000.0
0.0,0.0,0.0,0.0,98.17,1.83,50000.0
0.0,0.0,0.0,0.0,98.17,1.83,50000.0
0.0,0.0,0.0,0.0,98.17,1.83,50000.0
0.0,0.0,0.0,0.0,98.17,1.83,50000.0
0.0,0.0,0.0,0.0,98.17,1.83,50000.0
0.0,0.0,0.0,0.0,98.17,1.83,50000.0
0.0,0.0,0.0,0.0,98.17,1.83,50000.0
0.0,0.0,0.0,0.0,98.17,1.83,50000.0
0.0,0.0,0.0,0.0,98.17,1.83,50000.0
0.0,0.0,0.0,0.0,98.17,1.83,50000.0
0.0,0.0,0.0,0.0,98.17,1.83,50000.0
0.0,0.0,0.0,0.0,98.17,1.83,50000.0
0.0,0.0,0.0,0.0,98.17,1.83,50000.0
0.0,0.0,0.0,0.0,98.17,1.83,50000.0
0.0,0.0,0.0,0.0,98.17,1.83,50000.0
0.0,0.0,0.0,0.0,98.17,1.83,50000.0
0.0,0.0,0.0,0.0,98.17,1.83,50000.0
0.0,0.0,0.0,0.0,98.17,1.83,50000.0
0.0,0.0,0.0,0.0,98.17,1.83,50000.0
0.0,0.0,0.0,0.0,98.17,1.83,50000.0
0.0,0.0,0.0,0.0,98.17,1.83,50000.0
0.0,0.0,0.0,0.0,98.17,1.83,50000.0
0.0,0.0,0.0,0.0,98.17,1.83,50000.0
0.0,0.0,0.0,0.0,98.17,1.83,50000.0
0.0,0.0,0.0,0.0,98.17,1.83,50000.0
0.0,0.0,0.0,0.0,98.17,1.83,50000.0
0.0,0.0,0.0,0.0,98.17,1.83,50000.0
0.0,0.0,0.0,0.0,98.17,1.83,50000.0
0.0,0.0,0.0,0.0,98.17,1.83,50000.0
0.0,0.0,0.0,0.0,98.17,1.83,50000.0
0.0,0.0,0.0,0.0,98.17,1.83,50000.0
0.0,0.0,0.0,0.0,98.17,1.83,50000.0
0.0,0.0,0.0,0.0,98.17,1.83,50000.0
0.0,0.0,0.0,0.0,98.17,1.83,50000.0
0.0,0.0,0.0,0.0,98.17,1.83,50000.0
0.0,0.0,0.0,0.0,98.17,1.83,50000.0
0.0,0.0,0.0,0.0,98.17,1.83,50000.0
0.0,0.0,0.0,0.0,98.17,1.83,50000.0
0.0,0.0,0.0,0.0,98.17,1.83,50000.0
0.0,0.0,0.0,0.0,98.17,1.83,50000.0
0.0,0.0,0.0,0.0,98.17,1.83,50000.0
0.0,0.0,0.0,0.0,98.17,1.83,50000.0
0.0,0.0,0.0,0.0,98.17,1.83,50000.0
0.0,0.0,0.0,0.0,98.17,1.83,50000.0
0.0,0.0,0.0,0.0,98.17,1.83,50000.0
0.0,0.0,0.0,0.0,98.17,1.83,50000.0
0.0,0.0,0.0,0.0,98.17,1.83,50000.0
0.0,0.0,0.0,0.0,98.17,1.83,50000.0
0.0,0.0,0.0,0.0,98.17,1.83,50000.0
0.0,0.0,0.0,0.0,98.17,1.83,50000.0
0.0,0.0,0.0,0.0,98.17,1.83,50000.0
0.0,0.0,0.0,0.0,98.17,1.83,50000.0
0.0,0.0,0.0,0.0,98.17,1.83,50000.0
0.0,0.0,0.0,0.0,98.17,1.83,50000.0
0.0,0.0,0.0,0.0,98.17,1.83,50000.0
0.0,0.0,0.0,0.0,98.17,1.83,50000.0
0.0,0.0,0.0,0.0,98.17,1.83,50000.0
0.0,0.0,0.0,0.0,98.17,1.83,50000.0
0.0,0.0,0.0,0.0,98.17,1.83,50000.0
0.0,0.0,0.0,0.0,98.17,1.83,50000.0
0.0,0.0,0.0,0.0,98.17,1.83,50000.0
0.0,0.0,0.0,0.0,98.17,1.83,50000.0
0.0,0.0,0.0,0.0,98.17,1.83,50000.0
0.0,0.0,0.0,0.0,98.17,1.83,50000.0
0.0,0.0,0.0,0.0,98.17,1.83,50000.0
0.0,0.0,0.0,0.0,98.17,1.83,50000.0
0.0,0.0,0.0,0.0,98.17,1.83,50000.0
0.0,0.0,0.0,0.0,98.17,1.83,50000.0
0.0,0.0,0.0,0.0,98.17,1.83,50000.0
0.0,0.0,0.0,0.0,98.17,1.83,50000.0
0.0,0.0,0.0,0.0,98.17,1.83,50000.0
0.0,0.0,0.0,0.0,98.17,1.83,50000.0
0.0,0.0,0.0,0.0,98.17,1.83,50000.0
0.0,0.0,0.0,0.0,98.17,1.83,50000.0
0.0,0.0,0.0,0.0,98.17,1.83,50000.0
0.0,0.0,0.0,0.0,98.17,1.83,50000.0
0.0,0.0,0.0,0.0,98.17,1.83,50000.0
0.0,0.0,0.0,0.0,98.17,1.83,50000.0
0.0,0.0,0.0,0.0,98.17,1.83,50000.0
0.0,0.0,0.0,0.0,98.17,1.83,50000.0
0.0,0.0,0.0,0.0,98.17,1.83,50000.0
0.0,0.0,0.0,0.0,98.17,1.83,50000.0
0.0,0.0,0.0,0.0,98.17,1.83,50000.0
0.0,0.0,0.0,0.0,98.17,1.83,50000.0
0.0,0.0,0.0,0.0,98.17,1.83,50000.0
0.0,0.0,0.0,0.0,98.17,1.83,50000.0
0.0,0.0,0.0,0.0,98.17,1.83,50000.0
0.0,0.0,0.0,0.0,98.17,1.83,50000.0
0.0,0.0,0.0,0.0,98.17,1.83,50000.0
0.0,0.0,0.0,0.0,98.17,1.83,50000.0
0.0,0.0,0.0,0.0,98.17,1.83,50000.0
0.0,0.0,0.0,0.0,98.17,1.83,50000.0
0.0,0.0,0.0,0.0,98.17,1.83,50000.0
0.0,0.0,0.0,0.0,98.17,1.83,50000.0
0.0,0.0,0.0,0.0,98.17,1.83,50000.0
0.0,0.0,0.0,0.0,98.17,1.83,50000.0
0.0,0.0,0.0,0.0,98.17,1.83,50000.0
0.0,0.0,0.0,0.0,98.17,1.83,50000.0
0.0,0.0,0.0,0.0,98.17,1.83,50000.0
0.0,0.0,0.0,0.0,98.17,1.83,50000.0
0.0,0.0,0.0,0.0,98.17,1.83,50000.0
0.0,0.0,0.0,0.0,98.17,1.83,50000.0
0.0,0.0,0.0,0.0,98.17,1.83,50000.0
0.0,0.0,0.0,0.0,98.17,1.83,50000.0
0.0,0.0,0.0,0.0,98.17,1.83,50000.0
0.0,0.0,0.0,0.0,98.17,1.83,50000.0
0.0,0.0,0.0,0.0,98.17,1.83,50000.0
0.0,0.0,0.0,0.0,98.17,1.83,50000.0
0.0,0.0,0.0,0.0,98.17,1.83,50000.0
0.0,0.0,0.0,0.0,98.17,1.83,50000.0
0.0,0.0,0.0,0.0,98.17,1.83,50000.0
0.0,0.0,0.0,0.0,98.17,1.83,50000.0
0.0,0.0,0.0,0.0,98.17,1.83,50000.0
0.0,0.0,0.0,0.0,98.17,1.83,50000.0
0.0,0.0,0.0,0.0,98.17,1.83,50000.0
0.0,0.0,0.0,0.0,98.17,1.83,50000.0
0.0,0.0,0.0,0.0,98.17,1.83,50000.0
0.0,0.0,0.0,0.0,98.17,1.83,50000.0
0.0,0.0,0.0,0.0,98.17,1.83,50000.0
0.0,0.0,0.0,0.0,98.17,1.83,50000.0
0.0,0.0,0.0,0.0,98.17,1.83,50000.0
0.0,0.0,0.0,0.0,98.17,1.83,50000.0
0.0,0.0,0.0,0.0,98.17,1.83,50000.0
0.0,0.0,0.0,0.0,98.17,1.83,50000.0
0.0,0.0,0.0,0.0,98.17,1.83,50000.0
0.0,0.0,0.0,0.0,98.17,1.83,50000.0
0.0,0.0,0.0,0.0,98.17,1.83,50000.0
0.0,0.0,0.0,0.0,98.17,1.83,50000.0
0.0,0.0,0.0,0.0,98.17,1.83,50000.0
0.0,0.0,0.0,0.0,98.17,1.83,50000.0
0.0,0.0,0.0,0.0,98.17,1.83,50000.0
0.0,0.0,0.0,0.0,98.17,1.83,50000.0
0.0,0.0,0.0,0.0,98.17,1.83,50000.0
0.0,0.0,0.0,0.0,98.17,1.83,50000.0
0.0,0.0,0.0,0.0,98.17,1.83,50000.0
0.0,0.0,0.0,0.0,98.17,1.83,50000.0
0.0,0.0,0.0,0.0,98.17,1.83,50000.0
0.0,0.0,0.0,0.0,98.17,1.83,50000.0
0.0,0.0,0.0,0.0,98.17,1.83,50000.0
0.0,0.0,0.0,0.0,98.17,1.83,50000.0
0.0,0.0,0.0,0.0,98.17,1.83,50000.0
0.0,0.0,0.0,0.0,98.17,1.83,50000.0
0.0,0.0,0.0,0.0,98.17,1.83,50000.0
0.0,0.0,0.0,0.0,98.17,1.83,50000.0
0.0,0.0,0.0,0.0,98.17,1.83,50000.0
0.0,0.0,0.0,0.0,98.17,1.83,50000.0
0.0,0.0,0.0,0.0,98.17,1.83,50000.0
0.0,0.0,0.0,0.0,98.17,1.83,50000.0
0.0,0.0,0.0,0.0,98.17,1.83,50000.0
0.0,0.0,0.0,0.0,98.17,1.83,50000.0
0.0,0.0,0.0,0.0,98.17,1.83,50000.0
0.0,0.0,0.0,0.0,98.17,1.83,50000.0
0.0,0.0,0.0,0.0,98.17,1.83,50000.0
0.0,0.0,0.0,0.0,98.17,1.83,50000.0
0.0,0.0,0.0,0.0,98.17,1.83,50000.0
0.0,0.0,0.0,0.0,98.17,1.83,50000.0
0.0,0.0,0.0,0.0,98.17,1.83,50000.0
0.0,0.0,0.0,0.0,98.17,1.83,50000.0
0.0,0.0,0.0,0.0,98.17,1.83,50000.0
0.0,0.0,0.0,0.0,98.17,1.83,50000.0
0.0,0.0,0.0,0.0,98.17,1.83,50000.0
0.0,0.0,0.0,0.0,98.17,1.83,50000.0
0.0,0.0,0.0,0.0,98.17,1.83,50000.0
0.0,0.0,0.0,0.0,98.17,1.83,50000.0
0.0,0.0,0.0,0.0,98.17,1.83,50000.0
0.0,0.0,0.0,0.0,98.17,1.83,50000.0
0.0,0.0,0.0,0.0,98.17,1.83,50000.0
0.0,0.0,0.0,0.0,98.17,1.83,50000.0
0.0,0.0,0.0,0.0,98.17,1.83,50000.0
0.0,0.0,0.0,0.0,98.17,1.83,50000.0
0.0,0.0,0.0,0.0,98.17,1.83,50000.0
0.0,0.0,0.0,0.0,98.17,1.83,50000.0
0.0,0.0,0.0,0.0,98.17,1.83,50000.0
0.0,0.0,0.0,0.0,98.17,1.83,50000.0
0.0,0.0,0.0,0.0,98.17,1.83,50000.0
0.0,0.0,0.0,0.0,98.17,1.83,50000.0
0.0,0.0,0.0,0.0,98.17,1.83,50000.0
0.0,0.0,0.0,0.0,98.17,1.83,50000.0
0.0,0.0,0.0,0.0,98.17,1.83,50000.0
0.0,0.0,0.0,0.0,98.17,1.83,50000.0
0.0,0.0,0.0,0.0,98.17,1.83,50000.0
0.0,0.0,0.0,0.0,98.17,1.83,50000.0
0.0,0.0,0.0,0.0,98.17,1.83,50000.0
0.0,0.0,0.0,0.0,98.17,1.83,50000.0
0.0,0.0,0.0,0.0,98.17,1.83,50000.0
0.0,0.0,0.0,0.0,98.17,1.83,50000.0
0.0,0.0,0.0,0.0,98.17,1.83,50000.0
0.0,0.0,0.0,0.0,98.17,1.83,50000.0
0.0,0.0,0.0,0.0,98.17,1.83,50000.0
0.0,0.0,0.0,0.0,98.17,1.83,50000.0
0.0,0.0,0.0,0.0,98.17,1.83,50000.0
0.0,0.0,0.0,0.0,98.17,1.83,50000.0
0.0,0.0,0.0,0.0,98.17,1.83,50000.0
0.0,0.0,0.0,0.0,98.17,1.83,50000.0
0.0,0.0,0.0,0.0,98.17,1.83,50000.0
0.0,0.0,0.0,0.0,98.17,1.83,50000.0
0.0,0.0,0.0,0.0,98.17,1.83,50000.0
0.0,0.0,0.0,0.0,98.17,1.83,50000.0
0.0,0.0,0.0,0.0,98.17,1.83,50000.0
0.0,0.0,0.0,0.0,98.17,1.83,50000.0
0.0,0.0,0.0,0.0,98.17,1.83,50000.0
0.0,0.0,0.0,0.0,98.17,1.83,50000.0
0.0,0.0,0.0,0.0,98.17,1.83,50000.0
0.0,0.0,0.0,0.0,98.17,1.83,50000.0
0.0,0.0,0.0,0.0,98.17,1.83,50000.0
0.0,0.0,0.0,0.0,98.17,1.83,50000.0
0.0,0.0,0.0,0.0,98.17,1.83,50000.0
0.0,0.0,0.0,0.0,98.17,1.83,50000.0
0.0,0.0,0.0,0.0,98.17,1.83,50000.0
0.0,0.0,0.0,0.0,98.17,1.83,50000.0
0.0,0.0,0.0,0.0,98.17,1.83,50000.0
0.0,0.0,0.0,0.0,98.17,1.83,50000.0
0.0,0.0,0.0,0.0,98.17,1.83,50000.0
0.0,0.0,0.0,0.0,98.17,1.83,50000.0
0.0,0.0,0.0,0.0,98.17,1.83,50000.0
0.0,0.0,0.0,0.0,98.17,1.83,50000.0
0.0,0.0,0.0,0.0,98.17,1.83,50000.0
0.0,0.0,0.0,0.0,98.17,1.83,50000.0
0.0,0.0,0.0,0.0,98.17,1.83,50000.0
0.0,0.0,0.0,0.0,98.17,1.83,50000.0
0.0,0.0,0.0,0.0,98.17,1.83,50000.0
0.0,0.0,0.0,0.0,98.17,1.83,50000.0
0.0,0.0,0.0,0.0,98.17,1.83,50000.0
0.0,0.0,0.0,0.0,98.17,1.83,50000.0
0.0,0.0,0.0,0.0,98.17,1.83,50000.0
0.0,0.0,0.0,0.0,98.17,1.83,50000.0
0.0,0.0,0.0,0.0,98.17,1.83,50000.0
0.0,0.0,0.0,0.0,98.17,1.83,50000.0
0.0,0.0,0.0,0.0,98.17,1.83,50000.0
0.0,0.0,0.0,0.0,98.17,1.83,50000.0
0.0,0.0,0.0,0.0,98.17,1.83,50000.0
0.0,0.0,0.0,0.0,98.17,1.83,50000.0
0.0,0.0,0.0,0.0,98.17,1.83,50000.0
0.0,0.0,0.0,0.0,98.17,1.83,50000.0
0.0,0.0,0.0,0.0,98.17,1.83,50000.0
0.0,0.0,0.0,0.0,98.17,1.83,50000.0
0.0,0.0,0.0,0.0,98.17,1.83,50000.0