incubando,i_mild,i_grave,susceptibles,recuperados,muertos,infectados_totales
0.01,0.0,0.0,99.99,0.0,0.0,3.0
0.01,0.0,0.0,99.99,0.0,0.0,7.33
0.02,0.0,0.0,99.98,0.0,0.0,11.67
0.03,0.0,0.0,99.97,0.0,0.0,15.0
0.03,0.0,0.0,99.97,0.0,0.0,17.0
0.04,0.0,0.0,99.96,0.0,0.0,19.67
0.05,0.0,0.0,99.95,0.0,0.0,24.0
0.05,0.01,0.0,99.94,0.0,0.0,27.67
0.05,0.01,0.0,99.94,0.0,0.0,32.33
0.05,0.02,0.0,99.93,0.0,0.0,37.33
0.05,0.02,0.01,99.92,0.0,0.0,42.33
0.06,0.03,0.01,99.91,0.0,0.0,46.0
0.07,0.03,0.01,99.89,0.0,0.0,54.0
0.07,0.04,0.01,99.88,0.0,0.0,61.33
0.09,0.05,0.01,99.86,0.0,0.0,71.67
0.09,0.05,0.01,99.84,0.0,0.0,79.67
0.1,0.06,0.01,99.82,0.0,0.0,87.67
0.11,0.06,0.02,99.8,0.01,0.0,98.67
0.13,0.06,0.02,99.78,0.01,0.0,111.67
0.14,0.06,0.02,99.75,0.02,0.0,123.33
0.14,0.07,0.03,99.74,0.02,0.0,132.33
0.14,0.08,0.03,99.72,0.03,0.0,139.67
0.15,0.09,0.04,99.69,0.03,0.0,153.67
0.16,0.09,0.04,99.66,0.04,0.0,169.33
0.17,0.1,0.05,99.63,0.05,0.0,185.33
0.17,0.11,0.06,99.6,0.05,0.0,198.67
0.18,0.12,0.06,99.57,0.06,0.0,215.33
0.19,0.13,0.07,99.54,0.07,0.0,229.33
0.2,0.13,0.07,99.52,0.07,0.0,241.0
0.2,0.15,0.07,99.5,0.08,0.0,251.67
0.19,0.15,0.08,99.47,0.1,0.0,263.33
0.18,0.16,0.09,99.45,0.11,0.0,277.33
0.19,0.17,0.1,99.42,0.13,0.0,291.33
0.17,0.18,0.1,99.4,0.14,0.0,301.67
0.17,0.19,0.11,99.37,0.15,0.0,315.67
0.18,0.19,0.12,99.34,0.17,0.0,332.0
0.19,0.19,0.12,99.31,0.19,0.0,344.67
0.19,0.19,0.12,99.29,0.21,0.01,356.0
0.19,0.2,0.13,99.26,0.22,0.01,371.67
0.19,0.19,0.13,99.22,0.25,0.01,388.67
0.21,0.19,0.13,99.19,0.27,0.01,405.0
0.21,0.18,0.14,99.16,0.3,0.01,420.33
0.21,0.19,0.14,99.13,0.32,0.01,435.33
0.21,0.18,0.15,99.1,0.35,0.01,450.33
0.21,0.18,0.15,99.08,0.37,0.01,460.67
0.21,0.18,0.15,99.05,0.4,0.01,476.0
0.21,0.18,0.16,99.02,0.42,0.01,492.0
0.22,0.19,0.17,98.97,0.45,0.01,515.33
0.23,0.18,0.17,98.93,0.47,0.01,535.67
0.25,0.19,0.18,98.88,0.49,0.01,559.0
0.26,0.2,0.18,98.84,0.51,0.01,579.33
0.28,0.19,0.18,98.8,0.54,0.01,598.33
0.28,0.19,0.18,98.77,0.57,0.01,617.0
0.29,0.2,0.17,98.73,0.59,0.01,636.33
0.29,0.22,0.18,98.68,0.62,0.02,658.33
0.29,0.23,0.18,98.64,0.64,0.02,678.33
0.29,0.24,0.19,98.59,0.67,0.02,703.67
0.28,0.25,0.2,98.56,0.69,0.02,720.33
0.28,0.26,0.2,98.53,0.72,0.02,736.0
0.28,0.27,0.2,98.49,0.75,0.02,754.67
0.28,0.27,0.2,98.45,0.78,0.02,776.33
0.28,0.29,0.21,98.4,0.8,0.02,800.0
0.29,0.29,0.21,98.35,0.83,0.02,822.67
0.27,0.3,0.22,98.32,0.87,0.02,839.67
0.27,0.29,0.22,98.28,0.91,0.02,857.67
0.28,0.29,0.22,98.25,0.94,0.02,874.67
0.28,0.28,0.22,98.21,0.99,0.03,896.67
0.29,0.28,0.22,98.16,1.03,0.03,919.33
0.29,0.28,0.22,98.11,1.07,0.03,947.33
0.29,0.29,0.22,98.06,1.11,0.03,968.0
0.3,0.28,0.22,98.02,1.15,0.03,989.33
0.31,0.28,0.23,97.97,1.18,0.03,1013.33
0.33,0.27,0.23,97.93,1.22,0.03,1037.33
0.33,0.26,0.24,97.88,1.26,0.03,1060.0
0.33,0.27,0.25,97.83,1.28,0.04,1083.0
0.32,0.29,0.25,97.78,1.32,0.04,1109.67
0.33,0.29,0.25,97.73,1.36,0.04,1135.33
0.35,0.29,0.25,97.67,1.4,0.04,1164.67
0.36,0.29,0.26,97.62,1.44,0.04,1191.33
0.36,0.29,0.26,97.57,1.48,0.04,1217.0
0.37,0.3,0.27,97.51,1.51,0.04,1246.33
0.39,0.31,0.27,97.44,1.55,0.04,1280.33
0.4,0.33,0.27,97.38,1.59,0.04,1310.33
0.41,0.33,0.27,97.32,1.62,0.04,1342.33
0.42,0.34,0.27,97.25,1.67,0.04,1375.0
0.42,0.33,0.28,97.2,1.72,0.04,1400.33
0.43,0.34,0.29,97.14,1.76,0.04,1430.67
0.43,0.35,0.3,97.08,1.79,0.05,1460.67
0.41,0.37,0.31,97.03,1.84,0.05,1484.33
0.39,0.38,0.31,96.99,1.89,0.05,1506.67
0.38,0.39,0.32,96.93,1.93,0.05,1532.67
0.36,0.41,0.32,96.89,1.97,0.05,1556.0
0.36,0.4,0.32,96.83,2.03,0.05,1582.67
0.36,0.41,0.33,96.78,2.07,0.05,1608.67
0.35,0.41,0.33,96.73,2.12,0.05,1634.0
0.36,0.42,0.33,96.67,2.17,0.05,1665.67
0.36,0.41,0.33,96.62,2.22,0.06,1688.0
0.36,0.41,0.33,96.58,2.27,0.06,1712.0
0.36,0.39,0.33,96.52,2.33,0.06,1737.67
0.36,0.39,0.33,96.48,2.39,0.06,1760.67
0.35,0.38,0.33,96.43,2.45,0.06,1786.0
0.36,0.37,0.33,96.37,2.51,0.06,1813.67
0.35,0.38,0.33,96.32,2.56,0.06,1842.0
0.37,0.37,0.34,96.26,2.61,0.06,1872.33
0.39,0.36,0.33,96.18,2.67,0.06,1907.67
0.41,0.35,0.33,96.12,2.72,0.07,1941.67
0.43,0.35,0.33,96.05,2.77,0.07,1974.0
0.46,0.35,0.32,95.97,2.83,0.07,2015.33
0.48,0.36,0.32,95.89,2.87,0.07,2055.67
0.5,0.37,0.32,95.82,2.93,0.07,2092.0
0.51,0.37,0.32,95.74,2.98,0.07,2128.33
0.52,0.39,0.33,95.67,3.03,0.07,2167.0
0.52,0.39,0.32,95.6,3.1,0.07,2199.33
0.52,0.41,0.32,95.53,3.14,0.07,2235.67
0.51,0.44,0.33,95.45,3.19,0.07,2272.67
0.51,0.46,0.33,95.38,3.24,0.07,2309.33
0.5,0.48,0.34,95.32,3.28,0.08,2341.33
0.51,0.5,0.35,95.23,3.34,0.08,2384.33
0.52,0.51,0.36,95.15,3.38,0.08,2426.33
0.54,0.51,0.36,95.06,3.45,0.08,2469.0
0.55,0.53,0.36,94.98,3.5,0.08,2510.67
0.55,0.54,0.37,94.9,3.57,0.08,2547.67
0.54,0.54,0.37,94.84,3.63,0.08,2581.33
0.55,0.53,0.38,94.76,3.69,0.08,2618.67
0.56,0.53,0.38,94.67,3.77,0.08,2663.33
0.56,0.54,0.39,94.59,3.84,0.08,2705.0
0.56,0.55,0.39,94.5,3.91,0.08,2748.33
0.55,0.56,0.4,94.43,3.98,0.09,2786.33
0.56,0.55,0.41,94.35,4.05,0.09,2827.0
0.58,0.56,0.41,94.26,4.11,0.09,2869.33
0.59,0.56,0.42,94.18,4.18,0.09,2912.33
0.59,0.56,0.42,94.09,4.25,0.09,2956.0
0.58,0.57,0.42,94.01,4.32,0.09,2993.67
0.56,0.59,0.43,93.94,4.39,0.09,3030.67
0.55,0.58,0.44,93.87,4.46,0.09,3063.33
0.54,0.57,0.45,93.8,4.54,0.09,3098.33
0.53,0.57,0.45,93.73,4.63,0.09,3132.67
0.52,0.57,0.45,93.66,4.71,0.1,3170.0
0.52,0.58,0.45,93.57,4.78,0.1,3216.67
0.54,0.59,0.46,93.48,4.85,0.1,3261.67
0.54,0.58,0.46,93.4,4.92,0.1,3302.33
0.57,0.57,0.46,93.3,5.0,0.1,3349.67
0.58,0.56,0.46,93.22,5.08,0.1,3390.0
0.61,0.55,0.46,93.13,5.16,0.1,3437.0
0.62,0.54,0.46,93.04,5.23,0.1,3480.67
0.61,0.55,0.47,92.96,5.31,0.1,3520.33
0.6,0.56,0.47,92.88,5.39,0.1,3562.33
0.61,0.55,0.47,92.78,5.48,0.11,3608.33
0.6,0.56,0.47,92.7,5.56,0.11,3649.0
0.6,0.56,0.48,92.62,5.63,0.11,3692.33
0.6,0.57,0.49,92.53,5.7,0.11,3737.33
0.6,0.59,0.5,92.44,5.77,0.11,3778.33
0.61,0.59,0.5,92.35,5.84,0.11,3826.0
0.62,0.59,0.5,92.25,5.91,0.12,3873.67
0.63,0.61,0.5,92.15,5.99,0.12,3924.33
0.63,0.6,0.51,92.07,6.07,0.12,3964.67
0.63,0.59,0.51,91.98,6.17,0.12,4007.67
0.64,0.6,0.51,91.88,6.25,0.12,4058.33
0.65,0.59,0.51,91.79,6.34,0.12,4104.33
0.65,0.6,0.51,91.69,6.42,0.13,4152.67
0.64,0.61,0.51,91.61,6.5,0.13,4195.33
0.63,0.62,0.52,91.52,6.58,0.13,4238.67
0.62,0.63,0.52,91.45,6.65,0.13,4273.67
0.6,0.63,0.53,91.38,6.73,0.13,4309.33
0.59,0.64,0.54,91.29,6.81,0.13,4354.67
0.59,0.64,0.54,91.2,6.89,0.13,4400.0
0.59,0.65,0.54,91.11,6.98,0.14,4446.33
0.58,0.64,0.55,91.03,7.06,0.14,4487.33
0.57,0.64,0.55,90.95,7.14,0.14,4525.0
0.57,0.63,0.54,90.88,7.23,0.15,4559.33
0.58,0.61,0.54,90.8,7.32,0.15,4599.67
0.58,0.59,0.54,90.71,7.43,0.15,4645.33
0.58,0.6,0.54,90.62,7.51,0.15,4688.67
0.58,0.61,0.54,90.52,7.59,0.15,4738.67
0.6,0.59,0.54,90.43,7.69,0.15,4787.0
0.62,0.58,0.54,90.33,7.78,0.15,4834.0
0.64,0.57,0.52,90.24,7.87,0.16,4881.33
0.66,0.57,0.52,90.15,7.95,0.16,4927.33
0.66,0.57,0.52,90.05,8.03,0.16,4977.0
0.67,0.59,0.52,89.95,8.1,0.16,5024.0
0.67,0.62,0.51,89.85,8.18,0.17,5072.67
0.66,0.63,0.51,89.77,8.26,0.17,5115.67
0.66,0.63,0.51,89.67,8.35,0.17,5165.0
0.67,0.63,0.52,89.57,8.44,0.17,5216.0
0.67,0.63,0.52,89.47,8.53,0.17,5264.67
0.69,0.66,0.52,89.36,8.6,0.17,5321.0
0.69,0.68,0.51,89.26,8.68,0.17,5370.33
0.7,0.69,0.51,89.15,8.77,0.18,5422.67
0.72,0.69,0.5,89.05,8.86,0.18,5473.67
0.72,0.69,0.51,88.95,8.95,0.18,5525.0
0.73,0.68,0.52,88.84,9.05,0.18,5581.0
0.75,0.68,0.52,88.72,9.14,0.18,5642.0
0.74,0.7,0.52,88.62,9.24,0.19,5692.0
0.76,0.71,0.51,88.5,9.33,0.19,5748.0
0.78,0.71,0.53,88.38,9.42,0.19,5811.33
0.78,0.71,0.53,88.27,9.52,0.19,5865.67
0.79,0.72,0.53,88.16,9.61,0.19,5918.33
0.78,0.72,0.55,88.06,9.7,0.19,5972.0
0.78,0.75,0.56,87.94,9.78,0.19,6030.33
0.79,0.75,0.57,87.83,9.87,0.19,6087.0
0.79,0.76,0.58,87.71,9.96,0.2,6144.0
0.77,0.79,0.59,87.61,10.05,0.2,6196.33
0.78,0.78,0.59,87.49,10.16,0.2,6255.0
0.79,0.77,0.61,87.38,10.26,0.2,6312.33
0.79,0.78,0.6,87.27,10.36,0.2,6365.33
0.78,0.79,0.61,87.16,10.46,0.2,6418.33
0.79,0.79,0.62,87.04,10.56,0.21,6479.67
0.78,0.8,0.63,86.93,10.65,0.21,6534.67
0.79,0.79,0.63,86.81,10.77,0.21,6593.33
0.78,0.81,0.64,86.71,10.85,0.21,6647.0
0.78,0.81,0.64,86.6,10.97,0.21,6702.33
0.79,0.78,0.64,86.48,11.09,0.21,6760.33
0.79,0.79,0.64,86.37,11.19,0.22,6815.0
0.77,0.8,0.65,86.27,11.29,0.22,6862.67
0.77,0.81,0.65,86.16,11.38,0.22,6917.67
0.76,0.82,0.64,86.05,11.5,0.22,6972.67
0.76,0.81,0.65,85.94,11.61,0.22,7028.33
0.76,0.81,0.66,85.83,11.71,0.22,7083.0
0.76,0.81,0.66,85.72,11.83,0.23,7139.67
0.75,0.81,0.65,85.62,11.94,0.23,7191.33
0.76,0.79,0.64,85.52,12.06,0.23,7241.33
0.73,0.8,0.65,85.43,12.16,0.23,7284.0
0.72,0.8,0.64,85.33,12.27,0.23,7333.33
0.71,0.79,0.64,85.23,12.39,0.24,7385.67
0.71,0.78,0.64,85.12,12.5,0.24,7439.67
0.7,0.77,0.64,85.02,12.62,0.24,7491.0
0.7,0.77,0.64,84.91,12.73,0.24,7543.33
0.7,0.76,0.63,84.81,12.84,0.25,7592.67
0.7,0.75,0.62,84.73,12.95,0.25,7632.67
0.69,0.74,0.62,84.64,13.06,0.25,7679.67
0.69,0.74,0.63,84.54,13.16,0.25,7731.67
0.67,0.74,0.62,84.45,13.26,0.25,7777.0
0.66,0.74,0.61,84.36,13.37,0.26,7819.0
0.64,0.73,0.62,84.27,13.48,0.26,7865.33
0.63,0.72,0.61,84.19,13.59,0.26,7906.67
0.62,0.71,0.6,84.11,13.69,0.27,7943.0
0.62,0.7,0.6,84.02,13.79,0.27,7991.0
0.62,0.7,0.6,83.92,13.89,0.27,8041.33
0.63,0.7,0.6,83.82,13.98,0.27,8090.33
0.64,0.69,0.59,83.72,14.09,0.27,8139.0
0.64,0.68,0.6,83.63,14.18,0.27,8185.33
0.65,0.65,0.6,83.54,14.29,0.27,8231.67
0.65,0.64,0.58,83.46,14.4,0.28,8269.33
0.65,0.63,0.58,83.37,14.5,0.28,8316.33
0.64,0.63,0.58,83.28,14.59,0.28,8361.33
0.65,0.64,0.57,83.17,14.69,0.28,8413.33
0.66,0.64,0.57,83.06,14.79,0.28,8470.67
0.68,0.63,0.57,82.95,14.89,0.28,8526.0
0.69,0.63,0.57,82.85,14.98,0.28,8575.67
0.72,0.64,0.56,82.74,15.05,0.29,8630.33
0.75,0.64,0.56,82.62,15.14,0.29,8690.0
0.77,0.65,0.55,82.51,15.23,0.29,8745.33
0.77,0.67,0.55,82.41,15.32,0.29,8797.0
0.75,0.68,0.56,82.31,15.41,0.29,8844.67
0.75,0.68,0.57,82.2,15.51,0.3,8901.33
0.76,0.68,0.57,82.09,15.61,0.3,8953.67
0.75,0.68,0.59,81.99,15.69,0.3,9004.67
0.73,0.7,0.6,81.89,15.78,0.3,9057.33
0.73,0.71,0.6,81.78,15.87,0.3,9108.33
0.72,0.73,0.61,81.69,15.96,0.3,9156.67
0.72,0.72,0.61,81.59,16.05,0.3,9205.33
0.7,0.74,0.61,81.49,16.15,0.31,9253.67
0.71,0.73,0.62,81.38,16.24,0.31,9308.0
0.71,0.73,0.63,81.28,16.34,0.31,9358.33
0.69,0.74,0.63,81.19,16.44,0.31,9404.67
0.69,0.74,0.63,81.1,16.53,0.31,9451.0
0.69,0.74,0.63,80.99,16.63,0.32,9503.67
0.7,0.73,0.62,80.89,16.74,0.32,9553.67
0.69,0.72,0.62,80.8,16.85,0.32,9600.67
0.69,0.73,0.62,80.69,16.94,0.32,9653.33
0.69,0.73,0.63,80.59,17.03,0.33,9704.0
0.7,0.72,0.63,80.49,17.13,0.33,9754.33
0.71,0.72,0.63,80.39,17.22,0.33,9803.67
0.71,0.71,0.64,80.29,17.33,0.33,9857.33
0.71,0.71,0.63,80.18,17.44,0.33,9910.67
0.72,0.7,0.62,80.08,17.55,0.33,9959.33
0.72,0.72,0.61,79.98,17.65,0.34,10012.33
0.71,0.71,0.6,79.89,17.75,0.34,10057.0
0.7,0.72,0.59,79.79,17.86,0.34,10104.33
0.7,0.71,0.59,79.69,17.97,0.34,10152.67
0.7,0.71,0.59,79.59,18.07,0.34,10206.33
0.7,0.72,0.6,79.48,18.16,0.34,10259.67
0.7,0.72,0.6,79.38,18.26,0.34,10308.67
0.7,0.72,0.59,79.27,18.37,0.34,10364.33
0.73,0.71,0.59,79.15,18.46,0.35,10424.33
0.76,0.71,0.59,79.03,18.56,0.35,10485.0
0.78,0.69,0.59,78.91,18.67,0.35,10543.0
0.78,0.7,0.6,78.81,18.76,0.35,10595.67
0.78,0.7,0.61,78.7,18.86,0.35,10652.0
0.8,0.71,0.59,78.58,18.96,0.36,10708.33
0.79,0.72,0.59,78.48,19.06,0.36,10760.33
0.78,0.72,0.6,78.37,19.16,0.36,10816.67
0.77,0.74,0.61,78.26,19.25,0.36,10868.67
0.76,0.75,0.62,78.16,19.35,0.36,10920.67
0.77,0.76,0.62,78.04,19.45,0.36,10980.0
0.75,0.77,0.63,77.95,19.54,0.37,11027.33
0.73,0.78,0.64,77.85,19.63,0.37,11075.67
0.74,0.78,0.65,77.74,19.72,0.37,11128.0
0.71,0.79,0.64,77.66,19.83,0.37,11172.33
0.7,0.78,0.64,77.56,19.93,0.38,11219.0
0.69,0.77,0.64,77.47,20.05,0.38,11266.67
0.68,0.78,0.64,77.36,20.16,0.38,11321.0
0.69,0.76,0.64,77.25,20.27,0.38,11374.33
0.68,0.75,0.64,77.17,20.38,0.38,11413.33
0.67,0.75,0.64,77.07,20.49,0.38,11465.33
0.7,0.73,0.64,76.96,20.59,0.39,11520.33
0.71,0.73,0.63,76.85,20.69,0.39,11574.33
0.7,0.72,0.63,76.76,20.79,0.39,11617.67
0.7,0.71,0.63,76.66,20.91,0.39,11670.33
0.7,0.72,0.63,76.55,21.01,0.4,11725.0
0.71,0.7,0.63,76.46,21.1,0.4,11769.0
0.7,0.68,0.64,76.37,21.21,0.4,11814.0
0.71,0.69,0.63,76.25,21.32,0.4,11873.67
0.7,0.7,0.63,76.15,21.42,0.4,11925.67
0.71,0.68,0.63,76.06,21.52,0.4,11972.33
0.71,0.69,0.62,75.95,21.62,0.41,12024.67
0.7,0.7,0.62,75.85,21.72,0.41,12075.0
0.7,0.7,0.61,75.76,21.82,0.41,12119.67
0.7,0.69,0.61,75.67,21.92,0.41,12164.33
0.68,0.69,0.62,75.57,22.02,0.41,12214.0
0.67,0.72,0.61,75.48,22.11,0.41,12260.33
0.66,0.72,0.6,75.39,22.21,0.42,12303.33
0.64,0.71,0.6,75.31,22.32,0.42,12343.33
0.62,0.71,0.6,75.23,22.42,0.42,12384.67
0.63,0.72,0.59,75.13,22.51,0.42,12434.0
0.63,0.7,0.6,75.04,22.61,0.42,12480.67
0.61,0.7,0.6,74.96,22.71,0.42,12518.0
0.6,0.7,0.61,74.88,22.79,0.42,12561.67
0.6,0.7,0.59,74.79,22.89,0.43,12605.0
0.61,0.67,0.58,74.7,23.01,0.43,12649.33
0.61,0.65,0.58,74.62,23.11,0.43,12689.67
0.6,0.65,0.59,74.53,23.2,0.43,12735.33
0.6,0.64,0.58,74.44,23.31,0.43,12778.67
0.61,0.63,0.57,74.35,23.41,0.43,12823.33
0.61,0.62,0.56,74.26,23.51,0.43,12868.33
0.61,0.63,0.55,74.18,23.59,0.44,12909.33
0.61,0.62,0.54,74.09,23.7,0.44,12956.0
0.62,0.62,0.54,74.0,23.78,0.44,12999.0
0.62,0.62,0.54,73.91,23.87,0.44,13044.67
0.61,0.62,0.54,73.83,23.96,0.44,13084.67
0.61,0.63,0.52,73.74,24.05,0.44,13127.67
0.62,0.62,0.53,73.64,24.14,0.44,13178.33
0.63,0.61,0.54,73.55,24.23,0.44,13225.0
0.62,0.62,0.53,73.47,24.32,0.45,13265.0
0.63,0.62,0.53,73.38,24.4,0.45,13311.67
0.63,0.62,0.52,73.28,24.49,0.45,13360.0
0.65,0.61,0.52,73.18,24.59,0.45,13411.67
0.66,0.61,0.52,73.08,24.67,0.46,13459.0
0.66,0.62,0.52,72.98,24.76,0.46,13509.67
0.66,0.63,0.52,72.89,24.84,0.46,13553.33
0.67,0.62,0.51,72.8,24.93,0.46,13601.67
0.67,0.63,0.51,72.7,25.01,0.47,13649.0
0.67,0.65,0.51,72.61,25.1,0.47,13693.67
0.66,0.65,0.51,72.52,25.19,0.47,13741.33
0.66,0.66,0.52,72.42,25.27,0.47,13789.67
0.65,0.66,0.52,72.33,25.36,0.47,13834.33
0.65,0.67,0.53,72.24,25.43,0.47,13880.33
0.65,0.68,0.54,72.14,25.51,0.47,13929.0
0.64,0.67,0.55,72.06,25.6,0.47,13971.0
0.64,0.67,0.54,71.97,25.7,0.48,14013.0
0.63,0.67,0.55,71.89,25.79,0.48,14057.33
0.64,0.67,0.55,71.79,25.87,0.48,14107.33
0.64,0.67,0.54,71.69,25.97,0.48,14155.0
0.64,0.67,0.54,71.6,26.07,0.49,14201.0
0.63,0.67,0.54,71.52,26.16,0.49,14242.33