incubando,i_mild,i_grave,susceptibles,recuperados,muertos,infectados_totales
0.02,0.0,0.0,99.98,0.0,0.0,11.0
0.06,0.0,0.0,99.94,0.0,0.0,28.0
0.13,0.0,0.0,99.87,0.0,0.0,64.0
0.2,0.0,0.0,99.8,0.0,0.0,99.0
0.29,0.0,0.0,99.71,0.0,0.0,143.33
0.41,0.0,0.0,99.59,0.0,0.0,206.0
0.57,0.0,0.0,99.43,0.0,0.0,284.33
0.75,0.02,0.01,99.22,0.0,0.0,388.0
1.01,0.04,0.01,98.93,0.0,0.0,533.67
1.35,0.09,0.03,98.53,0.0,0.0,737.0
1.85,0.14,0.05,97.95,0.0,0.0,1023.67
2.53,0.21,0.07,97.18,0.0,0.0,1410.33
3.43,0.3,0.11,96.16,0.0,0.0,1919.67
4.68,0.41,0.16,94.75,0.0,0.0,2626.67
6.36,0.56,0.21,92.86,0.0,0.0,3568.67
8.58,0.78,0.29,90.35,0.0,0.0,4823.67
11.51,1.07,0.4,87.02,0.0,0.0,6489.67
15.26,1.45,0.57,82.69,0.02,0.0,8654.33
20.01,1.97,0.8,77.17,0.04,0.0,11417.0
25.62,2.65,1.08,70.54,0.09,0.01,14728.33
32.09,3.6,1.5,62.66,0.14,0.01,18672.0
39.23,4.87,2.03,53.63,0.21,0.02,23185.0
46.25,6.55,2.78,44.1,0.3,0.02,27951.0
52.63,8.81,3.72,34.39,0.41,0.03,32804.0
57.12,11.75,4.96,25.57,0.56,0.04,37213.33
59.16,15.41,6.59,18.01,0.78,0.05,40995.0
58.55,19.83,8.48,12.0,1.07,0.07,44001.0
55.08,25.03,10.74,7.57,1.47,0.1,46212.67
49.17,30.89,13.32,4.46,2.02,0.14,47768.0
41.55,36.88,16.08,2.55,2.76,0.18,48726.0
33.0,42.81,18.8,1.4,3.78,0.22,49302.0
24.8,47.66,21.34,0.78,5.14,0.28,49611.67
17.57,51.25,23.48,0.44,6.92,0.35,49782.0
11.77,53.1,25.16,0.23,9.33,0.42,49885.67
7.44,53.11,26.37,0.13,12.46,0.48,49933.33
4.38,51.44,27.15,0.08,16.38,0.55,49960.33
2.51,48.09,27.54,0.03,21.18,0.64,49983.33
1.38,43.31,27.68,0.01,26.88,0.73,49993.67
0.77,37.36,27.61,0.01,33.45,0.81,49996.67
0.43,30.87,27.41,0.0,40.39,0.9,49998.33
0.23,24.09,27.14,0.0,47.58,0.97,49999.67
0.13,17.96,26.7,0.0,54.17,1.04,50000.0
0.08,12.65,26.13,0.0,60.02,1.12,50000.0
0.03,8.46,25.35,0.0,64.95,1.2,50000.0
0.01,5.37,24.39,0.0,68.95,1.28,50000.0
0.01,3.17,23.15,0.0,72.32,1.35,50000.0
0.0,1.81,21.53,0.0,75.25,1.41,50000.0
0.0,0.99,19.69,0.0,77.84,1.47,50000.0
0.0,0.54,17.48,0.0,80.44,1.54,50000.0
0.0,0.31,14.95,0.0,83.15,1.59,50000.0
0.0,0.16,12.26,0.0,85.94,1.63,50000.0
0.0,0.09,9.59,0.0,88.65,1.67,50000.0
0.0,0.05,7.11,0.0,91.14,1.7,50000.0
0.0,0.02,5.01,0.0,93.25,1.72,50000.0
0.0,0.01,3.33,0.0,94.93,1.73,50000.0
0.0,0.0,2.09,0.0,96.17,1.74,50000.0
0.0,0.0,1.23,0.0,97.02,1.75,50000.0
0.0,0.0,0.7,0.0,97.55,1.75,50000.0
0.0,0.0,0.38,0.0,97.86,1.75,50000.0
0.0,0.0,0.22,0.0,98.02,1.76,50000.0
0.0,0.0,0.12,0.0,98.12,1.76,50000.0
0.0,0.0,0.06,0.0,98.18,1.76,50000.0
0.0,0.0,0.04,0.0,98.21,1.76,50000.0
0.0,0.0,0.02,0.0,98.22,1.76,50000.0
0.0,0.0,0.01,0.0,98.23,1.76,50000.0
0.0,0.0,0.01,0.0,98.24,1.76,50000.0
0.0,0.0,0.0,0.0,98.24,1.76,50000.0
0.0,0.0,0.0,0.0,98.24,1.76,50000.0
0.0,0.0,0.0,0.0,98.24,1.76,50000.0
0.0,0.0,0.0,0.0,98.24,1.76,50000.0
0.0,0.0,0.0,0.0,98.24,1.76,50000.0
0.0,0.0,0.0,0.0,98.24,1.76,50000.0
0.0,0.0,0.0,0.0,98.24,1.76,50000.0
0.0,0.0,0.0,0.0,98.24,1.76,50000.0
0.0,0.0,0.0,0.0,98.24,1.76,50000.0
0.0,0.0,0.0,0.0,98.24,1.76,50000.0
0.0,0.0,0.0,0.0,98.24,1.76,50000.0
0.0,0.0,0.0,0.0,98.24,1.76,50000.0
0.0,0.0,0.0,0.0,98.24,1.76,50000.0
0.0,0.0,0.0,0.0,98.24,1.76,50000.0
0.0,0.0,0.0,0.0,98.24,1.76,50000.0
0.0,0.0,0.0,0.0,98.24,1.76,50000.0
0.0,0.0,0.0,0.0,98.24,1.76,50000.0
0.0,0.0,0.0,0.0,98.24,1.76,50000.0
0.0,0.0,0.0,0.0,98.24,1.76,50000.0
0.0,0.0,0.0,0.0,98.24,1.76,50000.0
0.0,0.0,0.0,0.0,98.24,1.76,50000.0
0.0,0.0,0.0,0.0,98.24,1.76,50000.0
0.0,0.0,0.0,0.0,98.24,1.76,50000.0
0.0,0.0,0.0,0.0,98.24,1.76,50000.0
0.0,0.0,0.0,0.0,98.24,1.76,50000.0
0.0,0.0,0.0,0.0,98.24,1.76,50000.0
0.0,0.0,0.0,0.0,98.24,1.76,50000.0
0.0,0.0,0.0,0.0,98.24,1.76,50000.0
0.0,0.0,0.0,0.0,98.24,1.76,50000.0
0.0,0.0,0.0,0.0,98.24,1.76,50000.0
0.0,0.0,0.0,0.0,98.24,1.76,50000.0
0.0,0.0,0.0,0.0,98.24,1.76,50000.0
0.0,0.0,0.0,0.0,98.24,1.76,50000.0
0.0,0.0,0.0,0.0,98.24,1.76,50000.0
0.0,0.0,0.0,0.0,98.24,1.76,50000.0
0.0,0.0,0.0,0.0,98.24,1.76,50000.0
0.0,0.0,0.0,0.0,98.24,1.76,50000.0
0.0,0.0,0.0,0.0,98.24,1.76,50000.0
0.0,0.0,0.0,0.0,98.24,1.76,50000.0
0.0,0.0,0.0,0.0,98.24,1.76,50000.0
0.0,0.0,0.0,0.0,98.24,1.76,50000.0
0.0,0.0,0.0,0.0,98.24,1.76,50000.0
0.0,0.0,0.0,0.0,98.24,1.76,50000.0
0.0,0.0,0.0,0.0,98.24,1.76,50000.0
0.0,0.0,0.0,0.0,98.24,1.76,50000.0
0.0,0.0,0.0,0.0,98.24,1.76,50000.0
0.0,0.0,0.0,0.0,98.24,1.76,50000.0
0.0,0.0,0.0,0.0,98.24,1.76,50000.0
0.0,0.0,0.0,0.0,98.24,1.76,50000.0
0.0,0.0,0.0,0.0,98.24,1.76,50000.0
0.0,0.0,0.0,0.0,98.24,1.76,50000.0
0.0,0.0,0.0,0.0,98.24,1.76,50000.0
0.0,0.0,0.0,0.0,98.24,1.76,50000.0
0.0,0.0,0.0,0.0,98.24,1.76,50000.0
0.0,0.0,0.0,0.0,98.24,1.76,50000.0
0.0,0.0,0.0,0.0,98.24,1.76,50000.0
0.0,0.0,0.0,0.0,98.24,1.76,50000.0
0.0,0.0,0.0,0.0,98.24,1.76,50000.0
0.0,0.0,0.0,0.0,98.24,1.76,50000.0
0.0,0.0,0.0,0.0,98.24,1.76,50000.0
0.0,0.0,0.0,0.0,98.24,1.76,50000.0
0.0,0.0,0.0,0.0,98.24,1.76,50000.0
0.0,0.0,0.0,0.0,98.24,1.76,50000.0
0.0,0.0,0.0,0.0,98.24,1.76,50000.0
0.0,0.0,0.0,0.0,98.24,1.76,50000.0
0.0,0.0,0.0,0.0,98.24,1.76,50000.0
0.0,0.0,0.0,0.0,98.24,1.76,50000.0
0.0,0.0,0.0,0.0,98.24,1.76,50000.0
0.0,0.0,0.0,0.0,98.24,1.76,50000.0
0.0,0.0,0.0,0.0,98.24,1.76,50000.0
0.0,0.0,0.0,0.0,98.24,1.76,50000.0
0.0,0.0,0.0,0.0,98.24,1.76,50000.0
0.0,0.0,0.0,0.0,98.24,1.76,50000.0
0.0,0.0,0.0,0.0,98.24,1.76,50000.0
0.0,0.0,0.0,0.0,98.24,1.76,50000.0
0.0,0.0,0.0,0.0,98.24,1.76,50000.0
0.0,0.0,0.0,0.0,98.24,1.76,50000.0
0.0,0.0,0.0,0.0,98.24,1.76,50000.0
0.0,0.0,0.0,0.0,98.24,1.76,50000.0
0.0,0.0,0.0,0.0,98.24,1.76,50000.0
0.0,0.0,0.0,0.0,98.24,1.76,50000.0
0.0,0.0,0.0,0.0,98.24,1.76,50000.0
0.0,0.0,0.0,0.0,98.24,1.76,50000.0
0.0,0.0,0.0,0.0,98.24,1.76,50000.0
0.0,0.0,0.0,0.0,98.24,1.76,50000.0
0.0,0.0,0.0,0.0,98.24,1.76,50000.0
0.0,0.0,0.0,0.0,98.24,1.76,50000.0
0.0,0.0,0.0,0.0,98.24,1.76,50000.0
0.0,0.0,0.0,0.0,98.24,1.76,50000.0
0.0,0.0,0.0,0.0,98.24,1.76,50000.0
0.0,0.0,0.0,0.0,98.24,1.76,50000.0
0.0,0.0,0.0,0.0,98.24,1.76,50000.0
0.0,0.0,0.0,0.0,98.24,1.76,50000.0
0.0,0.0,0.0,0.0,98.24,1.76,50000.0
0.0,0.0,0.0,0.0,98.24,1.76,50000.0
0.0,0.0,0.0,0.0,98.24,1.76,50000.0
0.0,0.0,0.0,0.0,98.24,1.76,50000.0
0.0,0.0,0.0,0.0,98.24,1.76,50000.0
0.0,0.0,0.0,0.0,98.24,1.76,50000.0
0.0,0.0,0.0,0.0,98.24,1.76,50000.0
0.0,0.0,0.0,0.0,98.24,1.76,50000.0
0.0,0.0,0.0,0.0,98.24,1.76,50000.0
0.0,0.0,0.0,0.0,98.24,1.76,50000.0
0.0,0.0,0.0,0.0,98.24,1.76,50000.0
0.0,0.0,0.0,0.0,98.24,1.76,50000.0
0.0,0.0,0.0,0.0,98.24,1.76,50000.0
0.0,0.0,0.0,0.0,98.24,1.76,50000.0
0.0,0.0,0.0,0.0,98.24,1.76,50000.0
0.0,0.0,0.0,0.0,98.24,1.76,50000.0
0.0,0.0,0.0,0.0,98.24,1.76,50000.0
0.0,0.0,0.0,0.0,98.24,1.76,50000.0
0.0,0.0,0.0,0.0,98.24,1.76,50000.0
0.0,0.0,0.0,0.0,98.24,1.76,50000.0
0.0,0.0,0.0,0.0,98.24,1.76,50000.0
0.0,0.0,0.0,0.0,98.24,1.76,50000.0
0.0,0.0,0.0,0.0,98.24,1.76,50000.0
0.0,0.0,0.0,0.0,98.24,1.76,50000.0
0.0,0.0,0.0,0.0,98.24,1.76,50000.0
0.0,0.0,0.0,0.0,98.24,1.76,50000.0
0.0,0.0,0.0,0.0,98.24,1.76,50000.0
0.0,0.0,0.0,0.0,98.24,1.76,50000.0
0.0,0.0,0.0,0.0,98.24,1.76,50000.0
0.0,0.0,0.0,0.0,98.24,1.76,50000.0
0.0,0.0,0.0,0.0,98.24,1.76,50000.0
0.0,0.0,0.0,0.0,98.24,1.76,50000.0
0.0,0.0,0.0,0.0,98.24,1.76,50000.0
0.0,0.0,0.0,0.0,98.24,1.76,50000.0
0.0,0.0,0.0,0.0,98.24,1.76,50000.0
0.0,0.0,0.0,0.0,98.24,1.76,50000.0
0.0,0.0,0.0,0.0,98.24,1.76,50000.0
0.0,0.0,0.0,0.0,98.24,1.76,50000.0
0.0,0.0,0.0,0.0,98.24,1.76,50000.0
0.0,0.0,0.0,0.0,98.24,1.76,50000.0
0.0,0.0,0.0,0.0,98.24,1.76,50000.0
0.0,0.0,0.0,0.0,98.24,1.76,50000.0
0.0,0.0,0.0,0.0,98.24,1.76,50000.0
0.0,0.0,0.0,0.0,98.24,1.76,50000.0
0.0,0.0,0.0,0.0,98.24,1.76,50000.0
0.0,0.0,0.0,0.0,98.24,1.76,50000.0
0.0,0.0,0.0,0.0,98.24,1.76,50000.0
0.0,0.0,0.0,0.0,98.24,1.76,50000.0
0.0,0.0,0.0,0.0,98.24,1.76,50000.0
0.0,0.0,0.0,0.0,98.24,1.76,50000.0
0.0,0.0,0.0,0.0,98.24,1.76,50000.0
0.0,0.0,0.0,0.0,98.24,1.76,50000.0
0.0,0.0,0.0,0.0,98.24,1.76,50000.0
0.0,0.0,0.0,0.0,98.24,1.76,50000.0
0.0,0.0,0.0,0.0,98.24,1.76,50000.0
0.0,0.0,0.0,0.0,98.24,1.76,50000.0
0.0,0.0,0.0,0.0,98.24,1.76,50000.0
0.0,0.0,0.0,0.0,98.24,1.76,50000.0
0.0,0.0,0.0,0.0,98.24,1.76,50000.0
0.0,0.0,0.0,0.0,98.24,1.76,50000.0
0.0,0.0,0.0,0.0,98.24,1.76,50000.0
0.0,0.0,0.0,0.0,98.24,1.76,50000.0
0.0,0.0,0.0,0.0,98.24,1.76,50000.0
0.0,0.0,0.0,0.0,98.24,1.76,50000.0
0.0,0.0,0.0,0.0,98.24,1.76,50000.0
0.0,0.0,0.0,0.0,98.24,1.76,50000.0
0.0,0.0,0.0,0.0,98.24,1.76,50000.0
0.0,0.0,0.0,0.0,98.24,1.76,50000.0
0.0,0.0,0.0,0.0,98.24,1.76,50000.0
0.0,0.0,0.0,0.0,98.24,1.76,50000.0
0.0,0.0,0.0,0.0,98.24,1.76,50000.0
0.0,0.0,0.0,0.0,98.24,1.76,50000.0
0.0,0.0,0.0,0.0,98.24,1.76,50000.0
0.0,0.0,0.0,0.0,98.24,1.76,50000.0
0.0,0.0,0.0,0.0,98.24,1.76,50000.0
0.0,0.0,0.0,0.0,98.24,1.76,50000.0
0.0,0.0,0.0,0.0,98.24,1.76,50000.0
0.0,0.0,0.0,0.0,98.24,1.76,50000.0
0.0,0.0,0.0,0.0,98.24,1.76,50000.0
0.0,0.0,0.0,0.0,98.24,1.76,50000.0
0.0,0.0,0.0,0.0,98.24,1.76,50000.0
0.0,0.0,0.0,0.0,98.24,1.76,50000.0
0.0,0.0,0.0,0.0,98.24,1.76,50000.0
0.0,0.0,0.0,0.0,98.24,1.76,50000.0
0.0,0.0,0.0,0.0,98.24,1.76,50000.0
0.0,0.0,0.0,0.0,98.24,1.76,50000.0
0.0,0.0,0.0,0.0,98.24,1.76,50000.0
0.0,0.0,0.0,0.0,98.24,1.76,50000.0
0.0,0.0,0.0,0.0,98.24,1.76,50000.0
0.0,0.0,0.0,0.0,98.24,1.76,50000.0
0.0,0.0,0.0,0.0,98.24,1.76,50000.0
0.0,0.0,0.0,0.0,98.24,1.76,50000.0
0.0,0.0,0.0,0.0,98.24,1.76,50000.0
0.0,0.0,0.0,0.0,98.24,1.76,50000.0
0.0,0.0,0.0,0.0,98.24,1.76,50000.0
0.0,0.0,0.0,0.0,98.24,1.76,50000.0
0.0,0.0,0.0,0.0,98.24,1.76,50000.0
0.0,0.0,0.0,0.0,98.24,1.76,50000.0
0.0,0.0,0.0,0.0,98.24,1.76,50000.0
0.0,0.0,0.0,0.0,98.24,1.76,50000.0
0.0,0.0,0.0,0.0,98.24,1.76,50000.0
0.0,0.0,0.0,0.0,98.24,1.76,50000.0
0.0,0.0,0.0,0.0,98.24,1.76,50000.0
0.0,0.0,0.0,0.0,98.24,1.76,50000.0
0.0,0.0,0.0,0.0,98.24,1.76,50000.0
0.0,0.0,0.0,0.0,98.24,1.76,50000.0
0.0,0.0,0.0,0.0,98.24,1.76,50000.0
0.0,0.0,0.0,0.0,98.24,1.76,50000.0
0.0,0.0,0.0,0.0,98.24,1.76,50000.0
0.0,0.0,0.0,0.0,98.24,1.76,50000.0
0.0,0.0,0.0,0.0,98.24,1.76,50000.0
0.0,0.0,0.0,0.0,98.24,1.76,50000.0
0.0,0.0,0.0,0.0,98.24,1.76,50000.0
0.0,0.0,0.0,0.0,98.24,1.76,50000.0
0.0,0.0,0.0,0.0,98.24,1.76,50000.0
0.0,0.0,0.0,0.0,98.24,1.76,50000.0
0.0,0.0,0.0,0.0,98.24,1.76,50000.0
0.0,0.0,0.0,0.0,98.24,1.76,50000.0
0.0,0.0,0.0,0.0,98.24,1.76,50000.0
0.0,0.0,0.0,0.0,98.24,1.76,50000.0
0.0,0.0,0.0,0.0,98.24,1.76,50000.0
0.0,0.0,0.0,0.0,98.24,1.76,50000.0
0.0,0.0,0.0,0.0,98.24,1.76,50000.0
0.0,0.0,0.0,0.0,98.24,1.76,50000.0
0.0,0.0,0.0,0.0,98.24,1.76,50000.0
0.0,0.0,0.0,0.0,98.24,1.76,50000.0
0.0,0.0,0.0,0.0,98.24,1.76,50000.0
0.0,0.0,0.0,0.0,98.24,1.76,50000.0
0.0,0.0,0.0,0.0,98.24,1.76,50000.0
0.0,0.0,0.0,0.0,98.24,1.76,50000.0
0.0,0.0,0.0,0.0,98.24,1.76,50000.0
0.0,0.0,0.0,0.0,98.24,1.76,50000.0
0.0,0.0,0.0,0.0,98.24,1.76,50000.0
0.0,0.0,0.0,0.0,98.24,1.76,50000.0
0.0,0.0,0.0,0.0,98.24,1.76,50000.0
0.0,0.0,0.0,0.0,98.24,1.76,50000.0
0.0,0.0,0.0,0.0,98.24,1.76,50000.0
0.0,0.0,0.0,0.0,98.24,1.76,50000.0
0.0,0.0,0.0,0.0,98.24,1.76,50000.0
0.0,0.0,0.0,0.0,98.24,1.76,50000.0
0.0,0.0,0.0,0.0,98.24,1.76,50000.0
0.0,0.0,0.0,0.0,98.24,1.76,50000.0
0.0,0.0,0.0,0.0,98.24,1.76,50000.0
0.0,0.0,0.0,0.0,98.24,1.76,50000.0
0.0,0.0,0.0,0.0,98.24,1.76,50000.0
0.0,0.0,0.0,0.0,98.24,1.76,50000.0
0.0,0.0,0.0,0.0,98.24,1.76,50000.0
0.0,0.0,0.0,0.0,98.24,1.76,50000.0
0.0,0.0,0.0,0.0,98.24,1.76,50000.0
0.0,0.0,0.0,0.0,98.24,1.76,50000.0
0.0,0.0,0.0,0.0,98.24,1.76,50000.0
0.0,0.0,0.0,0.0,98.24,1.76,50000.0
0.0,0.0,0.0,0.0,98.24,1.76,50000.0
0.0,0.0,0.0,0.0,98.24,1.76,50000.0
0.0,0.0,0.0,0.0,98.24,1.76,50000.0
0.0,0.0,0.0,0.0,98.24,1.76,50000.0
0.0,0.0,0.0,0.0,98.24,1.76,50000.0
0.0,0.0,0.0,0.0,98.24,1.76,50000.0
0.0,0.0,0.0,0.0,98.24,1.76,50000.0
0.0,0.0,0.0,0.0,98.24,1.76,50000.0
0.0,0.0,0.0,0.0,98.24,1.76,50000.0
0.0,0.0,0.0,0.0,98.24,1.76,50000.0
0.0,0.0,0.0,0.0,98.24,1.76,50000.0
0.0,0.0,0.0,0.0,98.24,1.76,50000.0
0.0,0.0,0.0,0.0,98.24,1.76,50000.0
0.0,0.0,0.0,0.0,98.24,1.76,50000.0
0.0,0.0,0.0,0.0,98.24,1.76,50000.0
0.0,0.0,0.0,0.0,98.24,1.76,50000.0
0.0,0.0,0.0,0.0,98.24,1.76,50000.0
0.0,0.0,0.0,0.0,98.24,1.76,50000.0
0.0,0.0,0.0,0.0,98.24,1.76,50000.0
0.0,0.0,0.0,0.0,98.24,1.76,50000.0
0.0,0.0,0.0,0.0,98.24,1.76,50000.0
0.0,0.0,0.0,0.0,98.24,1.76,50000.0
0.0,0.0,0.0,0.0,98.24,1.76,50000.0
0.0,0.0,0.0,0.0,98.24,1.76,50000.0
0.0,0.0,0.0,0.0,98.24,1.76,50000.0
0.0,0.0,0.0,0.0,98.24,1.76,50000.0
0.0,0.0,0.0,0.0,98.24,1.76,50000.0
0.0,0.0,0.0,0.0,98.24,1.76,50000.0
0.0,0.0,0.0,0.0,98.24,1.76,50000.0
0.0,0.0,0.0,0.0,98.24,1.76,50000.0
0.0,0.0,0.0,0.0,98.24,1.76,50000.0
0.0,0.0,0.0,0.0,98.24,1.76,50000.0
0.0,0.0,0.0,0.0,98.24,1.76,50000.0
0.0,0.0,0.0,0.0,98.24,1.76,50000.0
0.0,0.0,0.0,0.0,98.24,1.76,50000.0
0.0,0.0,0.0,0.0,98.24,1.76,50000.0
0.0,0.0,0.0,0.0,98.24,1.76,50000.0
0.0,0.0,0.0,0.0,98.24,1.76,50000.0
0.0,0.0,0.0,0.0,98.24,1.76,50000.0
0.0,0.0,0.0,0.0,98.24,1.76,50000.0
0.0,0.0,0.0,0.0,98.24,1.76,50000.0
0.0,0.0,0.0,0.0,98.24,1.76,50000.0
0.0,0.0,0.0,0.0,98.24,1.76,50000.0
0.0,0.0,0.0,0.0,98.24,1.76,50000.0
0.0,0.0,0.0,0.0,98.24,1.76,50000.0
0.0,0.0,0.0,0.0,98.24,1.76,50000.0
0.0,0.0,0.0,0.0,98.24,1.76,50000.0
0.0,0.0,0.0,0.0,98.24,1.76,50000.0
0.0,0.0,0.0,0.0,98.24,1.76,50000.0
0.0,0.0,0.0,0.0,98.24,1.76,50000.0
0.0,0.0,0.0,0.0,98.24,1.76,50000.0
0.0,0.0,0.0,0.0,98.24,1.76,50000.0
0.0,0.0,0.0,0.0,98.24,1.76,50000.0
0.0,0.0,0.0,0.0,98.24,1.76,50000.0