incubando,i_mild,i_grave,susceptibles,recuperados,muertos,infectados_totales
0.01,0.0,0.0,99.99,0.0,0.0,5.0
0.02,0.0,0.0,99.98,0.0,0.0,12.0
0.05,0.0,0.0,99.95,0.0,0.0,25.0
0.1,0.0,0.0,99.9,0.0,0.0,47.67
0.16,0.0,0.0,99.84,0.0,0.0,79.0
0.27,0.0,0.0,99.73,0.0,0.0,133.67
0.45,0.0,0.0,99.55,0.0,0.0,226.0
0.79,0.01,0.0,99.2,0.0,0.0,401.67
1.43,0.02,0.01,98.54,0.0,0.0,728.0
2.55,0.04,0.01,97.4,0.0,0.0,1301.67
4.47,0.07,0.02,95.44,0.0,0.0,2280.33
7.69,0.11,0.04,92.15,0.0,0.0,3924.33
12.92,0.2,0.07,86.81,0.0,0.0,6592.67
21.21,0.32,0.13,78.34,0.0,0.0,10832.33
33.28,0.56,0.24,65.92,0.0,0.0,17041.33
48.61,1.01,0.45,49.93,0.0,0.0,25033.33
64.98,1.82,0.78,32.42,0.0,0.0,33790.67
78.46,3.2,1.34,16.98,0.01,0.01,41512.33
85.1,5.54,2.28,7.05,0.02,0.01,46476.0
84.56,9.3,3.83,2.26,0.04,0.02,48872.33
77.74,15.3,6.26,0.6,0.07,0.03,49702.0
65.77,24.0,9.92,0.14,0.11,0.05,49928.67
49.9,35.25,14.53,0.03,0.2,0.08,49985.0
32.41,47.5,19.64,0.01,0.32,0.13,49996.67
16.98,58.24,24.04,0.0,0.56,0.19,50000.0
7.05,64.82,26.87,0.0,1.01,0.26,50000.0
2.26,67.42,28.17,0.0,1.82,0.34,50000.0
0.6,67.22,28.57,0.0,3.21,0.41,50000.0
0.14,65.2,28.59,0.0,5.56,0.51,50000.0
0.03,61.5,28.54,0.0,9.34,0.59,50000.0
0.01,55.48,28.45,0.0,15.38,0.68,50000.0
0.0,46.75,28.34,0.0,24.13,0.78,50000.0
0.0,35.41,28.24,0.0,35.49,0.86,50000.0
0.0,23.04,28.14,0.0,47.88,0.94,50000.0
0.0,12.06,27.99,0.0,58.93,1.02,50000.0
0.0,5.03,27.81,0.0,66.05,1.1,50000.0
0.0,1.62,27.53,0.0,69.66,1.19,50000.0
0.0,0.43,27.13,0.0,71.16,1.28,50000.0
0.0,0.1,26.52,0.0,72.02,1.36,50000.0
0.0,0.02,25.54,0.0,73.0,1.45,50000.0
0.0,0.0,23.99,0.0,74.49,1.51,50000.0
0.0,0.0,21.62,0.0,76.79,1.59,50000.0
0.0,0.0,18.12,0.0,80.24,1.65,50000.0
0.0,0.0,13.74,0.0,84.57,1.69,50000.0
0.0,0.0,8.86,0.0,89.4,1.73,50000.0
0.0,0.0,4.66,0.0,93.58,1.76,50000.0
0.0,0.0,1.91,0.0,96.32,1.77,50000.0
0.0,0.0,0.6,0.0,97.63,1.77,50000.0
0.0,0.0,0.16,0.0,98.07,1.78,50000.0
0.0,0.0,0.04,0.0,98.19,1.78,50000.0
0.0,0.0,0.01,0.0,98.22,1.78,50000.0
0.0,0.0,0.0,0.0,98.22,1.78,50000.0
0.0,0.0,0.0,0.0,98.22,1.78,50000.0
0.0,0.0,0.0,0.0,98.22,1.78,50000.0
0.0,0.0,0.0,0.0,98.22,1.78,50000.0
0.0,0.0,0.0,0.0,98.22,1.78,50000.0
0.0,0.0,0.0,0.0,98.22,1.78,50000.0
0.0,0.0,0.0,0.0,98.22,1.78,50000.0
0.0,0.0,0.0,0.0,98.22,1.78,50000.0
0.0,0.0,0.0,0.0,98.22,1.78,50000.0
0.0,0.0,0.0,0.0,98.22,1.78,50000.0
0.0,0.0,0.0,0.0,98.22,1.78,50000.0
0.0,0.0,0.0,0.0,98.22,1.78,50000.0
0.0,0.0,0.0,0.0,98.22,1.78,50000.0
0.0,0.0,0.0,0.0,98.22,1.78,50000.0
0.0,0.0,0.0,0.0,98.22,1.78,50000.0
0.0,0.0,0.0,0.0,98.22,1.78,50000.0
0.0,0.0,0.0,0.0,98.22,1.78,50000.0
0.0,0.0,0.0,0.0,98.22,1.78,50000.0
0.0,0.0,0.0,0.0,98.22,1.78,50000.0
0.0,0.0,0.0,0.0,98.22,1.78,50000.0
0.0,0.0,0.0,0.0,98.22,1.78,50000.0
0.0,0.0,0.0,0.0,98.22,1.78,50000.0
0.0,0.0,0.0,0.0,98.22,1.78,50000.0
0.0,0.0,0.0,0.0,98.22,1.78,50000.0
0.0,0.0,0.0,0.0,98.22,1.78,50000.0
0.0,0.0,0.0,0.0,98.22,1.78,50000.0
0.0,0.0,0.0,0.0,98.22,1.78,50000.0
0.0,0.0,0.0,0.0,98.22,1.78,50000.0
0.0,0.0,0.0,0.0,98.22,1.78,50000.0
0.0,0.0,0.0,0.0,98.22,1.78,50000.0
0.0,0.0,0.0,0.0,98.22,1.78,50000.0
0.0,0.0,0.0,0.0,98.22,1.78,50000.0
0.0,0.0,0.0,0.0,98.22,1.78,50000.0
0.0,0.0,0.0,0.0,98.22,1.78,50000.0
0.0,0.0,0.0,0.0,98.22,1.78,50000.0
0.0,0.0,0.0,0.0,98.22,1.78,50000.0
0.0,0.0,0.0,0.0,98.22,1.78,50000.0
0.0,0.0,0.0,0.0,98.22,1.78,50000.0
0.0,0.0,0.0,0.0,98.22,1.78,50000.0
0.0,0.0,0.0,0.0,98.22,1.78,50000.0
0.0,0.0,0.0,0.0,98.22,1.78,50000.0
0.0,0.0,0.0,0.0,98.22,1.78,50000.0
0.0,0.0,0.0,0.0,98.22,1.78,50000.0
0.0,0.0,0.0,0.0,98.22,1.78,50000.0
0.0,0.0,0.0,0.0,98.22,1.78,50000.0
0.0,0.0,0.0,0.0,98.22,1.78,50000.0
0.0,0.0,0.0,0.0,98.22,1.78,50000.0
0.0,0.0,0.0,0.0,98.22,1.78,50000.0
0.0,0.0,0.0,0.0,98.22,1.78,50000.0
0.0,0.0,0.0,0.0,98.22,1.78,50000.0
0.0,0.0,0.0,0.0,98.22,1.78,50000.0
0.0,0.0,0.0,0.0,98.22,1.78,50000.0
0.0,0.0,0.0,0.0,98.22,1.78,50000.0
0.0,0.0,0.0,0.0,98.22,1.78,50000.0
0.0,0.0,0.0,0.0,98.22,1.78,50000.0
0.0,0.0,0.0,0.0,98.22,1.78,50000.0
0.0,0.0,0.0,0.0,98.22,1.78,50000.0
0.0,0.0,0.0,0.0,98.22,1.78,50000.0
0.0,0.0,0.0,0.0,98.22,1.78,50000.0
0.0,0.0,0.0,0.0,98.22,1.78,50000.0
0.0,0.0,0.0,0.0,98.22,1.78,50000.0
0.0,0.0,0.0,0.0,98.22,1.78,50000.0
0.0,0.0,0.0,0.0,98.22,1.78,50000.0
0.0,0.0,0.0,0.0,98.22,1.78,50000.0
0.0,0.0,0.0,0.0,98.22,1.78,50000.0
0.0,0.0,0.0,0.0,98.22,1.78,50000.0
0.0,0.0,0.0,0.0,98.22,1.78,50000.0
0.0,0.0,0.0,0.0,98.22,1.78,50000.0
0.0,0.0,0.0,0.0,98.22,1.78,50000.0
0.0,0.0,0.0,0.0,98.22,1.78,50000.0
0.0,0.0,0.0,0.0,98.22,1.78,50000.0
0.0,0.0,0.0,0.0,98.22,1.78,50000.0
0.0,0.0,0.0,0.0,98.22,1.78,50000.0
0.0,0.0,0.0,0.0,98.22,1.78,50000.0
0.0,0.0,0.0,0.0,98.22,1.78,50000.0
0.0,0.0,0.0,0.0,98.22,1.78,50000.0
0.0,0.0,0.0,0.0,98.22,1.78,50000.0
0.0,0.0,0.0,0.0,98.22,1.78,50000.0
0.0,0.0,0.0,0.0,98.22,1.78,50000.0
0.0,0.0,0.0,0.0,98.22,1.78,50000.0
0.0,0.0,0.0,0.0,98.22,1.78,50000.0
0.0,0.0,0.0,0.0,98.22,1.78,50000.0
0.0,0.0,0.0,0.0,98.22,1.78,50000.0
0.0,0.0,0.0,0.0,98.22,1.78,50000.0
0.0,0.0,0.0,0.0,98.22,1.78,50000.0
0.0,0.0,0.0,0.0,98.22,1.78,50000.0
0.0,0.0,0.0,0.0,98.22,1.78,50000.0
0.0,0.0,0.0,0.0,98.22,1.78,50000.0
0.0,0.0,0.0,0.0,98.22,1.78,50000.0
0.0,0.0,0.0,0.0,98.22,1.78,50000.0
0.0,0.0,0.0,0.0,98.22,1.78,50000.0
0.0,0.0,0.0,0.0,98.22,1.78,50000.0
0.0,0.0,0.0,0.0,98.22,1.78,50000.0
0.0,0.0,0.0,0.0,98.22,1.78,50000.0
0.0,0.0,0.0,0.0,98.22,1.78,50000.0
0.0,0.0,0.0,0.0,98.22,1.78,50000.0
0.0,0.0,0.0,0.0,98.22,1.78,50000.0
0.0,0.0,0.0,0.0,98.22,1.78,50000.0
0.0,0.0,0.0,0.0,98.22,1.78,50000.0
0.0,0.0,0.0,0.0,98.22,1.78,50000.0
0.0,0.0,0.0,0.0,98.22,1.78,50000.0
0.0,0.0,0.0,0.0,98.22,1.78,50000.0
0.0,0.0,0.0,0.0,98.22,1.78,50000.0
0.0,0.0,0.0,0.0,98.22,1.78,50000.0
0.0,0.0,0.0,0.0,98.22,1.78,50000.0
0.0,0.0,0.0,0.0,98.22,1.78,50000.0
0.0,0.0,0.0,0.0,98.22,1.78,50000.0
0.0,0.0,0.0,0.0,98.22,1.78,50000.0
0.0,0.0,0.0,0.0,98.22,1.78,50000.0
0.0,0.0,0.0,0.0,98.22,1.78,50000.0
0.0,0.0,0.0,0.0,98.22,1.78,50000.0
0.0,0.0,0.0,0.0,98.22,1.78,50000.0
0.0,0.0,0.0,0.0,98.22,1.78,50000.0
0.0,0.0,0.0,0.0,98.22,1.78,50000.0
0.0,0.0,0.0,0.0,98.22,1.78,50000.0
0.0,0.0,0.0,0.0,98.22,1.78,50000.0
0.0,0.0,0.0,0.0,98.22,1.78,50000.0
0.0,0.0,0.0,0.0,98.22,1.78,50000.0
0.0,0.0,0.0,0.0,98.22,1.78,50000.0
0.0,0.0,0.0,0.0,98.22,1.78,50000.0
0.0,0.0,0.0,0.0,98.22,1.78,50000.0
0.0,0.0,0.0,0.0,98.22,1.78,50000.0
0.0,0.0,0.0,0.0,98.22,1.78,50000.0
0.0,0.0,0.0,0.0,98.22,1.78,50000.0
0.0,0.0,0.0,0.0,98.22,1.78,50000.0
0.0,0.0,0.0,0.0,98.22,1.78,50000.0
0.0,0.0,0.0,0.0,98.22,1.78,50000.0
0.0,0.0,0.0,0.0,98.22,1.78,50000.0
0.0,0.0,0.0,0.0,98.22,1.78,50000.0
0.0,0.0,0.0,0.0,98.22,1.78,50000.0
0.0,0.0,0.0,0.0,98.22,1.78,50000.0
0.0,0.0,0.0,0.0,98.22,1.78,50000.0
0.0,0.0,0.0,0.0,98.22,1.78,50000.0
0.0,0.0,0.0,0.0,98.22,1.78,50000.0
0.0,0.0,0.0,0.0,98.22,1.78,50000.0
0.0,0.0,0.0,0.0,98.22,1.78,50000.0
0.0,0.0,0.0,0.0,98.22,1.78,50000.0
0.0,0.0,0.0,0.0,98.22,1.78,50000.0
0.0,0.0,0.0,0.0,98.22,1.78,50000.0
0.0,0.0,0.0,0.0,98.22,1.78,50000.0
0.0,0.0,0.0,0.0,98.22,1.78,50000.0
0.0,0.0,0.0,0.0,98.22,1.78,50000.0
0.0,0.0,0.0,0.0,98.22,1.78,50000.0
0.0,0.0,0.0,0.0,98.22,1.78,50000.0
0.0,0.0,0.0,0.0,98.22,1.78,50000.0
0.0,0.0,0.0,0.0,98.22,1.78,50000.0
0.0,0.0,0.0,0.0,98.22,1.78,50000.0
0.0,0.0,0.0,0.0,98.22,1.78,50000.0
0.0,0.0,0.0,0.0,98.22,1.78,50000.0
0.0,0.0,0.0,0.0,98.22,1.78,50000.0
0.0,0.0,0.0,0.0,98.22,1.78,50000.0
0.0,0.0,0.0,0.0,98.22,1.78,50000.0
0.0,0.0,0.0,0.0,98.22,1.78,50000.0
0.0,0.0,0.0,0.0,98.22,1.78,50000.0
0.0,0.0,0.0,0.0,98.22,1.78,50000.0
0.0,0.0,0.0,0.0,98.22,1.78,50000.0
0.0,0.0,0.0,0.0,98.22,1.78,50000.0
0.0,0.0,0.0,0.0,98.22,1.78,50000.0
0.0,0.0,0.0,0.0,98.22,1.78,50000.0
0.0,0.0,0.0,0.0,98.22,1.78,50000.0
0.0,0.0,0.0,0.0,98.22,1.78,50000.0
0.0,0.0,0.0,0.0,98.22,1.78,50000.0
0.0,0.0,0.0,0.0,98.22,1.78,50000.0
0.0,0.0,0.0,0.0,98.22,1.78,50000.0
0.0,0.0,0.0,0.0,98.22,1.78,50000.0
0.0,0.0,0.0,0.0,98.22,1.78,50000.0
0.0,0.0,0.0,0.0,98.22,1.78,50000.0
0.0,0.0,0.0,0.0,98.22,1.78,50000.0
0.0,0.0,0.0,0.0,98.22,1.78,50000.0
0.0,0.0,0.0,0.0,98.22,1.78,50000.0
0.0,0.0,0.0,0.0,98.22,1.78,50000.0
0.0,0.0,0.0,0.0,98.22,1.78,50000.0
0.0,0.0,0.0,0.0,98.22,1.78,50000.0
0.0,0.0,0.0,0.0,98.22,1.78,50000.0
0.0,0.0,0.0,0.0,98.22,1.78,50000.0
0.0,0.0,0.0,0.0,98.22,1.78,50000.0
0.0,0.0,0.0,0.0,98.22,1.78,50000.0
0.0,0.0,0.0,0.0,98.22,1.78,50000.0
0.0,0.0,0.0,0.0,98.22,1.78,50000.0
0.0,0.0,0.0,0.0,98.22,1.78,50000.0
0.0,0.0,0.0,0.0,98.22,1.78,50000.0
0.0,0.0,0.0,0.0,98.22,1.78,50000.0
0.0,0.0,0.0,0.0,98.22,1.78,50000.0
0.0,0.0,0.0,0.0,98.22,1.78,50000.0
0.0,0.0,0.0,0.0,98.22,1.78,50000.0
0.0,0.0,0.0,0.0,98.22,1.78,50000.0
0.0,0.0,0.0,0.0,98.22,1.78,50000.0
0.0,0.0,0.0,0.0,98.22,1.78,50000.0
0.0,0.0,0.0,0.0,98.22,1.78,50000.0
0.0,0.0,0.0,0.0,98.22,1.78,50000.0
0.0,0.0,0.0,0.0,98.22,1.78,50000.0
0.0,0.0,0.0,0.0,98.22,1.78,50000.0
0.0,0.0,0.0,0.0,98.22,1.78,50000.0
0.0,0.0,0.0,0.0,98.22,1.78,50000.0
0.0,0.0,0.0,0.0,98.22,1.78,50000.0
0.0,0.0,0.0,0.0,98.22,1.78,50000.0
0.0,0.0,0.0,0.0,98.22,1.78,50000.0
0.0,0.0,0.0,0.0,98.22,1.78,50000.0
0.0,0.0,0.0,0.0,98.22,1.78,50000.0
0.0,0.0,0.0,0.0,98.22,1.78,50000.0
0.0,0.0,0.0,0.0,98.22,1.78,50000.0
0.0,0.0,0.0,0.0,98.22,1.78,50000.0
0.0,0.0,0.0,0.0,98.22,1.78,50000.0
0.0,0.0,0.0,0.0,98.22,1.78,50000.0
0.0,0.0,0.0,0.0,98.22,1.78,50000.0
0.0,0.0,0.0,0.0,98.22,1.78,50000.0
0.0,0.0,0.0,0.0,98.22,1.78,50000.0
0.0,0.0,0.0,0.0,98.22,1.78,50000.0
0.0,0.0,0.0,0.0,98.22,1.78,50000.0
0.0,0.0,0.0,0.0,98.22,1.78,50000.0
0.0,0.0,0.0,0.0,98.22,1.78,50000.0
0.0,0.0,0.0,0.0,98.22,1.78,50000.0
0.0,0.0,0.0,0.0,98.22,1.78,50000.0
0.0,0.0,0.0,0.0,98.22,1.78,50000.0
0.0,0.0,0.0,0.0,98.22,1.78,50000.0
0.0,0.0,0.0,0.0,98.22,1.78,50000.0
0.0,0.0,0.0,0.0,98.22,1.78,50000.0
0.0,0.0,0.0,0.0,98.22,1.78,50000.0
0.0,0.0,0.0,0.0,98.22,1.78,50000.0
0.0,0.0,0.0,0.0,98.22,1.78,50000.0
0.0,0.0,0.0,0.0,98.22,1.78,50000.0
0.0,0.0,0.0,0.0,98.22,1.78,50000.0
0.0,0.0,0.0,0.0,98.22,1.78,50000.0
0.0,0.0,0.0,0.0,98.22,1.78,50000.0
0.0,0.0,0.0,0.0,98.22,1.78,50000.0
0.0,0.0,0.0,0.0,98.22,1.78,50000.0
0.0,0.0,0.0,0.0,98.22,1.78,50000.0
0.0,0.0,0.0,0.0,98.22,1.78,50000.0
0.0,0.0,0.0,0.0,98.22,1.78,50000.0
0.0,0.0,0.0,0.0,98.22,1.78,50000.0
0.0,0.0,0.0,0.0,98.22,1.78,50000.0
0.0,0.0,0.0,0.0,98.22,1.78,50000.0
0.0,0.0,0.0,0.0,98.22,1.78,50000.0
0.0,0.0,0.0,0.0,98.22,1.78,50000.0
0.0,0.0,0.0,0.0,98.22,1.78,50000.0
0.0,0.0,0.0,0.0,98.22,1.78,50000.0
0.0,0.0,0.0,0.0,98.22,1.78,50000.0
0.0,0.0,0.0,0.0,98.22,1.78,50000.0
0.0,0.0,0.0,0.0,98.22,1.78,50000.0
0.0,0.0,0.0,0.0,98.22,1.78,50000.0
0.0,0.0,0.0,0.0,98.22,1.78,50000.0
0.0,0.0,0.0,0.0,98.22,1.78,50000.0
0.0,0.0,0.0,0.0,98.22,1.78,50000.0
0.0,0.0,0.0,0.0,98.22,1.78,50000.0
0.0,0.0,0.0,0.0,98.22,1.78,50000.0
0.0,0.0,0.0,0.0,98.22,1.78,50000.0
0.0,0.0,0.0,0.0,98.22,1.78,50000.0
0.0,0.0,0.0,0.0,98.22,1.78,50000.0
0.0,0.0,0.0,0.0,98.22,1.78,50000.0
0.0,0.0,0.0,0.0,98.22,1.78,50000.0
0.0,0.0,0.0,0.0,98.22,1.78,50000.0
0.0,0.0,0.0,0.0,98.22,1.78,50000.0
0.0,0.0,0.0,0.0,98.22,1.78,50000.0
0.0,0.0,0.0,0.0,98.22,1.78,50000.0
0.0,0.0,0.0,0.0,98.22,1.78,50000.0
0.0,0.0,0.0,0.0,98.22,1.78,50000.0
0.0,0.0,0.0,0.0,98.22,1.78,50000.0
0.0,0.0,0.0,0.0,98.22,1.78,50000.0
0.0,0.0,0.0,0.0,98.22,1.78,50000.0
0.0,0.0,0.0,0.0,98.22,1.78,50000.0
0.0,0.0,0.0,0.0,98.22,1.78,50000.0
0.0,0.0,0.0,0.0,98.22,1.78,50000.0
0.0,0.0,0.0,0.0,98.22,1.78,50000.0
0.0,0.0,0.0,0.0,98.22,1.78,50000.0
0.0,0.0,0.0,0.0,98.22,1.78,50000.0
0.0,0.0,0.0,0.0,98.22,1.78,50000.0
0.0,0.0,0.0,0.0,98.22,1.78,50000.0
0.0,0.0,0.0,0.0,98.22,1.78,50000.0
0.0,0.0,0.0,0.0,98.22,1.78,50000.0
0.0,0.0,0.0,0.0,98.22,1.78,50000.0
0.0,0.0,0.0,0.0,98.22,1.78,50000.0
0.0,0.0,0.0,0.0,98.22,1.78,50000.0
0.0,0.0,0.0,0.0,98.22,1.78,50000.0
0.0,0.0,0.0,0.0,98.22,1.78,50000.0
0.0,0.0,0.0,0.0,98.22,1.78,50000.0
0.0,0.0,0.0,0.0,98.22,1.78,50000.0
0.0,0.0,0.0,0.0,98.22,1.78,50000.0
0.0,0.0,0.0,0.0,98.22,1.78,50000.0
0.0,0.0,0.0,0.0,98.22,1.78,50000.0
0.0,0.0,0.0,0.0,98.22,1.78,50000.0
0.0,0.0,0.0,0.0,98.22,1.78,50000.0
0.0,0.0,0.0,0.0,98.22,1.78,50000.0
0.0,0.0,0.0,0.0,98.22,1.78,50000.0
0.0,0.0,0.0,0.0,98.22,1.78,50000.0
0.0,0.0,0.0,0.0,98.22,1.78,50000.0
0.0,0.0,0.0,0.0,98.22,1.78,50000.0
0.0,0.0,0.0,0.0,98.22,1.78,50000.0
0.0,0.0,0.0,0.0,98.22,1.78,50000.0
0.0,0.0,0.0,0.0,98.22,1.78,50000.0
0.0,0.0,0.0,0.0,98.22,1.78,50000.0
0.0,0.0,0.0,0.0,98.22,1.78,50000.0
0.0,0.0,0.0,0.0,98.22,1.78,50000.0
0.0,0.0,0.0,0.0,98.22,1.78,50000.0
0.0,0.0,0.0,0.0,98.22,1.78,50000.0
0.0,0.0,0.0,0.0,98.22,1.78,50000.0
0.0,0.0,0.0,0.0,98.22,1.78,50000.0
0.0,0.0,0.0,0.0,98.22,1.78,50000.0
0.0,0.0,0.0,0.0,98.22,1.78,50000.0
0.0,0.0,0.0,0.0,98.22,1.78,50000.0
0.0,0.0,0.0,0.0,98.22,1.78,50000.0
0.0,0.0,0.0,0.0,98.22,1.78,50000.0
0.0,0.0,0.0,0.0,98.22,1.78,50000.0
0.0,0.0,0.0,0.0,98.22,1.78,50000.0
0.0,0.0,0.0,0.0,98.22,1.78,50000.0
0.0,0.0,0.0,0.0,98.22,1.78,50000.0
0.0,0.0,0.0,0.0,98.22,1.78,50000.0
0.0,0.0,0.0,0.0,98.22,1.78,50000.0
0.0,0.0,0.0,0.0,98.22,1.78,50000.0
0.0,0.0,0.0,0.0,98.22,1.78,50000.0
0.0,0.0,0.0,0.0,98.22,1.78,50000.0
0.0,0.0,0.0,0.0,98.22,1.78,50000.0
0.0,0.0,0.0,0.0,98.22,1.78,50000.0
0.0,0.0,0.0,0.0,98.22,1.78,50000.0
0.0,0.0,0.0,0.0,98.22,1.78,50000.0