incubando,i_mild,i_grave,susceptibles,recuperados,muertos,infectados_totales
0.95,0.0,0.0,99.05,0.0,0.0,476.0
2.5,0.0,0.0,97.5,0.0,0.0,1250.0
4.8,0.0,0.0,95.2,0.0,0.0,2400.33
7.91,0.0,0.0,92.09,0.0,0.0,3954.67
11.82,0.0,0.0,88.18,0.0,0.0,5910.0
16.81,0.0,0.0,83.19,0.0,0.0,8404.0
22.94,0.0,0.0,77.06,0.0,0.0,11467.67
29.49,0.68,0.27,69.56,0.0,0.0,15220.0
36.69,1.79,0.71,60.81,0.0,0.0,19593.0
43.97,3.41,1.39,51.23,0.0,0.01,24384.67
51.13,5.59,2.31,40.96,0.0,0.01,29519.0
57.12,8.37,3.43,31.06,0.0,0.01,34469.33
60.9,11.97,4.82,22.29,0.0,0.02,38852.67
61.94,16.28,6.61,15.13,0.0,0.04,42436.0
59.8,21.57,8.81,9.76,0.0,0.06,45118.0
54.75,27.73,11.37,6.06,0.0,0.09,46968.67
47.62,34.55,14.1,3.61,0.0,0.12,48196.0
38.93,41.13,17.06,2.03,0.68,0.17,48984.33
29.97,47.06,19.87,1.09,1.79,0.22,49454.33
21.74,51.64,22.38,0.56,3.41,0.28,49722.0
14.83,54.58,24.36,0.3,5.59,0.35,49851.67
9.61,55.58,25.85,0.16,8.37,0.43,49920.67
5.98,54.58,26.88,0.08,11.97,0.51,49961.0
3.56,52.01,27.5,0.04,16.28,0.59,49978.0
2.01,47.86,27.87,0.02,21.57,0.67,49989.0
1.08,42.36,28.05,0.01,27.73,0.76,49994.67
0.55,35.94,28.11,0.01,34.55,0.85,49997.33
0.29,28.85,28.11,0.0,41.81,0.94,49997.67
0.16,21.91,27.81,0.0,49.11,1.02,49999.0
0.08,15.77,27.33,0.0,55.71,1.12,49999.0
0.04,10.67,26.61,0.0,61.47,1.2,49999.33
0.02,6.89,25.66,0.0,66.12,1.3,49999.33
0.01,4.31,24.54,0.0,69.77,1.37,49999.67
0.01,2.57,23.14,0.0,72.82,1.46,50000.0
0.0,1.44,21.38,0.0,75.64,1.53,50000.0
0.0,0.77,19.27,0.0,78.38,1.58,50000.0
0.0,0.38,16.81,0.0,81.17,1.63,50000.0
0.0,0.2,14.17,0.0,83.95,1.68,50000.0
0.0,0.11,11.29,0.0,86.87,1.72,50000.0
0.0,0.05,8.57,0.0,89.62,1.76,50000.0
0.0,0.03,6.14,0.0,92.05,1.78,50000.0
0.0,0.02,4.2,0.0,93.99,1.8,50000.0
0.0,0.01,2.72,0.0,95.47,1.81,50000.0
0.0,0.0,1.66,0.0,96.52,1.82,50000.0
0.0,0.0,0.99,0.0,97.19,1.82,50000.0
0.0,0.0,0.56,0.0,97.62,1.82,50000.0
0.0,0.0,0.31,0.0,97.87,1.82,50000.0
0.0,0.0,0.16,0.0,98.01,1.82,50000.0
0.0,0.0,0.09,0.0,98.09,1.82,50000.0
0.0,0.0,0.04,0.0,98.13,1.82,50000.0
0.0,0.0,0.02,0.0,98.15,1.82,50000.0
0.0,0.0,0.01,0.0,98.16,1.82,50000.0
0.0,0.0,0.0,0.0,98.17,1.82,50000.0
0.0,0.0,0.0,0.0,98.17,1.82,50000.0
0.0,0.0,0.0,0.0,98.17,1.82,50000.0
0.0,0.0,0.0,0.0,98.17,1.82,50000.0
0.0,0.0,0.0,0.0,98.17,1.82,50000.0
0.0,0.0,0.0,0.0,98.17,1.82,50000.0
0.0,0.0,0.0,0.0,98.17,1.82,50000.0
0.0,0.0,0.0,0.0,98.17,1.82,50000.0
0.0,0.0,0.0,0.0,98.17,1.82,50000.0
0.0,0.0,0.0,0.0,98.18,1.82,50000.0
0.0,0.0,0.0,0.0,98.18,1.82,50000.0
0.0,0.0,0.0,0.0,98.18,1.82,50000.0
0.0,0.0,0.0,0.0,98.18,1.82,50000.0
0.0,0.0,0.0,0.0,98.18,1.82,50000.0
0.0,0.0,0.0,0.0,98.18,1.82,50000.0
0.0,0.0,0.0,0.0,98.18,1.82,50000.0
0.0,0.0,0.0,0.0,98.18,1.82,50000.0
0.0,0.0,0.0,0.0,98.18,1.82,50000.0
0.0,0.0,0.0,0.0,98.18,1.82,50000.0
0.0,0.0,0.0,0.0,98.18,1.82,50000.0
0.0,0.0,0.0,0.0,98.18,1.82,50000.0
0.0,0.0,0.0,0.0,98.18,1.82,50000.0
0.0,0.0,0.0,0.0,98.18,1.82,50000.0
0.0,0.0,0.0,0.0,98.18,1.82,50000.0
0.0,0.0,0.0,0.0,98.18,1.82,50000.0
0.0,0.0,0.0,0.0,98.18,1.82,50000.0
0.0,0.0,0.0,0.0,98.18,1.82,50000.0
0.0,0.0,0.0,0.0,98.18,1.82,50000.0
0.0,0.0,0.0,0.0,98.18,1.82,50000.0
0.0,0.0,0.0,0.0,98.18,1.82,50000.0
0.0,0.0,0.0,0.0,98.18,1.82,50000.0
0.0,0.0,0.0,0.0,98.18,1.82,50000.0
0.0,0.0,0.0,0.0,98.18,1.82,50000.0
0.0,0.0,0.0,0.0,98.18,1.82,50000.0
0.0,0.0,0.0,0.0,98.18,1.82,50000.0
0.0,0.0,0.0,0.0,98.18,1.82,50000.0
0.0,0.0,0.0,0.0,98.18,1.82,50000.0
0.0,0.0,0.0,0.0,98.18,1.82,50000.0
0.0,0.0,0.0,0.0,98.18,1.82,50000.0
0.0,0.0,0.0,0.0,98.18,1.82,50000.0
0.0,0.0,0.0,0.0,98.18,1.82,50000.0
0.0,0.0,0.0,0.0,98.18,1.82,50000.0
0.0,0.0,0.0,0.0,98.18,1.82,50000.0
0.0,0.0,0.0,0.0,98.18,1.82,50000.0
0.0,0.0,0.0,0.0,98.18,1.82,50000.0
0.0,0.0,0.0,0.0,98.18,1.82,50000.0
0.0,0.0,0.0,0.0,98.18,1.82,50000.0
0.0,0.0,0.0,0.0,98.18,1.82,50000.0
0.0,0.0,0.0,0.0,98.18,1.82,50000.0
0.0,0.0,0.0,0.0,98.18,1.82,50000.0
0.0,0.0,0.0,0.0,98.18,1.82,50000.0
0.0,0.0,0.0,0.0,98.18,1.82,50000.0
0.0,0.0,0.0,0.0,98.18,1.82,50000.0
0.0,0.0,0.0,0.0,98.18,1.82,50000.0
0.0,0.0,0.0,0.0,98.18,1.82,50000.0
0.0,0.0,0.0,0.0,98.18,1.82,50000.0
0.0,0.0,0.0,0.0,98.18,1.82,50000.0
0.0,0.0,0.0,0.0,98.18,1.82,50000.0
0.0,0.0,0.0,0.0,98.18,1.82,50000.0
0.0,0.0,0.0,0.0,98.18,1.82,50000.0
0.0,0.0,0.0,0.0,98.18,1.82,50000.0
0.0,0.0,0.0,0.0,98.18,1.82,50000.0
0.0,0.0,0.0,0.0,98.18,1.82,50000.0
0.0,0.0,0.0,0.0,98.18,1.82,50000.0
0.0,0.0,0.0,0.0,98.18,1.82,50000.0
0.0,0.0,0.0,0.0,98.18,1.82,50000.0
0.0,0.0,0.0,0.0,98.18,1.82,50000.0
0.0,0.0,0.0,0.0,98.18,1.82,50000.0
0.0,0.0,0.0,0.0,98.18,1.82,50000.0
0.0,0.0,0.0,0.0,98.18,1.82,50000.0
0.0,0.0,0.0,0.0,98.18,1.82,50000.0
0.0,0.0,0.0,0.0,98.18,1.82,50000.0
0.0,0.0,0.0,0.0,98.18,1.82,50000.0
0.0,0.0,0.0,0.0,98.18,1.82,50000.0
0.0,0.0,0.0,0.0,98.18,1.82,50000.0
0.0,0.0,0.0,0.0,98.18,1.82,50000.0
0.0,0.0,0.0,0.0,98.18,1.82,50000.0
0.0,0.0,0.0,0.0,98.18,1.82,50000.0
0.0,0.0,0.0,0.0,98.18,1.82,50000.0
0.0,0.0,0.0,0.0,98.18,1.82,50000.0
0.0,0.0,0.0,0.0,98.18,1.82,50000.0
0.0,0.0,0.0,0.0,98.18,1.82,50000.0
0.0,0.0,0.0,0.0,98.18,1.82,50000.0
0.0,0.0,0.0,0.0,98.18,1.82,50000.0
0.0,0.0,0.0,0.0,98.18,1.82,50000.0
0.0,0.0,0.0,0.0,98.18,1.82,50000.0
0.0,0.0,0.0,0.0,98.18,1.82,50000.0
0.0,0.0,0.0,0.0,98.18,1.82,50000.0
0.0,0.0,0.0,0.0,98.18,1.82,50000.0
0.0,0.0,0.0,0.0,98.18,1.82,50000.0
0.0,0.0,0.0,0.0,98.18,1.82,50000.0
0.0,0.0,0.0,0.0,98.18,1.82,50000.0
0.0,0.0,0.0,0.0,98.18,1.82,50000.0
0.0,0.0,0.0,0.0,98.18,1.82,50000.0
0.0,0.0,0.0,0.0,98.18,1.82,50000.0
0.0,0.0,0.0,0.0,98.18,1.82,50000.0
0.0,0.0,0.0,0.0,98.18,1.82,50000.0
0.0,0.0,0.0,0.0,98.18,1.82,50000.0
0.0,0.0,0.0,0.0,98.18,1.82,50000.0
0.0,0.0,0.0,0.0,98.18,1.82,50000.0
0.0,0.0,0.0,0.0,98.18,1.82,50000.0
0.0,0.0,0.0,0.0,98.18,1.82,50000.0
0.0,0.0,0.0,0.0,98.18,1.82,50000.0
0.0,0.0,0.0,0.0,98.18,1.82,50000.0
0.0,0.0,0.0,0.0,98.18,1.82,50000.0
0.0,0.0,0.0,0.0,98.18,1.82,50000.0
0.0,0.0,0.0,0.0,98.18,1.82,50000.0
0.0,0.0,0.0,0.0,98.18,1.82,50000.0
0.0,0.0,0.0,0.0,98.18,1.82,50000.0
0.0,0.0,0.0,0.0,98.18,1.82,50000.0
0.0,0.0,0.0,0.0,98.18,1.82,50000.0
0.0,0.0,0.0,0.0,98.18,1.82,50000.0
0.0,0.0,0.0,0.0,98.18,1.82,50000.0
0.0,0.0,0.0,0.0,98.18,1.82,50000.0
0.0,0.0,0.0,0.0,98.18,1.82,50000.0
0.0,0.0,0.0,0.0,98.18,1.82,50000.0
0.0,0.0,0.0,0.0,98.18,1.82,50000.0
0.0,0.0,0.0,0.0,98.18,1.82,50000.0
0.0,0.0,0.0,0.0,98.18,1.82,50000.0
0.0,0.0,0.0,0.0,98.18,1.82,50000.0
0.0,0.0,0.0,0.0,98.18,1.82,50000.0
0.0,0.0,0.0,0.0,98.18,1.82,50000.0
0.0,0.0,0.0,0.0,98.18,1.82,50000.0
0.0,0.0,0.0,0.0,98.18,1.82,50000.0
0.0,0.0,0.0,0.0,98.18,1.82,50000.0
0.0,0.0,0.0,0.0,98.18,1.82,50000.0
0.0,0.0,0.0,0.0,98.18,1.82,50000.0
0.0,0.0,0.0,0.0,98.18,1.82,50000.0
0.0,0.0,0.0,0.0,98.18,1.82,50000.0
0.0,0.0,0.0,0.0,98.18,1.82,50000.0
0.0,0.0,0.0,0.0,98.18,1.82,50000.0
0.0,0.0,0.0,0.0,98.18,1.82,50000.0
0.0,0.0,0.0,0.0,98.18,1.82,50000.0
0.0,0.0,0.0,0.0,98.18,1.82,50000.0
0.0,0.0,0.0,0.0,98.18,1.82,50000.0
0.0,0.0,0.0,0.0,98.18,1.82,50000.0
0.0,0.0,0.0,0.0,98.18,1.82,50000.0
0.0,0.0,0.0,0.0,98.18,1.82,50000.0
0.0,0.0,0.0,0.0,98.18,1.82,50000.0
0.0,0.0,0.0,0.0,98.18,1.82,50000.0
0.0,0.0,0.0,0.0,98.18,1.82,50000.0
0.0,0.0,0.0,0.0,98.18,1.82,50000.0
0.0,0.0,0.0,0.0,98.18,1.82,50000.0
0.0,0.0,0.0,0.0,98.18,1.82,50000.0
0.0,0.0,0.0,0.0,98.18,1.82,50000.0
0.0,0.0,0.0,0.0,98.18,1.82,50000.0
0.0,0.0,0.0,0.0,98.18,1.82,50000.0
0.0,0.0,0.0,0.0,98.18,1.82,50000.0
0.0,0.0,0.0,0.0,98.18,1.82,50000.0
0.0,0.0,0.0,0.0,98.18,1.82,50000.0
0.0,0.0,0.0,0.0,98.18,1.82,50000.0
0.0,0.0,0.0,0.0,98.18,1.82,50000.0
0.0,0.0,0.0,0.0,98.18,1.82,50000.0
0.0,0.0,0.0,0.0,98.18,1.82,50000.0
0.0,0.0,0.0,0.0,98.18,1.82,50000.0
0.0,0.0,0.0,0.0,98.18,1.82,50000.0
0.0,0.0,0.0,0.0,98.18,1.82,50000.0
0.0,0.0,0.0,0.0,98.18,1.82,50000.0
0.0,0.0,0.0,0.0,98.18,1.82,50000.0
0.0,0.0,0.0,0.0,98.18,1.82,50000.0
0.0,0.0,0.0,0.0,98.18,1.82,50000.0
0.0,0.0,0.0,0.0,98.18,1.82,50000.0
0.0,0.0,0.0,0.0,98.18,1.82,50000.0
0.0,0.0,0.0,0.0,98.18,1.82,50000.0
0.0,0.0,0.0,0.0,98.18,1.82,50000.0
0.0,0.0,0.0,0.0,98.18,1.82,50000.0
0.0,0.0,0.0,0.0,98.18,1.82,50000.0
0.0,0.0,0.0,0.0,98.18,1.82,50000.0
0.0,0.0,0.0,0.0,98.18,1.82,50000.0
0.0,0.0,0.0,0.0,98.18,1.82,50000.0
0.0,0.0,0.0,0.0,98.18,1.82,50000.0
0.0,0.0,0.0,0.0,98.18,1.82,50000.0
0.0,0.0,0.0,0.0,98.18,1.82,50000.0
0.0,0.0,0.0,0.0,98.18,1.82,50000.0
0.0,0.0,0.0,0.0,98.18,1.82,50000.0
0.0,0.0,0.0,0.0,98.18,1.82,50000.0
0.0,0.0,0.0,0.0,98.18,1.82,50000.0
0.0,0.0,0.0,0.0,98.18,1.82,50000.0
0.0,0.0,0.0,0.0,98.18,1.82,50000.0
0.0,0.0,0.0,0.0,98.18,1.82,50000.0
0.0,0.0,0.0,0.0,98.18,1.82,50000.0
0.0,0.0,0.0,0.0,98.18,1.82,50000.0
0.0,0.0,0.0,0.0,98.18,1.82,50000.0
0.0,0.0,0.0,0.0,98.18,1.82,50000.0
0.0,0.0,0.0,0.0,98.18,1.82,50000.0
0.0,0.0,0.0,0.0,98.18,1.82,50000.0
0.0,0.0,0.0,0.0,98.18,1.82,50000.0
0.0,0.0,0.0,0.0,98.18,1.82,50000.0
0.0,0.0,0.0,0.0,98.18,1.82,50000.0
0.0,0.0,0.0,0.0,98.18,1.82,50000.0
0.0,0.0,0.0,0.0,98.18,1.82,50000.0
0.0,0.0,0.0,0.0,98.18,1.82,50000.0
0.0,0.0,0.0,0.0,98.18,1.82,50000.0
0.0,0.0,0.0,0.0,98.18,1.82,50000.0
0.0,0.0,0.0,0.0,98.18,1.82,50000.0
0.0,0.0,0.0,0.0,98.18,1.82,50000.0
0.0,0.0,0.0,0.0,98.18,1.82,50000.0
0.0,0.0,0.0,0.0,98.18,1.82,50000.0
0.0,0.0,0.0,0.0,98.18,1.82,50000.0
0.0,0.0,0.0,0.0,98.18,1.82,50000.0
0.0,0.0,0.0,0.0,98.18,1.82,50000.0
0.0,0.0,0.0,0.0,98.18,1.82,50000.0
0.0,0.0,0.0,0.0,98.18,1.82,50000.0
0.0,0.0,0.0,0.0,98.18,1.82,50000.0
0.0,0.0,0.0,0.0,98.18,1.82,50000.0
0.0,0.0,0.0,0.0,98.18,1.82,50000.0
0.0,0.0,0.0,0.0,98.18,1.82,50000.0
0.0,0.0,0.0,0.0,98.18,1.82,50000.0
0.0,0.0,0.0,0.0,98.18,1.82,50000.0
0.0,0.0,0.0,0.0,98.18,1.82,50000.0
0.0,0.0,0.0,0.0,98.18,1.82,50000.0
0.0,0.0,0.0,0.0,98.18,1.82,50000.0
0.0,0.0,0.0,0.0,98.18,1.82,50000.0
0.0,0.0,0.0,0.0,98.18,1.82,50000.0
0.0,0.0,0.0,0.0,98.18,1.82,50000.0
0.0,0.0,0.0,0.0,98.18,1.82,50000.0
0.0,0.0,0.0,0.0,98.18,1.82,50000.0
0.0,0.0,0.0,0.0,98.18,1.82,50000.0
0.0,0.0,0.0,0.0,98.18,1.82,50000.0
0.0,0.0,0.0,0.0,98.18,1.82,50000.0
0.0,0.0,0.0,0.0,98.18,1.82,50000.0
0.0,0.0,0.0,0.0,98.18,1.82,50000.0
0.0,0.0,0.0,0.0,98.18,1.82,50000.0
0.0,0.0,0.0,0.0,98.18,1.82,50000.0
0.0,0.0,0.0,0.0,98.18,1.82,50000.0
0.0,0.0,0.0,0.0,98.18,1.82,50000.0
0.0,0.0,0.0,0.0,98.18,1.82,50000.0
0.0,0.0,0.0,0.0,98.18,1.82,50000.0
0.0,0.0,0.0,0.0,98.18,1.82,50000.0
0.0,0.0,0.0,0.0,98.18,1.82,50000.0
0.0,0.0,0.0,0.0,98.18,1.82,50000.0
0.0,0.0,0.0,0.0,98.18,1.82,50000.0
0.0,0.0,0.0,0.0,98.18,1.82,50000.0
0.0,0.0,0.0,0.0,98.18,1.82,50000.0
0.0,0.0,0.0,0.0,98.18,1.82,50000.0
0.0,0.0,0.0,0.0,98.18,1.82,50000.0
0.0,0.0,0.0,0.0,98.18,1.82,50000.0
0.0,0.0,0.0,0.0,98.18,1.82,50000.0
0.0,0.0,0.0,0.0,98.18,1.82,50000.0
0.0,0.0,0.0,0.0,98.18,1.82,50000.0
0.0,0.0,0.0,0.0,98.18,1.82,50000.0
0.0,0.0,0.0,0.0,98.18,1.82,50000.0
0.0,0.0,0.0,0.0,98.18,1.82,50000.0
0.0,0.0,0.0,0.0,98.18,1.82,50000.0
0.0,0.0,0.0,0.0,98.18,1.82,50000.0
0.0,0.0,0.0,0.0,98.18,1.82,50000.0
0.0,0.0,0.0,0.0,98.18,1.82,50000.0
0.0,0.0,0.0,0.0,98.18,1.82,50000.0
0.0,0.0,0.0,0.0,98.18,1.82,50000.0
0.0,0.0,0.0,0.0,98.18,1.82,50000.0
0.0,0.0,0.0,0.0,98.18,1.82,50000.0
0.0,0.0,0.0,0.0,98.18,1.82,50000.0
0.0,0.0,0.0,0.0,98.18,1.82,50000.0
0.0,0.0,0.0,0.0,98.18,1.82,50000.0
0.0,0.0,0.0,0.0,98.18,1.82,50000.0
0.0,0.0,0.0,0.0,98.18,1.82,50000.0
0.0,0.0,0.0,0.0,98.18,1.82,50000.0
0.0,0.0,0.0,0.0,98.18,1.82,50000.0
0.0,0.0,0.0,0.0,98.18,1.82,50000.0
0.0,0.0,0.0,0.0,98.18,1.82,50000.0
0.0,0.0,0.0,0.0,98.18,1.82,50000.0
0.0,0.0,0.0,0.0,98.18,1.82,50000.0
0.0,0.0,0.0,0.0,98.18,1.82,50000.0
0.0,0.0,0.0,0.0,98.18,1.82,50000.0
0.0,0.0,0.0,0.0,98.18,1.82,50000.0
0.0,0.0,0.0,0.0,98.18,1.82,50000.0
0.0,0.0,0.0,0.0,98.18,1.82,50000.0
0.0,0.0,0.0,0.0,98.18,1.82,50000.0
0.0,0.0,0.0,0.0,98.18,1.82,50000.0
0.0,0.0,0.0,0.0,98.18,1.82,50000.0
0.0,0.0,0.0,0.0,98.18,1.82,50000.0
0.0,0.0,0.0,0.0,98.18,1.82,50000.0
0.0,0.0,0.0,0.0,98.18,1.82,50000.0
0.0,0.0,0.0,0.0,98.18,1.82,50000.0
0.0,0.0,0.0,0.0,98.18,1.82,50000.0
0.0,0.0,0.0,0.0,98.18,1.82,50000.0
0.0,0.0,0.0,0.0,98.18,1.82,50000.0
0.0,0.0,0.0,0.0,98.18,1.82,50000.0
0.0,0.0,0.0,0.0,98.18,1.82,50000.0
0.0,0.0,0.0,0.0,98.18,1.82,50000.0
0.0,0.0,0.0,0.0,98.18,1.82,50000.0
0.0,0.0,0.0,0.0,98.18,1.82,50000.0
0.0,0.0,0.0,0.0,98.18,1.82,50000.0
0.0,0.0,0.0,0.0,98.18,1.82,50000.0
0.0,0.0,0.0,0.0,98.18,1.82,50000.0
0.0,0.0,0.0,0.0,98.18,1.82,50000.0
0.0,0.0,0.0,0.0,98.18,1.82,50000.0
0.0,0.0,0.0,0.0,98.18,1.82,50000.0
0.0,0.0,0.0,0.0,98.18,1.82,50000.0
0.0,0.0,0.0,0.0,98.18,1.82,50000.0
0.0,0.0,0.0,0.0,98.18,1.82,50000.0
0.0,0.0,0.0,0.0,98.18,1.82,50000.0
0.0,0.0,0.0,0.0,98.18,1.82,50000.0
0.0,0.0,0.0,0.0,98.18,1.82,50000.0
0.0,0.0,0.0,0.0,98.18,1.82,50000.0
0.0,0.0,0.0,0.0,98.18,1.82,50000.0
0.0,0.0,0.0,0.0,98.18,1.82,50000.0
0.0,0.0,0.0,0.0,98.18,1.82,50000.0
0.0,0.0,0.0,0.0,98.18,1.82,50000.0
0.0,0.0,0.0,0.0,98.18,1.82,50000.0
0.0,0.0,0.0,0.0,98.18,1.82,50000.0
0.0,0.0,0.0,0.0,98.18,1.82,50000.0
0.0,0.0,0.0,0.0,98.18,1.82,50000.0
0.0,0.0,0.0,0.0,98.18,1.82,50000.0
0.0,0.0,0.0,0.0,98.18,1.82,50000.0
0.0,0.0,0.0,0.0,98.18,1.82,50000.0
0.0,0.0,0.0,0.0,98.18,1.82,50000.0
0.0,0.0,0.0,0.0,98.18,1.82,50000.0
0.0,0.0,0.0,0.0,98.18,1.82,50000.0
0.0,0.0,0.0,0.0,98.18,1.82,50000.0
0.0,0.0,0.0,0.0,98.18,1.82,50000.0
0.0,0.0,0.0,0.0,98.18,1.82,50000.0
0.0,0.0,0.0,0.0,98.18,1.82,50000.0