incubando,i_mild,i_grave,susceptibles,recuperados,muertos,infectados_totales
1.0,0.0,0.0,99.0,0.0,0.0,502.0
2.3,0.0,0.0,97.7,0.0,0.0,1152.0
3.53,0.0,0.0,96.47,0.0,0.0,1763.33
4.82,0.0,0.0,95.18,0.0,0.0,2412.33
6.21,0.0,0.0,93.79,0.0,0.0,3106.0
7.69,0.0,0.0,92.31,0.0,0.0,3845.33
9.26,0.0,0.0,90.74,0.0,0.0,4629.67
9.87,0.71,0.29,89.13,0.0,0.0,5436.67
10.29,1.65,0.66,87.41,0.0,0.0,6296.33
10.91,2.49,1.03,85.56,0.0,0.0,7220.67
11.38,3.44,1.38,83.8,0.0,0.01,8100.67
11.84,4.41,1.79,81.95,0.0,0.01,9025.33
12.33,5.46,2.21,79.98,0.0,0.01,10011.0
12.7,6.54,2.7,78.04,0.0,0.02,10978.0
13.06,7.64,3.2,76.06,0.0,0.03,11968.33
13.36,8.84,3.71,74.05,0.0,0.04,12974.67
13.55,10.14,4.26,72.01,0.0,0.05,13993.67
13.84,10.68,4.75,69.96,0.71,0.06,15021.0
13.95,11.06,5.27,68.0,1.65,0.07,16000.33
13.89,11.62,5.83,66.09,2.49,0.08,16954.33
13.87,12.04,6.37,64.17,3.44,0.1,17912.67
13.8,12.49,6.91,62.26,4.41,0.12,18869.0
13.66,12.87,7.48,60.39,5.46,0.14,19803.0
13.48,13.23,8.04,58.53,6.54,0.17,20734.67
13.29,13.58,8.63,56.67,7.64,0.19,21664.0
13.17,13.78,9.15,54.83,8.84,0.22,22584.67
13.12,13.84,9.68,52.97,10.14,0.25,23514.33
12.97,13.93,10.24,51.2,11.39,0.27,24398.33
12.82,13.95,10.5,49.44,12.99,0.3,25279.33
12.65,13.85,10.69,47.75,14.73,0.33,26125.67
12.45,13.8,10.85,46.08,16.45,0.37,26960.67
12.23,13.71,11.0,44.44,18.21,0.4,27778.33
12.02,13.6,11.11,42.81,20.03,0.44,28593.0
11.72,13.48,11.21,41.25,21.87,0.47,29376.0
11.53,13.26,11.24,39.67,23.79,0.51,30162.67
11.32,13.1,11.25,38.12,25.66,0.54,30940.33
11.12,12.96,11.22,36.63,27.5,0.58,31683.67
10.89,12.82,11.12,35.19,29.36,0.62,32405.0
10.72,12.63,11.11,33.72,31.17,0.65,33140.67
10.5,12.48,11.05,32.32,32.97,0.68,33841.0
10.25,12.24,10.96,31.0,34.82,0.73,34500.0
9.91,12.01,10.87,29.76,36.69,0.76,35118.67
9.58,11.81,10.75,28.54,38.54,0.79,35731.0
9.23,11.54,10.61,27.4,40.4,0.82,36299.33
8.91,11.33,10.42,26.28,42.2,0.86,36861.0
8.55,11.13,10.25,25.17,44.02,0.89,37414.33
8.19,10.89,10.12,24.12,45.76,0.92,37938.33
7.88,10.61,9.98,23.12,47.47,0.94,38440.0
7.58,10.34,9.77,22.18,49.15,0.97,38911.0
7.25,10.05,9.57,21.28,50.85,0.99,39358.0
7.01,9.78,9.35,20.4,52.45,1.02,39802.33
6.76,9.48,9.13,19.52,54.07,1.05,40241.67
6.46,9.15,8.93,18.71,55.66,1.08,40645.33
6.23,8.85,8.72,17.89,57.2,1.1,41055.33
5.99,8.53,8.49,17.13,58.74,1.13,41436.67
5.77,8.17,8.23,16.41,60.28,1.15,41795.33
5.56,7.82,7.98,15.73,61.74,1.18,42136.33
5.27,7.52,7.76,15.13,63.12,1.2,42435.33
5.0,7.28,7.55,14.52,64.42,1.23,42740.0
4.81,6.98,7.31,13.9,65.76,1.25,43048.67
4.56,6.74,7.09,13.33,67.01,1.27,43335.33
4.37,6.47,6.84,12.76,68.27,1.29,43621.0
4.17,6.2,6.58,12.24,69.5,1.31,43879.67
3.99,5.93,6.34,11.74,70.67,1.33,44130.67
3.86,5.66,6.09,11.27,71.78,1.35,44365.67
3.73,5.43,5.84,10.79,72.85,1.37,44606.0
3.59,5.23,5.6,10.31,73.88,1.39,44842.67
3.48,5.01,5.35,9.85,74.91,1.41,45073.0
3.32,4.78,5.13,9.44,75.91,1.42,45280.67
3.19,4.57,4.94,9.05,76.81,1.43,45473.33
3.05,4.35,4.74,8.69,77.73,1.45,45657.33
2.93,4.15,4.55,8.34,78.57,1.46,45832.33
2.81,3.98,4.36,7.98,79.39,1.48,46009.0
2.67,3.83,4.19,7.64,80.18,1.48,46177.67
2.51,3.74,4.03,7.35,80.88,1.5,46325.67
2.38,3.59,3.85,7.06,81.62,1.51,46470.0
2.26,3.43,3.7,6.79,82.29,1.52,46603.0
2.16,3.29,3.55,6.53,82.95,1.53,46736.0
2.09,3.12,3.4,6.24,83.6,1.54,46878.33
1.98,3.02,3.25,6.0,84.19,1.55,46999.67
1.88,2.9,3.11,5.77,84.78,1.56,47115.33
1.8,2.78,2.96,5.54,85.34,1.57,47228.0
1.74,2.63,2.83,5.32,85.89,1.58,47338.33
1.7,2.49,2.7,5.09,86.42,1.6,47454.67
1.65,2.35,2.58,4.88,86.93,1.61,47561.0
1.57,2.26,2.49,4.67,87.39,1.62,47663.33
1.51,2.15,2.41,4.49,87.81,1.62,47754.33
1.46,2.07,2.29,4.31,88.25,1.63,47844.33
1.41,1.99,2.19,4.13,88.64,1.64,47933.33
1.34,1.88,2.1,3.99,89.06,1.64,48006.33
1.25,1.82,2.0,3.84,89.44,1.65,48081.33
1.19,1.75,1.94,3.69,89.79,1.65,48157.0
1.12,1.7,1.86,3.56,90.11,1.66,48222.33
1.08,1.64,1.77,3.41,90.44,1.66,48293.67
1.03,1.58,1.69,3.28,90.75,1.67,48360.33
0.98,1.49,1.61,3.15,91.09,1.67,48423.33
0.97,1.43,1.54,3.02,91.37,1.68,48491.33
0.93,1.36,1.47,2.91,91.65,1.68,48547.33
0.89,1.3,1.42,2.8,91.91,1.68,48601.67
0.86,1.25,1.34,2.69,92.16,1.69,48653.33
0.82,1.18,1.29,2.59,92.43,1.69,48703.33
0.79,1.13,1.23,2.49,92.66,1.7,48755.67
0.76,1.07,1.19,2.39,92.89,1.7,48803.67
0.72,1.03,1.14,2.3,93.11,1.71,48850.67
0.7,0.99,1.1,2.21,93.3,1.71,48896.33
0.66,0.94,1.05,2.14,93.5,1.71,48932.33
0.63,0.9,1.02,2.06,93.67,1.72,48967.67
0.6,0.86,0.98,2.0,93.85,1.72,49001.67
0.56,0.84,0.95,1.93,94.01,1.72,49035.33
0.52,0.81,0.91,1.87,94.17,1.72,49063.0
0.48,0.77,0.88,1.82,94.33,1.73,49090.67
0.45,0.74,0.84,1.75,94.48,1.73,49123.67
0.44,0.71,0.8,1.69,94.63,1.73,49154.33
0.43,0.67,0.75,1.63,94.78,1.74,49185.0
0.42,0.63,0.73,1.58,94.91,1.74,49212.0
0.41,0.6,0.71,1.52,95.03,1.74,49240.67
0.4,0.57,0.67,1.47,95.15,1.74,49264.67
0.4,0.54,0.64,1.42,95.26,1.74,49289.0
0.37,0.51,0.62,1.38,95.37,1.75,49308.33
0.34,0.48,0.59,1.35,95.49,1.75,49326.33
0.31,0.47,0.57,1.32,95.58,1.75,49341.67
0.29,0.43,0.55,1.28,95.69,1.75,49358.33
0.27,0.42,0.52,1.25,95.78,1.75,49374.67
0.25,0.4,0.5,1.22,95.87,1.76,49389.0
0.22,0.4,0.47,1.2,95.96,1.76,49400.0
0.21,0.38,0.45,1.17,96.02,1.76,49413.67
0.2,0.38,0.43,1.15,96.09,1.76,49427.0
0.2,0.36,0.39,1.12,96.17,1.76,49442.0
0.19,0.34,0.37,1.09,96.25,1.76,49455.0
0.18,0.32,0.35,1.07,96.31,1.76,49464.67
0.17,0.29,0.34,1.06,96.39,1.76,49472.33
0.16,0.27,0.32,1.04,96.45,1.76,49480.67
0.15,0.25,0.3,1.02,96.51,1.76,49489.67
0.15,0.23,0.28,1.0,96.57,1.77,49499.67
0.14,0.22,0.28,0.97,96.62,1.77,49513.67
0.14,0.21,0.26,0.95,96.67,1.77,49524.67
0.14,0.2,0.24,0.93,96.73,1.77,49534.0
0.14,0.18,0.23,0.91,96.77,1.77,49542.67
0.14,0.16,0.22,0.9,96.81,1.77,49551.0
0.14,0.16,0.2,0.88,96.85,1.77,49558.67
0.14,0.15,0.19,0.86,96.88,1.77,49568.67
0.13,0.15,0.19,0.85,96.91,1.77,49576.33
0.12,0.15,0.18,0.83,96.95,1.77,49583.67
0.12,0.15,0.16,0.81,96.98,1.77,49594.67
0.12,0.14,0.16,0.79,97.02,1.78,49604.0
0.12,0.12,0.15,0.78,97.05,1.78,49610.0
0.11,0.12,0.15,0.77,97.07,1.78,49616.0
0.1,0.13,0.15,0.76,97.09,1.78,49620.67
0.1,0.12,0.14,0.75,97.1,1.78,49625.67
0.1,0.12,0.14,0.73,97.12,1.78,49633.33
0.09,0.13,0.14,0.72,97.15,1.78,49638.0
0.08,0.12,0.13,0.72,97.17,1.78,49642.0
0.07,0.11,0.13,0.71,97.2,1.78,49646.67
0.07,0.11,0.13,0.7,97.22,1.78,49651.33
0.07,0.1,0.12,0.69,97.24,1.78,49654.0
0.06,0.1,0.12,0.69,97.25,1.78,49655.33
0.05,0.1,0.12,0.68,97.27,1.78,49658.0
0.05,0.09,0.12,0.68,97.28,1.78,49660.67
0.04,0.09,0.11,0.67,97.3,1.78,49663.0
0.04,0.09,0.1,0.67,97.32,1.78,49667.0
0.04,0.08,0.1,0.66,97.34,1.78,49669.0
0.03,0.07,0.1,0.66,97.36,1.78,49670.33
0.03,0.06,0.09,0.66,97.38,1.78,49671.33
0.03,0.06,0.08,0.66,97.39,1.78,49672.33
0.03,0.06,0.08,0.65,97.4,1.78,49674.33
0.03,0.06,0.07,0.65,97.41,1.78,49675.67
0.02,0.05,0.07,0.65,97.43,1.78,49677.0
0.02,0.05,0.06,0.64,97.44,1.78,49678.33
0.02,0.04,0.06,0.64,97.46,1.78,49678.67
0.02,0.04,0.05,0.64,97.47,1.78,49680.67
0.02,0.03,0.05,0.64,97.48,1.78,49682.33
0.02,0.03,0.04,0.63,97.49,1.78,49683.67
0.02,0.03,0.04,0.63,97.5,1.78,49685.0
0.02,0.03,0.03,0.63,97.51,1.78,49687.33
0.02,0.03,0.03,0.62,97.51,1.78,49689.33
0.02,0.02,0.03,0.62,97.52,1.78,49690.0
0.02,0.02,0.03,0.62,97.53,1.78,49690.0
0.02,0.02,0.02,0.62,97.54,1.78,49690.67
0.02,0.02,0.02,0.62,97.54,1.78,49691.33
0.01,0.02,0.02,0.62,97.54,1.78,49691.67
0.01,0.02,0.02,0.62,97.55,1.78,49692.0
0.01,0.02,0.02,0.62,97.55,1.78,49692.0
0.0,0.02,0.02,0.62,97.56,1.78,49692.33
0.01,0.02,0.02,0.61,97.56,1.78,49693.0
0.0,0.02,0.02,0.61,97.56,1.78,49693.0
0.0,0.02,0.01,0.61,97.56,1.78,49693.33
0.0,0.02,0.01,0.61,97.57,1.78,49693.67
0.0,0.02,0.01,0.61,97.57,1.78,49693.67
0.0,0.01,0.01,0.61,97.57,1.79,49694.0
0.0,0.01,0.01,0.61,97.58,1.79,49694.33
0.0,0.01,0.01,0.61,97.58,1.79,49694.67
0.0,0.01,0.01,0.61,97.59,1.79,49695.0
0.0,0.01,0.01,0.61,97.59,1.79,49695.33
0.0,0.01,0.01,0.61,97.59,1.79,49695.67
0.01,0.01,0.01,0.61,97.59,1.79,49696.33
0.01,0.0,0.01,0.61,97.59,1.79,49697.0
0.01,0.01,0.01,0.61,97.59,1.79,49697.33
0.01,0.01,0.0,0.6,97.59,1.79,49698.33
0.01,0.01,0.0,0.6,97.6,1.79,49698.33
0.01,0.01,0.0,0.6,97.6,1.79,49698.67
0.01,0.01,0.0,0.6,97.6,1.79,49698.67
0.01,0.01,0.0,0.6,97.6,1.79,49699.0
0.01,0.01,0.0,0.6,97.6,1.79,49699.67
0.0,0.01,0.0,0.6,97.6,1.79,49699.67
0.0,0.01,0.0,0.6,97.6,1.79,49699.67
0.0,0.01,0.0,0.6,97.6,1.79,49700.33
0.01,0.01,0.0,0.6,97.6,1.79,49701.67
0.01,0.01,0.0,0.59,97.6,1.79,49702.67
0.01,0.01,0.0,0.59,97.6,1.79,49704.0
0.01,0.01,0.0,0.59,97.61,1.79,49704.33
0.01,0.01,0.0,0.59,97.61,1.79,49704.33
0.01,0.0,0.0,0.59,97.61,1.79,49704.33
0.01,0.0,0.0,0.59,97.61,1.79,49704.33
0.01,0.0,0.01,0.59,97.61,1.79,49704.33
0.0,0.0,0.01,0.59,97.61,1.79,49704.33
0.0,0.01,0.01,0.59,97.61,1.79,49704.33
0.0,0.01,0.01,0.59,97.61,1.79,49704.33
0.0,0.01,0.01,0.59,97.61,1.79,49704.33
0.0,0.01,0.01,0.59,97.61,1.79,49704.33
0.0,0.0,0.01,0.59,97.61,1.79,49704.33
0.0,0.0,0.01,0.59,97.61,1.79,49704.33
0.0,0.0,0.01,0.59,97.61,1.79,49704.33
0.0,0.0,0.01,0.59,97.61,1.79,49704.33
0.0,0.0,0.01,0.59,97.61,1.79,49704.33
0.0,0.0,0.01,0.59,97.61,1.79,49704.33
0.0,0.0,0.01,0.59,97.62,1.79,49704.33
0.0,0.0,0.01,0.59,97.62,1.79,49704.33
0.0,0.0,0.01,0.59,97.62,1.79,49704.33
0.0,0.0,0.01,0.59,97.62,1.79,49704.33
0.0,0.0,0.01,0.59,97.62,1.79,49704.33
0.0,0.0,0.0,0.59,97.62,1.79,49704.33
0.0,0.0,0.0,0.59,97.62,1.79,49704.33
0.0,0.0,0.0,0.59,97.62,1.79,49704.33
0.0,0.0,0.0,0.59,97.62,1.79,49704.33
0.0,0.0,0.0,0.59,97.62,1.79,49704.33
0.0,0.0,0.0,0.59,97.62,1.79,49704.33
0.0,0.0,0.0,0.59,97.62,1.79,49704.33
0.0,0.0,0.0,0.59,97.62,1.79,49704.33
0.0,0.0,0.0,0.59,97.62,1.79,49704.33
0.0,0.0,0.0,0.59,97.62,1.79,49704.33
0.0,0.0,0.0,0.59,97.62,1.79,49704.33
0.0,0.0,0.0,0.59,97.62,1.79,49704.33
0.0,0.0,0.0,0.59,97.62,1.79,49704.33
0.0,0.0,0.0,0.59,97.62,1.79,49704.33
0.0,0.0,0.0,0.59,97.62,1.79,49704.33
0.0,0.0,0.0,0.59,97.62,1.79,49704.33
0.0,0.0,0.0,0.59,97.62,1.79,49704.33
0.0,0.0,0.0,0.59,97.62,1.79,49704.33
0.0,0.0,0.0,0.59,97.62,1.79,49704.33
0.0,0.0,0.0,0.59,97.62,1.79,49704.33
0.0,0.0,0.0,0.59,97.62,1.79,49704.33
0.0,0.0,0.0,0.59,97.62,1.79,49704.33
0.0,0.0,0.0,0.59,97.62,1.79,49704.33
0.0,0.0,0.0,0.59,97.62,1.79,49704.33
0.0,0.0,0.0,0.59,97.62,1.79,49704.33
0.0,0.0,0.0,0.59,97.62,1.79,49704.33
0.0,0.0,0.0,0.59,97.62,1.79,49704.33
0.0,0.0,0.0,0.59,97.62,1.79,49704.33
0.0,0.0,0.0,0.59,97.62,1.79,49704.33
0.0,0.0,0.0,0.59,97.62,1.79,49704.33
0.0,0.0,0.0,0.59,97.62,1.79,49704.33
0.0,0.0,0.0,0.59,97.62,1.79,49704.33
0.0,0.0,0.0,0.59,97.62,1.79,49704.33
0.0,0.0,0.0,0.59,97.62,1.79,49704.33
0.0,0.0,0.0,0.59,97.62,1.79,49704.33
0.0,0.0,0.0,0.59,97.62,1.79,49704.33
0.0,0.0,0.0,0.59,97.62,1.79,49704.33
0.0,0.0,0.0,0.59,97.62,1.79,49704.33
0.0,0.0,0.0,0.59,97.62,1.79,49704.33
0.0,0.0,0.0,0.59,97.62,1.79,49704.33
0.0,0.0,0.0,0.59,97.62,1.79,49704.33
0.0,0.0,0.0,0.59,97.62,1.79,49704.33
0.0,0.0,0.0,0.59,97.62,1.79,49704.33
0.0,0.0,0.0,0.59,97.62,1.79,49704.33
0.0,0.0,0.0,0.59,97.62,1.79,49704.33
0.0,0.0,0.0,0.59,97.62,1.79,49704.33
0.0,0.0,0.0,0.59,97.62,1.79,49704.33
0.0,0.0,0.0,0.59,97.62,1.79,49704.33
0.0,0.0,0.0,0.59,97.62,1.79,49704.33
0.0,0.0,0.0,0.59,97.62,1.79,49704.33
0.0,0.0,0.0,0.59,97.62,1.79,49704.33
0.0,0.0,0.0,0.59,97.62,1.79,49704.33
0.0,0.0,0.0,0.59,97.62,1.79,49704.33
0.0,0.0,0.0,0.59,97.62,1.79,49704.33
0.0,0.0,0.0,0.59,97.62,1.79,49704.33
0.0,0.0,0.0,0.59,97.62,1.79,49704.33
0.0,0.0,0.0,0.59,97.62,1.79,49704.33
0.0,0.0,0.0,0.59,97.62,1.79,49704.33
0.0,0.0,0.0,0.59,97.62,1.79,49704.33
0.0,0.0,0.0,0.59,97.62,1.79,49704.33
0.0,0.0,0.0,0.59,97.62,1.79,49704.33
0.0,0.0,0.0,0.59,97.62,1.79,49704.33
0.0,0.0,0.0,0.59,97.62,1.79,49704.33
0.0,0.0,0.0,0.59,97.62,1.79,49704.33
0.0,0.0,0.0,0.59,97.62,1.79,49704.33
0.0,0.0,0.0,0.59,97.62,1.79,49704.33
0.0,0.0,0.0,0.59,97.62,1.79,49704.33
0.0,0.0,0.0,0.59,97.62,1.79,49704.33
0.0,0.0,0.0,0.59,97.62,1.79,49704.33
0.0,0.0,0.0,0.59,97.62,1.79,49704.33
0.0,0.0,0.0,0.59,97.62,1.79,49704.33
0.0,0.0,0.0,0.59,97.62,1.79,49704.33
0.0,0.0,0.0,0.59,97.62,1.79,49704.33
0.0,0.0,0.0,0.59,97.62,1.79,49704.33
0.0,0.0,0.0,0.59,97.62,1.79,49704.33
0.0,0.0,0.0,0.59,97.62,1.79,49704.33
0.0,0.0,0.0,0.59,97.62,1.79,49704.33
0.0,0.0,0.0,0.59,97.62,1.79,49704.33
0.0,0.0,0.0,0.59,97.62,1.79,49704.33
0.0,0.0,0.0,0.59,97.62,1.79,49704.33
0.0,0.0,0.0,0.59,97.62,1.79,49704.33
0.0,0.0,0.0,0.59,97.62,1.79,49704.33
0.0,0.0,0.0,0.59,97.62,1.79,49704.33
0.0,0.0,0.0,0.59,97.62,1.79,49704.33
0.0,0.0,0.0,0.59,97.62,1.79,49704.33
0.0,0.0,0.0,0.59,97.62,1.79,49704.33
0.0,0.0,0.0,0.59,97.62,1.79,49704.33
0.0,0.0,0.0,0.59,97.62,1.79,49704.33
0.0,0.0,0.0,0.59,97.62,1.79,49704.33
0.0,0.0,0.0,0.59,97.62,1.79,49704.33
0.0,0.0,0.0,0.59,97.62,1.79,49704.33
0.0,0.0,0.0,0.59,97.62,1.79,49704.33
0.0,0.0,0.0,0.59,97.62,1.79,49704.33
0.0,0.0,0.0,0.59,97.62,1.79,49704.33
0.0,0.0,0.0,0.59,97.62,1.79,49704.33
0.0,0.0,0.0,0.59,97.62,1.79,49704.33
0.0,0.0,0.0,0.59,97.62,1.79,49704.33
0.0,0.0,0.0,0.59,97.62,1.79,49704.33
0.0,0.0,0.0,0.59,97.62,1.79,49704.33
0.0,0.0,0.0,0.59,97.62,1.79,49704.33
0.0,0.0,0.0,0.59,97.62,1.79,49704.33
0.0,0.0,0.0,0.59,97.62,1.79,49704.33
0.0,0.0,0.0,0.59,97.62,1.79,49704.33
0.0,0.0,0.0,0.59,97.62,1.79,49704.33
0.0,0.0,0.0,0.59,97.62,1.79,49704.33
0.0,0.0,0.0,0.59,97.62,1.79,49704.33
0.0,0.0,0.0,0.59,97.62,1.79,49704.33
0.0,0.0,0.0,0.59,97.62,1.79,49704.33
0.0,0.0,0.0,0.59,97.62,1.79,49704.33
0.0,0.0,0.0,0.59,97.62,1.79,49704.33
0.0,0.0,0.0,0.59,97.62,1.79,49704.33
0.0,0.0,0.0,0.59,97.62,1.79,49704.33
0.0,0.0,0.0,0.59,97.62,1.79,49704.33
0.0,0.0,0.0,0.59,97.62,1.79,49704.33
0.0,0.0,0.0,0.59,97.62,1.79,49704.33
0.0,0.0,0.0,0.59,97.62,1.79,49704.33
0.0,0.0,0.0,0.59,97.62,1.79,49704.33
0.0,0.0,0.0,0.59,97.62,1.79,49704.33
0.0,0.0,0.0,0.59,97.62,1.79,49704.33
0.0,0.0,0.0,0.59,97.62,1.79,49704.33
0.0,0.0,0.0,0.59,97.62,1.79,49704.33
0.0,0.0,0.0,0.59,97.62,1.79,49704.33
0.0,0.0,0.0,0.59,97.62,1.79,49704.33
0.0,0.0,0.0,0.59,97.62,1.79,49704.33
0.0,0.0,0.0,0.59,97.62,1.79,49704.33
0.0,0.0,0.0,0.59,97.62,1.79,49704.33
0.0,0.0,0.0,0.59,97.62,1.79,49704.33
0.0,0.0,0.0,0.59,97.62,1.79,49704.33
0.0,0.0,0.0,0.59,97.62,1.79,49704.33
0.0,0.0,0.0,0.59,97.62,1.79,49704.33
0.0,0.0,0.0,0.59,97.62,1.79,49704.33
0.0,0.0,0.0,0.59,97.62,1.79,49704.33
0.0,0.0,0.0,0.59,97.62,1.79,49704.33
0.0,0.0,0.0,0.59,97.62,1.79,49704.33
0.0,0.0,0.0,0.59,97.62,1.79,49704.33