incubando,i_mild,i_grave,susceptibles,recuperados,muertos,infectados_totales
1.01,0.0,0.0,98.99,0.0,0.0,504.0
2.44,0.0,0.0,97.56,0.0,0.0,1221.33
3.79,0.0,0.0,96.21,0.0,0.0,1897.33
5.13,0.0,0.0,94.87,0.0,0.0,2564.33
6.57,0.0,0.0,93.43,0.0,0.0,3283.33
8.12,0.0,0.0,91.88,0.0,0.0,4058.33
9.61,0.0,0.0,90.39,0.0,0.0,4806.0
10.07,0.7,0.31,88.92,0.0,0.0,5541.0
10.19,1.71,0.73,87.36,0.0,0.0,6318.33
10.43,2.67,1.12,85.78,0.0,0.01,7110.33
10.72,3.63,1.49,84.16,0.0,0.01,7922.33
10.88,4.66,1.9,82.55,0.0,0.01,8725.67
11.0,5.76,2.34,80.88,0.0,0.02,9558.67
11.18,6.84,2.75,79.21,0.0,0.02,10395.67
11.35,7.88,3.18,77.56,0.0,0.03,11218.0
11.49,8.95,3.65,75.88,0.0,0.03,12061.0
11.58,10.07,4.11,74.2,0.0,0.05,12900.33
11.62,10.51,4.58,72.53,0.7,0.05,13734.0
11.67,10.63,5.04,70.88,1.71,0.07,14561.67
11.66,10.84,5.52,69.23,2.67,0.08,15387.0
11.68,11.08,5.98,67.53,3.63,0.1,16235.0
11.66,11.24,6.42,65.9,4.66,0.12,17050.33
11.61,11.34,6.89,64.27,5.76,0.14,17866.67
11.61,11.47,7.34,62.59,6.84,0.15,18705.67
11.52,11.62,7.8,61.01,7.88,0.17,19496.0
11.43,11.72,8.25,59.45,8.95,0.19,20275.67
11.39,11.79,8.69,57.84,10.07,0.22,21079.67
11.23,11.85,9.16,56.3,11.21,0.25,21848.33
11.11,11.88,9.31,54.79,12.64,0.28,22603.67
11.01,11.86,9.37,53.26,14.19,0.31,23369.33
10.81,11.85,9.44,51.78,15.77,0.34,24111.67
10.7,11.81,9.52,50.3,17.3,0.37,24847.67
10.5,11.73,9.54,48.94,18.88,0.4,25528.0
10.25,11.61,9.6,47.59,20.52,0.42,26206.67
10.1,11.51,9.63,46.21,22.1,0.45,26897.0
9.94,11.4,9.63,44.86,23.69,0.48,27572.0
9.76,11.31,9.59,43.5,25.33,0.51,28250.0
9.61,11.17,9.54,42.16,26.98,0.54,28918.0
9.41,11.06,9.48,40.9,28.59,0.57,29551.33
9.31,10.85,9.42,39.63,30.19,0.59,30184.67
9.2,10.61,9.33,38.39,31.85,0.63,30807.0
9.06,10.45,9.27,37.14,33.43,0.65,31428.33
8.9,10.29,9.2,35.95,34.97,0.68,32023.0
8.64,10.15,9.11,34.86,36.54,0.71,32567.67
8.39,10.01,9.04,33.77,38.06,0.73,33113.33
8.17,9.84,8.92,32.72,39.59,0.75,33638.67
7.9,9.64,8.82,31.73,41.12,0.78,34134.67
7.64,9.45,8.73,30.74,42.62,0.81,34628.67
7.36,9.27,8.62,29.79,44.13,0.83,35106.0
7.08,9.15,8.5,28.88,45.53,0.87,35562.0
6.87,8.96,8.35,27.99,46.93,0.89,36003.33
6.64,8.75,8.21,27.13,48.35,0.92,36434.0
6.41,8.53,8.09,26.31,49.72,0.94,36846.0
6.22,8.27,7.95,25.51,51.09,0.96,37243.67
6.02,8.03,7.73,24.72,52.52,0.98,37640.67
5.84,7.79,7.56,23.95,53.85,1.01,38026.33
5.7,7.54,7.4,23.17,55.16,1.02,38412.67
5.52,7.3,7.23,22.47,56.44,1.05,38765.33
5.37,7.04,7.05,21.77,57.71,1.07,39116.67
5.26,6.77,6.89,21.05,58.94,1.09,39473.67
5.12,6.58,6.72,20.4,60.08,1.11,39801.33
4.99,6.39,6.54,19.73,61.22,1.14,40134.33
4.83,6.2,6.35,19.12,62.34,1.16,40440.33
4.67,6.03,6.2,18.5,63.41,1.18,40749.33
4.55,5.82,6.02,17.92,64.5,1.2,41039.67
4.41,5.64,5.85,17.36,65.53,1.21,41319.33
4.24,5.49,5.7,16.81,66.52,1.23,41592.67
4.13,5.33,5.54,16.27,67.49,1.25,41866.33
3.99,5.19,5.36,15.75,68.45,1.27,42127.0
3.87,5.07,5.17,15.25,69.36,1.28,42373.0
3.75,4.95,4.98,14.75,70.27,1.3,42625.0
3.63,4.79,4.84,14.3,71.15,1.31,42852.33
3.52,4.63,4.66,13.84,72.02,1.32,43081.0
3.39,4.51,4.5,13.43,72.84,1.34,43286.33
3.27,4.41,4.37,13.0,73.61,1.35,43501.33
3.15,4.29,4.25,12.6,74.36,1.36,43701.33
3.05,4.14,4.11,12.2,75.12,1.38,43900.33
2.92,4.03,4.0,11.83,75.82,1.39,44087.33
2.85,3.88,3.88,11.44,76.54,1.4,44278.67
2.74,3.76,3.77,11.1,77.22,1.41,44449.67
2.68,3.61,3.62,10.75,77.92,1.42,44624.33
2.6,3.51,3.52,10.4,78.54,1.43,44799.33
2.53,3.39,3.43,10.07,79.14,1.44,44965.33
2.45,3.28,3.31,9.75,79.76,1.45,45123.0
2.4,3.15,3.18,9.43,80.38,1.46,45286.67
2.31,3.05,3.09,9.13,80.95,1.47,45436.0
2.27,2.93,2.99,8.83,81.5,1.48,45582.67
2.2,2.83,2.88,8.55,82.05,1.49,45724.0
2.12,2.76,2.79,8.28,82.56,1.5,45857.67
2.04,2.67,2.7,8.03,83.06,1.5,45983.33
2.0,2.59,2.63,7.75,83.52,1.51,46124.33
1.92,2.53,2.54,7.51,83.99,1.51,46244.67
1.86,2.46,2.47,7.27,84.42,1.52,46364.0
1.82,2.37,2.39,7.02,84.87,1.53,46490.33
1.77,2.31,2.33,6.78,85.27,1.54,46609.0
1.74,2.22,2.27,6.55,85.68,1.54,46726.67
1.7,2.16,2.19,6.34,86.07,1.55,46831.67
1.61,2.11,2.14,6.15,86.44,1.56,46927.33
1.55,2.02,2.06,5.96,86.84,1.56,47018.33
1.5,1.96,2.01,5.77,87.19,1.57,47114.0
1.44,1.92,1.95,5.58,87.54,1.58,47211.0
1.37,1.84,1.91,5.41,87.89,1.58,47293.33
1.31,1.8,1.85,5.24,88.21,1.59,47379.33
1.26,1.74,1.79,5.08,88.53,1.6,47462.0
1.24,1.68,1.75,4.9,88.83,1.6,47548.67
1.21,1.62,1.7,4.75,89.11,1.6,47623.0
1.17,1.59,1.63,4.6,89.4,1.61,47699.33
1.12,1.52,1.6,4.46,89.69,1.61,47771.67
1.1,1.48,1.53,4.32,89.95,1.62,47842.0
1.07,1.44,1.48,4.17,90.21,1.62,47913.0
1.05,1.37,1.44,4.03,90.48,1.63,47987.0
1.02,1.33,1.4,3.88,90.74,1.63,48059.33
1.0,1.26,1.36,3.76,90.99,1.64,48122.33
0.96,1.21,1.33,3.64,91.22,1.64,48180.67
0.93,1.18,1.28,3.53,91.44,1.65,48236.0
0.9,1.14,1.24,3.41,91.65,1.65,48293.67
0.87,1.11,1.19,3.3,91.87,1.66,48350.33
0.85,1.09,1.16,3.18,92.07,1.66,48410.33
0.81,1.06,1.12,3.08,92.28,1.66,48462.0
0.77,1.02,1.09,2.98,92.47,1.66,48509.33
0.75,0.99,1.06,2.89,92.65,1.66,48554.67
0.73,0.96,1.01,2.8,92.84,1.67,48598.67
0.71,0.94,0.96,2.7,93.01,1.67,48648.67
0.69,0.92,0.94,2.61,93.17,1.67,48697.0
0.68,0.91,0.9,2.5,93.33,1.67,48749.33
0.67,0.9,0.87,2.41,93.48,1.68,48796.33
0.64,0.86,0.84,2.34,93.63,1.68,48831.33
0.63,0.82,0.81,2.26,93.79,1.68,48868.0
0.61,0.78,0.78,2.19,93.95,1.69,48904.0
0.58,0.77,0.77,2.12,94.07,1.69,48939.0
0.55,0.76,0.75,2.06,94.2,1.69,48971.67
0.52,0.75,0.73,1.98,94.33,1.69,49008.0
0.48,0.73,0.7,1.92,94.47,1.69,49037.67
0.48,0.71,0.67,1.86,94.59,1.7,49072.0
0.47,0.66,0.64,1.79,94.74,1.7,49103.67
0.46,0.64,0.62,1.73,94.86,1.7,49136.0
0.45,0.62,0.58,1.67,94.97,1.7,49165.33
0.45,0.6,0.57,1.61,95.07,1.7,49194.33
0.43,0.59,0.55,1.55,95.17,1.7,49223.33
0.43,0.55,0.53,1.49,95.29,1.71,49254.67
0.43,0.54,0.51,1.43,95.39,1.71,49287.33
0.42,0.51,0.49,1.37,95.5,1.71,49314.0
0.41,0.49,0.48,1.32,95.6,1.71,49339.0
0.4,0.47,0.47,1.27,95.68,1.71,49363.33
0.39,0.45,0.46,1.23,95.76,1.71,49387.33
0.37,0.44,0.46,1.18,95.84,1.71,49410.67
0.36,0.43,0.45,1.13,95.92,1.71,49435.33
0.35,0.43,0.44,1.08,95.99,1.71,49460.33
0.33,0.43,0.43,1.05,96.06,1.71,49477.0
0.32,0.42,0.42,1.0,96.12,1.72,49498.0
0.31,0.41,0.4,0.96,96.19,1.72,49518.0
0.3,0.4,0.38,0.93,96.27,1.72,49537.33
0.28,0.38,0.37,0.9,96.35,1.72,49551.67
0.27,0.38,0.36,0.86,96.41,1.72,49568.67
0.25,0.39,0.36,0.83,96.46,1.72,49584.0
0.25,0.37,0.35,0.8,96.52,1.72,49600.67
0.24,0.35,0.34,0.76,96.58,1.72,49618.33
0.23,0.33,0.34,0.73,96.64,1.72,49634.33
0.22,0.32,0.33,0.7,96.7,1.72,49649.67
0.22,0.3,0.32,0.67,96.76,1.72,49663.33
0.22,0.29,0.3,0.64,96.82,1.72,49679.67
0.22,0.28,0.29,0.61,96.87,1.73,49693.67
0.21,0.27,0.28,0.59,96.92,1.73,49703.67
0.19,0.26,0.28,0.57,96.97,1.73,49714.67
0.18,0.24,0.27,0.55,97.03,1.73,49726.67
0.17,0.24,0.25,0.53,97.08,1.73,49737.0
0.16,0.24,0.24,0.51,97.12,1.73,49744.67
0.15,0.24,0.23,0.49,97.16,1.73,49754.33
0.14,0.23,0.22,0.48,97.21,1.73,49762.0
0.13,0.22,0.22,0.46,97.24,1.73,49770.67
0.13,0.21,0.21,0.44,97.28,1.73,49781.0
0.13,0.21,0.2,0.42,97.31,1.73,49791.0
0.12,0.2,0.19,0.4,97.35,1.73,49799.0
0.12,0.19,0.18,0.39,97.39,1.73,49806.0
0.11,0.18,0.17,0.38,97.42,1.73,49810.67
0.11,0.17,0.16,0.37,97.46,1.73,49816.33
0.1,0.16,0.16,0.36,97.49,1.73,49821.33
0.09,0.15,0.15,0.35,97.53,1.73,49826.67
0.09,0.14,0.14,0.33,97.56,1.73,49834.0
0.08,0.14,0.14,0.32,97.59,1.73,49840.33
0.08,0.13,0.13,0.31,97.61,1.73,49845.67
0.08,0.12,0.13,0.3,97.64,1.73,49850.33
0.08,0.11,0.12,0.29,97.67,1.73,49856.0
0.07,0.11,0.11,0.28,97.68,1.73,49858.33
0.07,0.11,0.1,0.28,97.71,1.73,49861.67
0.06,0.11,0.1,0.27,97.73,1.73,49866.33
0.06,0.1,0.1,0.26,97.75,1.73,49870.67
0.06,0.09,0.09,0.25,97.77,1.73,49875.67
0.06,0.08,0.09,0.24,97.79,1.73,49880.33
0.06,0.08,0.09,0.23,97.81,1.73,49884.0
0.06,0.07,0.08,0.23,97.82,1.73,49887.33
0.06,0.07,0.08,0.22,97.84,1.73,49890.33
0.05,0.07,0.08,0.21,97.85,1.73,49893.0
0.05,0.07,0.07,0.21,97.86,1.73,49897.0
0.05,0.07,0.07,0.2,97.88,1.73,49899.0
0.04,0.07,0.07,0.2,97.89,1.73,49901.0
0.04,0.06,0.07,0.19,97.9,1.73,49903.33
0.04,0.06,0.06,0.19,97.92,1.73,49905.33
0.04,0.06,0.06,0.18,97.93,1.73,49909.0
0.04,0.06,0.06,0.18,97.94,1.73,49910.67
0.03,0.05,0.06,0.18,97.95,1.73,49912.33
0.03,0.05,0.05,0.17,97.96,1.74,49913.67
0.03,0.05,0.05,0.17,97.96,1.74,49915.67
0.03,0.04,0.05,0.17,97.98,1.74,49917.33
0.03,0.04,0.05,0.16,97.99,1.74,49918.0
0.02,0.04,0.05,0.16,97.99,1.74,49919.33
0.02,0.04,0.05,0.16,98.0,1.74,49920.0
0.02,0.03,0.04,0.16,98.01,1.74,49921.67
0.02,0.03,0.04,0.15,98.02,1.74,49922.67
0.02,0.03,0.04,0.15,98.03,1.74,49924.0
0.02,0.03,0.03,0.15,98.03,1.74,49925.67
0.02,0.03,0.03,0.14,98.04,1.74,49927.67
0.02,0.03,0.03,0.14,98.04,1.74,49929.0
0.02,0.02,0.03,0.14,98.05,1.74,49930.33
0.02,0.02,0.03,0.14,98.05,1.74,49932.33
0.02,0.02,0.03,0.13,98.06,1.74,49933.33
0.02,0.02,0.03,0.13,98.07,1.74,49933.67
0.02,0.02,0.02,0.13,98.07,1.74,49934.33
0.02,0.02,0.02,0.13,98.07,1.74,49935.67
0.01,0.02,0.02,0.13,98.08,1.74,49936.33
0.01,0.02,0.02,0.13,98.08,1.74,49936.67
0.01,0.02,0.02,0.13,98.09,1.74,49937.0
0.01,0.02,0.02,0.13,98.09,1.74,49937.33
0.01,0.02,0.02,0.12,98.09,1.74,49937.67
0.01,0.02,0.02,0.12,98.1,1.74,49938.33
0.01,0.02,0.02,0.12,98.1,1.74,49939.0
0.01,0.02,0.02,0.12,98.1,1.74,49939.67
0.01,0.02,0.01,0.12,98.11,1.74,49939.67
0.01,0.01,0.01,0.12,98.11,1.74,49940.0
0.01,0.01,0.01,0.12,98.11,1.74,49940.0
0.01,0.01,0.01,0.12,98.11,1.74,49940.33
0.0,0.01,0.01,0.12,98.12,1.74,49940.67
0.0,0.01,0.01,0.12,98.12,1.74,49940.67
0.0,0.01,0.01,0.12,98.12,1.74,49941.0
0.0,0.01,0.01,0.12,98.12,1.74,49941.0
0.0,0.01,0.01,0.12,98.13,1.74,49941.0
0.0,0.01,0.01,0.12,98.13,1.74,49941.0
0.0,0.01,0.01,0.12,98.13,1.74,49941.33
0.0,0.01,0.01,0.12,98.13,1.74,49941.67
0.0,0.01,0.01,0.12,98.13,1.74,49941.67
0.0,0.01,0.01,0.12,98.13,1.74,49942.0
0.0,0.0,0.01,0.12,98.13,1.74,49942.33
0.0,0.0,0.0,0.11,98.14,1.74,49942.67
0.0,0.0,0.0,0.11,98.14,1.74,49943.0
0.0,0.0,0.0,0.11,98.14,1.74,49943.0
0.0,0.0,0.0,0.11,98.14,1.74,49943.33
0.0,0.0,0.0,0.11,98.14,1.74,49943.33
0.0,0.0,0.0,0.11,98.14,1.74,49943.33
0.0,0.0,0.0,0.11,98.14,1.74,49943.67
0.0,0.0,0.0,0.11,98.14,1.74,49944.0
0.0,0.0,0.0,0.11,98.14,1.74,49944.0
0.0,0.0,0.0,0.11,98.14,1.74,49944.0
0.0,0.0,0.0,0.11,98.14,1.74,49944.0
0.0,0.0,0.0,0.11,98.14,1.74,49944.0
0.0,0.0,0.0,0.11,98.14,1.74,49944.0
0.0,0.0,0.0,0.11,98.14,1.74,49944.0
0.0,0.0,0.0,0.11,98.14,1.74,49944.0
0.0,0.0,0.0,0.11,98.14,1.74,49944.0
0.0,0.0,0.0,0.11,98.15,1.74,49944.0
0.0,0.0,0.0,0.11,98.15,1.74,49944.0
0.0,0.0,0.0,0.11,98.15,1.74,49944.0
0.0,0.0,0.0,0.11,98.15,1.74,49944.0
0.0,0.0,0.0,0.11,98.15,1.74,49944.0
0.0,0.0,0.0,0.11,98.15,1.74,49944.0
0.0,0.0,0.0,0.11,98.15,1.74,49944.0
0.0,0.0,0.0,0.11,98.15,1.74,49944.0
0.0,0.0,0.0,0.11,98.15,1.74,49944.0
0.0,0.0,0.0,0.11,98.15,1.74,49944.0
0.0,0.0,0.0,0.11,98.15,1.74,49944.0
0.0,0.0,0.0,0.11,98.15,1.74,49944.0
0.0,0.0,0.0,0.11,98.15,1.74,49944.0
0.0,0.0,0.0,0.11,98.15,1.74,49944.0
0.0,0.0,0.0,0.11,98.15,1.74,49944.0
0.0,0.0,0.0,0.11,98.15,1.74,49944.0
0.0,0.0,0.0,0.11,98.15,1.74,49944.0
0.0,0.0,0.0,0.11,98.15,1.74,49944.0
0.0,0.0,0.0,0.11,98.15,1.74,49944.0
0.0,0.0,0.0,0.11,98.15,1.74,49944.0
0.0,0.0,0.0,0.11,98.15,1.74,49944.0
0.0,0.0,0.0,0.11,98.15,1.74,49944.0
0.0,0.0,0.0,0.11,98.15,1.74,49944.0
0.0,0.0,0.0,0.11,98.15,1.74,49944.0
0.0,0.0,0.0,0.11,98.15,1.74,49944.0
0.0,0.0,0.0,0.11,98.15,1.74,49944.0
0.0,0.0,0.0,0.11,98.15,1.74,49944.0
0.0,0.0,0.0,0.11,98.15,1.74,49944.0
0.0,0.0,0.0,0.11,98.15,1.74,49944.0
0.0,0.0,0.0,0.11,98.15,1.74,49944.0
0.0,0.0,0.0,0.11,98.15,1.74,49944.0
0.0,0.0,0.0,0.11,98.15,1.74,49944.0
0.0,0.0,0.0,0.11,98.15,1.74,49944.0
0.0,0.0,0.0,0.11,98.15,1.74,49944.0
0.0,0.0,0.0,0.11,98.15,1.74,49944.0
0.0,0.0,0.0,0.11,98.15,1.74,49944.0
0.0,0.0,0.0,0.11,98.15,1.74,49944.0
0.0,0.0,0.0,0.11,98.15,1.74,49944.0
0.0,0.0,0.0,0.11,98.15,1.74,49944.0
0.0,0.0,0.0,0.11,98.15,1.74,49944.0
0.0,0.0,0.0,0.11,98.15,1.74,49944.0
0.0,0.0,0.0,0.11,98.15,1.74,49944.0
0.0,0.0,0.0,0.11,98.15,1.74,49944.0
0.0,0.0,0.0,0.11,98.15,1.74,49944.0
0.0,0.0,0.0,0.11,98.15,1.74,49944.0
0.0,0.0,0.0,0.11,98.15,1.74,49944.0
0.0,0.0,0.0,0.11,98.15,1.74,49944.0
0.0,0.0,0.0,0.11,98.15,1.74,49944.0
0.0,0.0,0.0,0.11,98.15,1.74,49944.0
0.0,0.0,0.0,0.11,98.15,1.74,49944.0
0.0,0.0,0.0,0.11,98.15,1.74,49944.0
0.0,0.0,0.0,0.11,98.15,1.74,49944.0
0.0,0.0,0.0,0.11,98.15,1.74,49944.0
0.0,0.0,0.0,0.11,98.15,1.74,49944.0
0.0,0.0,0.0,0.11,98.15,1.74,49944.0
0.0,0.0,0.0,0.11,98.15,1.74,49944.0
0.0,0.0,0.0,0.11,98.15,1.74,49944.0
0.0,0.0,0.0,0.11,98.15,1.74,49944.0
0.0,0.0,0.0,0.11,98.15,1.74,49944.0
0.0,0.0,0.0,0.11,98.15,1.74,49944.0
0.0,0.0,0.0,0.11,98.15,1.74,49944.0
0.0,0.0,0.0,0.11,98.15,1.74,49944.0
0.0,0.0,0.0,0.11,98.15,1.74,49944.0
0.0,0.0,0.0,0.11,98.15,1.74,49944.0
0.0,0.0,0.0,0.11,98.15,1.74,49944.0
0.0,0.0,0.0,0.11,98.15,1.74,49944.0
0.0,0.0,0.0,0.11,98.15,1.74,49944.0
0.0,0.0,0.0,0.11,98.15,1.74,49944.0
0.0,0.0,0.0,0.11,98.15,1.74,49944.0
0.0,0.0,0.0,0.11,98.15,1.74,49944.0
0.0,0.0,0.0,0.11,98.15,1.74,49944.0
0.0,0.0,0.0,0.11,98.15,1.74,49944.0
0.0,0.0,0.0,0.11,98.15,1.74,49944.0
0.0,0.0,0.0,0.11,98.15,1.74,49944.0
0.0,0.0,0.0,0.11,98.15,1.74,49944.0
0.0,0.0,0.0,0.11,98.15,1.74,49944.0
0.0,0.0,0.0,0.11,98.15,1.74,49944.0
0.0,0.0,0.0,0.11,98.15,1.74,49944.0
0.0,0.0,0.0,0.11,98.15,1.74,49944.0
0.0,0.0,0.0,0.11,98.15,1.74,49944.0
0.0,0.0,0.0,0.11,98.15,1.74,49944.0
0.0,0.0,0.0,0.11,98.15,1.74,49944.0
0.0,0.0,0.0,0.11,98.15,1.74,49944.0
0.0,0.0,0.0,0.11,98.15,1.74,49944.0
0.0,0.0,0.0,0.11,98.15,1.74,49944.0
0.0,0.0,0.0,0.11,98.15,1.74,49944.0
0.0,0.0,0.0,0.11,98.15,1.74,49944.0
0.0,0.0,0.0,0.11,98.15,1.74,49944.0
0.0,0.0,0.0,0.11,98.15,1.74,49944.0
0.0,0.0,0.0,0.11,98.15,1.74,49944.0
0.0,0.0,0.0,0.11,98.15,1.74,49944.0
0.0,0.0,0.0,0.11,98.15,1.74,49944.0
0.0,0.0,0.0,0.11,98.15,1.74,49944.0
0.0,0.0,0.0,0.11,98.15,1.74,49944.0
0.0,0.0,0.0,0.11,98.15,1.74,49944.0
0.0,0.0,0.0,0.11,98.15,1.74,49944.0
0.0,0.0,0.0,0.11,98.15,1.74,49944.0
0.0,0.0,0.0,0.11,98.15,1.74,49944.0
0.0,0.0,0.0,0.11,98.15,1.74,49944.0
0.0,0.0,0.0,0.11,98.15,1.74,49944.0
0.0,0.0,0.0,0.11,98.15,1.74,49944.0
0.0,0.0,0.0,0.11,98.15,1.74,49944.0
0.0,0.0,0.0,0.11,98.15,1.74,49944.0
0.0,0.0,0.0,0.11,98.15,1.74,49944.0
0.0,0.0,0.0,0.11,98.15,1.74,49944.0
0.0,0.0,0.0,0.11,98.15,1.74,49944.0
0.0,0.0,0.0,0.11,98.15,1.74,49944.0