incubando,i_mild,i_grave,susceptibles,recuperados,muertos,infectados_totales
0.09,0.0,0.0,99.91,0.0,0.0,43.0
0.23,0.0,0.0,99.77,0.0,0.0,113.33
0.45,0.0,0.0,99.55,0.0,0.0,223.0
0.79,0.0,0.0,99.21,0.0,0.0,396.0
1.2,0.0,0.0,98.8,0.0,0.0,599.0
1.77,0.0,0.0,98.23,0.0,0.0,887.33
2.54,0.0,0.0,97.46,0.0,0.0,1271.0
3.54,0.06,0.02,96.38,0.0,0.0,1811.0
4.83,0.16,0.06,94.95,0.0,0.0,2527.33
6.64,0.32,0.13,92.92,0.0,0.0,3540.67
8.94,0.56,0.23,90.27,0.0,0.0,4866.33
11.96,0.85,0.35,86.84,0.0,0.0,6577.67
15.72,1.26,0.51,82.5,0.0,0.01,8749.0
20.43,1.81,0.72,77.03,0.0,0.01,11486.67
25.95,2.59,1.02,70.43,0.0,0.01,14784.0
32.73,3.61,1.43,62.22,0.0,0.01,18892.33
39.77,5.03,2.03,53.15,0.0,0.02,23426.33
46.91,6.87,2.78,43.36,0.06,0.02,28319.33
52.98,9.19,3.77,33.86,0.16,0.03,33069.67
57.41,12.14,5.0,25.09,0.32,0.04,37454.67
59.27,15.81,6.55,17.76,0.56,0.06,41121.67
58.56,20.23,8.42,11.88,0.85,0.07,44062.33
54.79,25.64,10.8,7.43,1.26,0.09,46285.33
48.74,31.51,13.42,4.41,1.81,0.12,47794.0
40.77,37.59,16.29,2.59,2.59,0.16,48705.67
32.43,43.32,18.99,1.44,3.61,0.22,49282.33
24.33,48.07,21.53,0.76,5.03,0.29,49620.33
17.34,51.37,23.6,0.42,6.93,0.34,49790.33
11.65,53.14,25.19,0.23,9.38,0.42,49886.0
7.31,53.13,26.43,0.12,12.52,0.49,49940.67
4.36,51.38,27.15,0.05,16.49,0.57,49974.33
2.56,47.96,27.5,0.02,21.28,0.66,49987.67
1.43,42.94,27.65,0.01,27.23,0.75,49996.67
0.76,37.0,27.61,0.0,33.8,0.83,49999.67
0.42,30.38,27.41,0.0,40.87,0.92,50000.0
0.23,23.78,27.1,0.0,47.89,1.0,50000.0
0.12,17.69,26.67,0.0,54.45,1.08,50000.0
0.05,12.53,26.03,0.0,60.23,1.16,50000.0
0.02,8.35,25.25,0.0,65.14,1.24,50000.0
0.01,5.27,24.25,0.0,69.16,1.31,50000.0
0.0,3.11,23.0,0.0,72.49,1.39,50000.0
0.0,1.83,21.47,0.0,75.25,1.45,50000.0
0.0,1.03,19.64,0.0,77.82,1.51,50000.0
0.0,0.55,17.34,0.0,80.54,1.57,50000.0
0.0,0.3,14.81,0.0,83.27,1.62,50000.0
0.0,0.16,12.03,0.0,86.14,1.67,50000.0
0.0,0.08,9.4,0.0,88.81,1.71,50000.0
0.0,0.04,6.93,0.0,91.3,1.73,50000.0
0.0,0.02,4.92,0.0,93.32,1.75,50000.0
0.0,0.0,3.32,0.0,94.91,1.77,50000.0
0.0,0.0,2.04,0.0,96.18,1.77,50000.0
0.0,0.0,1.23,0.0,96.99,1.78,50000.0
0.0,0.0,0.72,0.0,97.49,1.78,50000.0
0.0,0.0,0.39,0.0,97.83,1.78,50000.0
0.0,0.0,0.2,0.0,98.01,1.79,50000.0
0.0,0.0,0.12,0.0,98.1,1.79,50000.0
0.0,0.0,0.06,0.0,98.15,1.79,50000.0
0.0,0.0,0.04,0.0,98.18,1.79,50000.0
0.0,0.0,0.02,0.0,98.2,1.79,50000.0
0.0,0.0,0.01,0.0,98.21,1.79,50000.0
0.0,0.0,0.0,0.0,98.21,1.79,50000.0
0.0,0.0,0.0,0.0,98.21,1.79,50000.0
0.0,0.0,0.0,0.0,98.21,1.79,50000.0
0.0,0.0,0.0,0.0,98.21,1.79,50000.0
0.0,0.0,0.0,0.0,98.21,1.79,50000.0
0.0,0.0,0.0,0.0,98.21,1.79,50000.0
0.0,0.0,0.0,0.0,98.21,1.79,50000.0
0.0,0.0,0.0,0.0,98.21,1.79,50000.0
0.0,0.0,0.0,0.0,98.21,1.79,50000.0
0.0,0.0,0.0,0.0,98.21,1.79,50000.0
0.0,0.0,0.0,0.0,98.21,1.79,50000.0
0.0,0.0,0.0,0.0,98.21,1.79,50000.0
0.0,0.0,0.0,0.0,98.21,1.79,50000.0
0.0,0.0,0.0,0.0,98.21,1.79,50000.0
0.0,0.0,0.0,0.0,98.21,1.79,50000.0
0.0,0.0,0.0,0.0,98.21,1.79,50000.0
0.0,0.0,0.0,0.0,98.21,1.79,50000.0
0.0,0.0,0.0,0.0,98.21,1.79,50000.0
0.0,0.0,0.0,0.0,98.21,1.79,50000.0
0.0,0.0,0.0,0.0,98.21,1.79,50000.0
0.0,0.0,0.0,0.0,98.21,1.79,50000.0
0.0,0.0,0.0,0.0,98.21,1.79,50000.0
0.0,0.0,0.0,0.0,98.21,1.79,50000.0
0.0,0.0,0.0,0.0,98.21,1.79,50000.0
0.0,0.0,0.0,0.0,98.21,1.79,50000.0
0.0,0.0,0.0,0.0,98.21,1.79,50000.0
0.0,0.0,0.0,0.0,98.21,1.79,50000.0
0.0,0.0,0.0,0.0,98.21,1.79,50000.0
0.0,0.0,0.0,0.0,98.21,1.79,50000.0
0.0,0.0,0.0,0.0,98.21,1.79,50000.0
0.0,0.0,0.0,0.0,98.21,1.79,50000.0
0.0,0.0,0.0,0.0,98.21,1.79,50000.0
0.0,0.0,0.0,0.0,98.21,1.79,50000.0
0.0,0.0,0.0,0.0,98.21,1.79,50000.0
0.0,0.0,0.0,0.0,98.21,1.79,50000.0
0.0,0.0,0.0,0.0,98.21,1.79,50000.0
0.0,0.0,0.0,0.0,98.21,1.79,50000.0
0.0,0.0,0.0,0.0,98.21,1.79,50000.0
0.0,0.0,0.0,0.0,98.21,1.79,50000.0
0.0,0.0,0.0,0.0,98.21,1.79,50000.0
0.0,0.0,0.0,0.0,98.21,1.79,50000.0
0.0,0.0,0.0,0.0,98.21,1.79,50000.0
0.0,0.0,0.0,0.0,98.21,1.79,50000.0
0.0,0.0,0.0,0.0,98.21,1.79,50000.0
0.0,0.0,0.0,0.0,98.21,1.79,50000.0
0.0,0.0,0.0,0.0,98.21,1.79,50000.0
0.0,0.0,0.0,0.0,98.21,1.79,50000.0
0.0,0.0,0.0,0.0,98.21,1.79,50000.0
0.0,0.0,0.0,0.0,98.21,1.79,50000.0
0.0,0.0,0.0,0.0,98.21,1.79,50000.0
0.0,0.0,0.0,0.0,98.21,1.79,50000.0
0.0,0.0,0.0,0.0,98.21,1.79,50000.0
0.0,0.0,0.0,0.0,98.21,1.79,50000.0
0.0,0.0,0.0,0.0,98.21,1.79,50000.0
0.0,0.0,0.0,0.0,98.21,1.79,50000.0
0.0,0.0,0.0,0.0,98.21,1.79,50000.0
0.0,0.0,0.0,0.0,98.21,1.79,50000.0
0.0,0.0,0.0,0.0,98.21,1.79,50000.0
0.0,0.0,0.0,0.0,98.21,1.79,50000.0
0.0,0.0,0.0,0.0,98.21,1.79,50000.0
0.0,0.0,0.0,0.0,98.21,1.79,50000.0
0.0,0.0,0.0,0.0,98.21,1.79,50000.0
0.0,0.0,0.0,0.0,98.21,1.79,50000.0
0.0,0.0,0.0,0.0,98.21,1.79,50000.0
0.0,0.0,0.0,0.0,98.21,1.79,50000.0
0.0,0.0,0.0,0.0,98.21,1.79,50000.0
0.0,0.0,0.0,0.0,98.21,1.79,50000.0
0.0,0.0,0.0,0.0,98.21,1.79,50000.0
0.0,0.0,0.0,0.0,98.21,1.79,50000.0
0.0,0.0,0.0,0.0,98.21,1.79,50000.0
0.0,0.0,0.0,0.0,98.21,1.79,50000.0
0.0,0.0,0.0,0.0,98.21,1.79,50000.0
0.0,0.0,0.0,0.0,98.21,1.79,50000.0
0.0,0.0,0.0,0.0,98.21,1.79,50000.0
0.0,0.0,0.0,0.0,98.21,1.79,50000.0
0.0,0.0,0.0,0.0,98.21,1.79,50000.0
0.0,0.0,0.0,0.0,98.21,1.79,50000.0
0.0,0.0,0.0,0.0,98.21,1.79,50000.0
0.0,0.0,0.0,0.0,98.21,1.79,50000.0
0.0,0.0,0.0,0.0,98.21,1.79,50000.0
0.0,0.0,0.0,0.0,98.21,1.79,50000.0
0.0,0.0,0.0,0.0,98.21,1.79,50000.0
0.0,0.0,0.0,0.0,98.21,1.79,50000.0
0.0,0.0,0.0,0.0,98.21,1.79,50000.0
0.0,0.0,0.0,0.0,98.21,1.79,50000.0
0.0,0.0,0.0,0.0,98.21,1.79,50000.0
0.0,0.0,0.0,0.0,98.21,1.79,50000.0
0.0,0.0,0.0,0.0,98.21,1.79,50000.0
0.0,0.0,0.0,0.0,98.21,1.79,50000.0
0.0,0.0,0.0,0.0,98.21,1.79,50000.0
0.0,0.0,0.0,0.0,98.21,1.79,50000.0
0.0,0.0,0.0,0.0,98.21,1.79,50000.0
0.0,0.0,0.0,0.0,98.21,1.79,50000.0
0.0,0.0,0.0,0.0,98.21,1.79,50000.0
0.0,0.0,0.0,0.0,98.21,1.79,50000.0
0.0,0.0,0.0,0.0,98.21,1.79,50000.0
0.0,0.0,0.0,0.0,98.21,1.79,50000.0
0.0,0.0,0.0,0.0,98.21,1.79,50000.0
0.0,0.0,0.0,0.0,98.21,1.79,50000.0
0.0,0.0,0.0,0.0,98.21,1.79,50000.0
0.0,0.0,0.0,0.0,98.21,1.79,50000.0
0.0,0.0,0.0,0.0,98.21,1.79,50000.0
0.0,0.0,0.0,0.0,98.21,1.79,50000.0
0.0,0.0,0.0,0.0,98.21,1.79,50000.0
0.0,0.0,0.0,0.0,98.21,1.79,50000.0
0.0,0.0,0.0,0.0,98.21,1.79,50000.0
0.0,0.0,0.0,0.0,98.21,1.79,50000.0
0.0,0.0,0.0,0.0,98.21,1.79,50000.0
0.0,0.0,0.0,0.0,98.21,1.79,50000.0
0.0,0.0,0.0,0.0,98.21,1.79,50000.0
0.0,0.0,0.0,0.0,98.21,1.79,50000.0
0.0,0.0,0.0,0.0,98.21,1.79,50000.0
0.0,0.0,0.0,0.0,98.21,1.79,50000.0
0.0,0.0,0.0,0.0,98.21,1.79,50000.0
0.0,0.0,0.0,0.0,98.21,1.79,50000.0
0.0,0.0,0.0,0.0,98.21,1.79,50000.0
0.0,0.0,0.0,0.0,98.21,1.79,50000.0
0.0,0.0,0.0,0.0,98.21,1.79,50000.0
0.0,0.0,0.0,0.0,98.21,1.79,50000.0
0.0,0.0,0.0,0.0,98.21,1.79,50000.0
0.0,0.0,0.0,0.0,98.21,1.79,50000.0
0.0,0.0,0.0,0.0,98.21,1.79,50000.0
0.0,0.0,0.0,0.0,98.21,1.79,50000.0
0.0,0.0,0.0,0.0,98.21,1.79,50000.0
0.0,0.0,0.0,0.0,98.21,1.79,50000.0
0.0,0.0,0.0,0.0,98.21,1.79,50000.0
0.0,0.0,0.0,0.0,98.21,1.79,50000.0
0.0,0.0,0.0,0.0,98.21,1.79,50000.0
0.0,0.0,0.0,0.0,98.21,1.79,50000.0
0.0,0.0,0.0,0.0,98.21,1.79,50000.0
0.0,0.0,0.0,0.0,98.21,1.79,50000.0
0.0,0.0,0.0,0.0,98.21,1.79,50000.0
0.0,0.0,0.0,0.0,98.21,1.79,50000.0
0.0,0.0,0.0,0.0,98.21,1.79,50000.0
0.0,0.0,0.0,0.0,98.21,1.79,50000.0
0.0,0.0,0.0,0.0,98.21,1.79,50000.0
0.0,0.0,0.0,0.0,98.21,1.79,50000.0
0.0,0.0,0.0,0.0,98.21,1.79,50000.0
0.0,0.0,0.0,0.0,98.21,1.79,50000.0
0.0,0.0,0.0,0.0,98.21,1.79,50000.0
0.0,0.0,0.0,0.0,98.21,1.79,50000.0
0.0,0.0,0.0,0.0,98.21,1.79,50000.0
0.0,0.0,0.0,0.0,98.21,1.79,50000.0
0.0,0.0,0.0,0.0,98.21,1.79,50000.0
0.0,0.0,0.0,0.0,98.21,1.79,50000.0
0.0,0.0,0.0,0.0,98.21,1.79,50000.0
0.0,0.0,0.0,0.0,98.21,1.79,50000.0
0.0,0.0,0.0,0.0,98.21,1.79,50000.0
0.0,0.0,0.0,0.0,98.21,1.79,50000.0
0.0,0.0,0.0,0.0,98.21,1.79,50000.0
0.0,0.0,0.0,0.0,98.21,1.79,50000.0
0.0,0.0,0.0,0.0,98.21,1.79,50000.0
0.0,0.0,0.0,0.0,98.21,1.79,50000.0
0.0,0.0,0.0,0.0,98.21,1.79,50000.0
0.0,0.0,0.0,0.0,98.21,1.79,50000.0
0.0,0.0,0.0,0.0,98.21,1.79,50000.0
0.0,0.0,0.0,0.0,98.21,1.79,50000.0
0.0,0.0,0.0,0.0,98.21,1.79,50000.0
0.0,0.0,0.0,0.0,98.21,1.79,50000.0
0.0,0.0,0.0,0.0,98.21,1.79,50000.0
0.0,0.0,0.0,0.0,98.21,1.79,50000.0
0.0,0.0,0.0,0.0,98.21,1.79,50000.0
0.0,0.0,0.0,0.0,98.21,1.79,50000.0
0.0,0.0,0.0,0.0,98.21,1.79,50000.0
0.0,0.0,0.0,0.0,98.21,1.79,50000.0
0.0,0.0,0.0,0.0,98.21,1.79,50000.0
0.0,0.0,0.0,0.0,98.21,1.79,50000.0
0.0,0.0,0.0,0.0,98.21,1.79,50000.0
0.0,0.0,0.0,0.0,98.21,1.79,50000.0
0.0,0.0,0.0,0.0,98.21,1.79,50000.0
0.0,0.0,0.0,0.0,98.21,1.79,50000.0
0.0,0.0,0.0,0.0,98.21,1.79,50000.0
0.0,0.0,0.0,0.0,98.21,1.79,50000.0
0.0,0.0,0.0,0.0,98.21,1.79,50000.0
0.0,0.0,0.0,0.0,98.21,1.79,50000.0
0.0,0.0,0.0,0.0,98.21,1.79,50000.0
0.0,0.0,0.0,0.0,98.21,1.79,50000.0
0.0,0.0,0.0,0.0,98.21,1.79,50000.0
0.0,0.0,0.0,0.0,98.21,1.79,50000.0
0.0,0.0,0.0,0.0,98.21,1.79,50000.0
0.0,0.0,0.0,0.0,98.21,1.79,50000.0
0.0,0.0,0.0,0.0,98.21,1.79,50000.0
0.0,0.0,0.0,0.0,98.21,1.79,50000.0
0.0,0.0,0.0,0.0,98.21,1.79,50000.0
0.0,0.0,0.0,0.0,98.21,1.79,50000.0
0.0,0.0,0.0,0.0,98.21,1.79,50000.0
0.0,0.0,0.0,0.0,98.21,1.79,50000.0
0.0,0.0,0.0,0.0,98.21,1.79,50000.0
0.0,0.0,0.0,0.0,98.21,1.79,50000.0
0.0,0.0,0.0,0.0,98.21,1.79,50000.0
0.0,0.0,0.0,0.0,98.21,1.79,50000.0
0.0,0.0,0.0,0.0,98.21,1.79,50000.0
0.0,0.0,0.0,0.0,98.21,1.79,50000.0
0.0,0.0,0.0,0.0,98.21,1.79,50000.0
0.0,0.0,0.0,0.0,98.21,1.79,50000.0
0.0,0.0,0.0,0.0,98.21,1.79,50000.0
0.0,0.0,0.0,0.0,98.21,1.79,50000.0
0.0,0.0,0.0,0.0,98.21,1.79,50000.0
0.0,0.0,0.0,0.0,98.21,1.79,50000.0
0.0,0.0,0.0,0.0,98.21,1.79,50000.0
0.0,0.0,0.0,0.0,98.21,1.79,50000.0
0.0,0.0,0.0,0.0,98.21,1.79,50000.0
0.0,0.0,0.0,0.0,98.21,1.79,50000.0
0.0,0.0,0.0,0.0,98.21,1.79,50000.0
0.0,0.0,0.0,0.0,98.21,1.79,50000.0
0.0,0.0,0.0,0.0,98.21,1.79,50000.0
0.0,0.0,0.0,0.0,98.21,1.79,50000.0
0.0,0.0,0.0,0.0,98.21,1.79,50000.0
0.0,0.0,0.0,0.0,98.21,1.79,50000.0
0.0,0.0,0.0,0.0,98.21,1.79,50000.0
0.0,0.0,0.0,0.0,98.21,1.79,50000.0
0.0,0.0,0.0,0.0,98.21,1.79,50000.0
0.0,0.0,0.0,0.0,98.21,1.79,50000.0
0.0,0.0,0.0,0.0,98.21,1.79,50000.0
0.0,0.0,0.0,0.0,98.21,1.79,50000.0
0.0,0.0,0.0,0.0,98.21,1.79,50000.0
0.0,0.0,0.0,0.0,98.21,1.79,50000.0
0.0,0.0,0.0,0.0,98.21,1.79,50000.0
0.0,0.0,0.0,0.0,98.21,1.79,50000.0
0.0,0.0,0.0,0.0,98.21,1.79,50000.0
0.0,0.0,0.0,0.0,98.21,1.79,50000.0
0.0,0.0,0.0,0.0,98.21,1.79,50000.0
0.0,0.0,0.0,0.0,98.21,1.79,50000.0
0.0,0.0,0.0,0.0,98.21,1.79,50000.0
0.0,0.0,0.0,0.0,98.21,1.79,50000.0
0.0,0.0,0.0,0.0,98.21,1.79,50000.0
0.0,0.0,0.0,0.0,98.21,1.79,50000.0
0.0,0.0,0.0,0.0,98.21,1.79,50000.0
0.0,0.0,0.0,0.0,98.21,1.79,50000.0
0.0,0.0,0.0,0.0,98.21,1.79,50000.0
0.0,0.0,0.0,0.0,98.21,1.79,50000.0
0.0,0.0,0.0,0.0,98.21,1.79,50000.0
0.0,0.0,0.0,0.0,98.21,1.79,50000.0
0.0,0.0,0.0,0.0,98.21,1.79,50000.0
0.0,0.0,0.0,0.0,98.21,1.79,50000.0
0.0,0.0,0.0,0.0,98.21,1.79,50000.0
0.0,0.0,0.0,0.0,98.21,1.79,50000.0
0.0,0.0,0.0,0.0,98.21,1.79,50000.0
0.0,0.0,0.0,0.0,98.21,1.79,50000.0
0.0,0.0,0.0,0.0,98.21,1.79,50000.0
0.0,0.0,0.0,0.0,98.21,1.79,50000.0
0.0,0.0,0.0,0.0,98.21,1.79,50000.0
0.0,0.0,0.0,0.0,98.21,1.79,50000.0
0.0,0.0,0.0,0.0,98.21,1.79,50000.0
0.0,0.0,0.0,0.0,98.21,1.79,50000.0
0.0,0.0,0.0,0.0,98.21,1.79,50000.0
0.0,0.0,0.0,0.0,98.21,1.79,50000.0
0.0,0.0,0.0,0.0,98.21,1.79,50000.0
0.0,0.0,0.0,0.0,98.21,1.79,50000.0
0.0,0.0,0.0,0.0,98.21,1.79,50000.0
0.0,0.0,0.0,0.0,98.21,1.79,50000.0
0.0,0.0,0.0,0.0,98.21,1.79,50000.0
0.0,0.0,0.0,0.0,98.21,1.79,50000.0
0.0,0.0,0.0,0.0,98.21,1.79,50000.0
0.0,0.0,0.0,0.0,98.21,1.79,50000.0
0.0,0.0,0.0,0.0,98.21,1.79,50000.0
0.0,0.0,0.0,0.0,98.21,1.79,50000.0
0.0,0.0,0.0,0.0,98.21,1.79,50000.0
0.0,0.0,0.0,0.0,98.21,1.79,50000.0
0.0,0.0,0.0,0.0,98.21,1.79,50000.0
0.0,0.0,0.0,0.0,98.21,1.79,50000.0
0.0,0.0,0.0,0.0,98.21,1.79,50000.0
0.0,0.0,0.0,0.0,98.21,1.79,50000.0
0.0,0.0,0.0,0.0,98.21,1.79,50000.0
0.0,0.0,0.0,0.0,98.21,1.79,50000.0
0.0,0.0,0.0,0.0,98.21,1.79,50000.0
0.0,0.0,0.0,0.0,98.21,1.79,50000.0
0.0,0.0,0.0,0.0,98.21,1.79,50000.0
0.0,0.0,0.0,0.0,98.21,1.79,50000.0
0.0,0.0,0.0,0.0,98.21,1.79,50000.0
0.0,0.0,0.0,0.0,98.21,1.79,50000.0
0.0,0.0,0.0,0.0,98.21,1.79,50000.0
0.0,0.0,0.0,0.0,98.21,1.79,50000.0
0.0,0.0,0.0,0.0,98.21,1.79,50000.0
0.0,0.0,0.0,0.0,98.21,1.79,50000.0
0.0,0.0,0.0,0.0,98.21,1.79,50000.0
0.0,0.0,0.0,0.0,98.21,1.79,50000.0
0.0,0.0,0.0,0.0,98.21,1.79,50000.0
0.0,0.0,0.0,0.0,98.21,1.79,50000.0
0.0,0.0,0.0,0.0,98.21,1.79,50000.0
0.0,0.0,0.0,0.0,98.21,1.79,50000.0
0.0,0.0,0.0,0.0,98.21,1.79,50000.0
0.0,0.0,0.0,0.0,98.21,1.79,50000.0
0.0,0.0,0.0,0.0,98.21,1.79,50000.0
0.0,0.0,0.0,0.0,98.21,1.79,50000.0
0.0,0.0,0.0,0.0,98.21,1.79,50000.0
0.0,0.0,0.0,0.0,98.21,1.79,50000.0
0.0,0.0,0.0,0.0,98.21,1.79,50000.0
0.0,0.0,0.0,0.0,98.21,1.79,50000.0
0.0,0.0,0.0,0.0,98.21,1.79,50000.0
0.0,0.0,0.0,0.0,98.21,1.79,50000.0
0.0,0.0,0.0,0.0,98.21,1.79,50000.0
0.0,0.0,0.0,0.0,98.21,1.79,50000.0
0.0,0.0,0.0,0.0,98.21,1.79,50000.0
0.0,0.0,0.0,0.0,98.21,1.79,50000.0
0.0,0.0,0.0,0.0,98.21,1.79,50000.0
0.0,0.0,0.0,0.0,98.21,1.79,50000.0
0.0,0.0,0.0,0.0,98.21,1.79,50000.0
0.0,0.0,0.0,0.0,98.21,1.79,50000.0
0.0,0.0,0.0,0.0,98.21,1.79,50000.0
0.0,0.0,0.0,0.0,98.21,1.79,50000.0
0.0,0.0,0.0,0.0,98.21,1.79,50000.0
0.0,0.0,0.0,0.0,98.21,1.79,50000.0
0.0,0.0,0.0,0.0,98.21,1.79,50000.0
0.0,0.0,0.0,0.0,98.21,1.79,50000.0