incubando,i_mild,i_grave,susceptibles,recuperados,muertos,infectados_totales
0.0,0.0,0.0,100.0,0.0,0.0,1.0
0.0,0.0,0.0,100.0,0.0,0.0,1.0
0.0,0.0,0.0,100.0,0.0,0.0,1.0
0.0,0.0,0.0,100.0,0.0,0.0,1.0
0.01,0.0,0.0,99.99,0.0,0.0,2.33
0.01,0.0,0.0,99.99,0.0,0.0,2.67
0.04,0.0,0.0,99.96,0.0,0.0,7.67
0.03,0.0,0.0,99.96,0.0,0.0,7.67
0.03,0.0,0.0,99.96,0.0,0.0,7.67
0.04,0.0,0.0,99.96,0.0,0.0,9.0
0.05,0.0,0.0,99.94,0.0,0.0,13.0
0.06,0.01,0.0,99.93,0.0,0.0,16.33
0.08,0.01,0.0,99.91,0.0,0.0,20.0
0.06,0.02,0.02,99.9,0.0,0.0,21.67
0.07,0.02,0.02,99.89,0.0,0.0,23.67
0.08,0.02,0.02,99.88,0.0,0.0,25.33
0.09,0.02,0.02,99.87,0.0,0.0,27.67
0.11,0.03,0.03,99.83,0.0,0.0,37.0
0.15,0.04,0.03,99.77,0.0,0.0,50.0
0.15,0.05,0.04,99.76,0.0,0.0,53.33
0.18,0.06,0.04,99.72,0.0,0.0,60.33
0.17,0.06,0.04,99.72,0.01,0.0,61.67
0.22,0.06,0.04,99.66,0.01,0.0,74.0
0.34,0.06,0.05,99.53,0.02,0.0,102.33
0.4,0.09,0.06,99.44,0.02,0.0,123.33
0.41,0.13,0.08,99.36,0.02,0.0,139.0
0.5,0.14,0.08,99.26,0.02,0.0,162.0
0.59,0.15,0.09,99.13,0.03,0.0,189.33
0.75,0.14,0.09,98.96,0.05,0.0,226.33
0.85,0.18,0.1,98.81,0.06,0.01,260.67
0.95,0.26,0.14,98.58,0.06,0.01,310.67
1.08,0.33,0.16,98.35,0.07,0.01,360.33
1.29,0.37,0.18,98.07,0.07,0.01,421.67
1.49,0.43,0.22,97.77,0.08,0.01,486.67
1.75,0.5,0.23,97.39,0.12,0.01,571.0
2.15,0.58,0.28,96.81,0.16,0.01,697.0
2.55,0.67,0.33,96.25,0.18,0.01,818.33
3.08,0.82,0.4,95.5,0.2,0.01,984.0
3.94,0.97,0.46,94.42,0.21,0.02,1220.0
4.91,1.12,0.54,93.16,0.26,0.02,1494.33
6.03,1.25,0.61,91.74,0.35,0.02,1805.0
7.76,1.45,0.71,89.63,0.43,0.02,2265.33
9.12,1.81,0.88,87.68,0.48,0.02,2690.33
10.83,2.12,1.05,85.42,0.55,0.02,3184.33
12.52,2.55,1.28,82.98,0.65,0.03,3718.33
13.89,3.19,1.59,80.52,0.78,0.03,4254.67
14.8,3.98,1.93,78.36,0.9,0.03,4726.33
15.88,4.83,2.32,75.86,1.07,0.04,5274.0
16.12,6.12,2.96,73.51,1.24,0.05,5786.0
16.57,7.3,3.52,71.11,1.44,0.05,6310.67
16.79,8.65,4.2,68.64,1.66,0.06,6851.33
16.67,10.14,4.83,66.31,1.97,0.07,7359.0
16.32,11.49,5.51,64.21,2.4,0.08,7819.0
16.12,12.63,6.1,62.24,2.81,0.09,8248.67
15.8,13.85,6.81,60.05,3.36,0.12,8726.33
15.24,14.77,7.41,58.27,4.16,0.15,9116.0
14.7,15.59,8.04,56.41,5.1,0.16,9522.0
13.89,16.28,8.73,54.74,6.16,0.19,9886.33
13.1,16.47,9.33,53.22,7.67,0.22,10219.67
12.27,16.52,9.92,51.93,9.11,0.24,10500.33
11.72,16.39,10.35,50.52,10.76,0.27,10809.33
10.84,16.16,10.88,49.21,12.61,0.3,11094.33
10.3,15.65,11.28,47.97,14.45,0.34,11366.0
9.46,15.43,11.62,46.95,16.15,0.39,11589.33
8.67,14.91,11.86,46.08,18.06,0.43,11779.67
7.96,14.34,12.03,45.26,19.95,0.47,11958.0
7.41,13.51,12.09,44.52,21.96,0.51,12119.33
6.69,12.79,12.13,43.83,24.01,0.55,12271.0
6.05,12.06,12.1,43.16,26.02,0.6,12417.0
5.34,11.52,11.82,42.63,28.07,0.62,12531.67
4.71,10.79,11.56,42.24,30.05,0.66,12618.0
4.27,9.86,11.13,41.81,32.25,0.69,12711.67
3.75,9.21,10.69,41.51,34.12,0.72,12778.0
3.2,8.43,10.19,41.32,36.1,0.77,12817.67
2.83,7.69,9.78,41.0,37.92,0.79,12888.33
2.31,7.06,9.22,40.85,39.76,0.81,12920.67
1.99,6.55,8.73,40.64,41.25,0.84,12966.33
1.74,5.82,8.17,40.5,42.91,0.86,12998.33
1.41,5.21,7.57,40.4,44.52,0.89,13018.67
1.21,4.52,7.03,40.29,46.04,0.91,13042.67
1.11,3.95,6.45,40.21,47.35,0.93,13061.0
0.93,3.56,6.04,40.07,48.46,0.94,13091.67
0.83,3.09,5.45,40.02,49.65,0.97,13102.0
0.67,2.69,4.99,39.98,50.7,0.98,13112.0
0.54,2.3,4.52,39.95,51.68,1.0,13117.0
0.46,1.89,4.1,39.95,52.58,1.02,13118.67
0.38,1.6,3.73,39.92,53.34,1.03,13125.33
0.29,1.39,3.35,39.92,54.0,1.05,13125.33
0.18,1.19,3.0,39.89,54.69,1.05,13130.33
0.13,1.02,2.66,39.89,55.24,1.06,13130.33
0.08,0.92,2.33,39.89,55.7,1.07,13130.33
0.07,0.71,2.03,39.89,56.23,1.08,13132.0
0.06,0.61,1.79,39.89,56.57,1.08,13132.0
0.03,0.5,1.56,39.89,56.94,1.09,13132.0
0.04,0.4,1.36,39.88,57.23,1.09,13133.67
0.02,0.35,1.17,39.88,57.5,1.09,13133.67
0.02,0.27,0.99,39.88,57.75,1.09,13133.67
0.02,0.21,0.84,39.88,57.96,1.09,13133.67
0.01,0.12,0.72,39.88,58.18,1.1,13133.67
0.01,0.1,0.6,39.88,58.32,1.1,13133.67
0.01,0.07,0.49,39.88,58.46,1.1,13133.67
0.0,0.05,0.44,39.88,58.53,1.1,13133.67
0.0,0.05,0.34,39.88,58.63,1.11,13133.67
0.01,0.03,0.3,39.87,58.69,1.11,13135.33
0.01,0.03,0.23,39.87,58.76,1.11,13135.33
0.01,0.01,0.18,39.87,58.82,1.11,13135.33
0.01,0.01,0.15,39.87,58.85,1.11,13135.33
0.01,0.01,0.12,39.87,58.88,1.11,13135.33
0.01,0.01,0.1,39.87,58.9,1.11,13135.33
0.01,0.01,0.06,39.87,58.95,1.11,13135.33
0.0,0.01,0.04,39.87,58.97,1.11,13135.33
0.0,0.0,0.03,39.87,58.99,1.11,13135.33
0.0,0.0,0.02,39.87,58.99,1.11,13135.33
0.0,0.0,0.02,39.87,58.99,1.11,13135.33
0.0,0.0,0.01,39.87,59.0,1.11,13135.33
0.0,0.0,0.01,39.87,59.0,1.11,13135.33
0.0,0.0,0.01,39.87,59.01,1.11,13135.33
0.0,0.0,0.01,39.87,59.01,1.11,13135.33
0.0,0.0,0.01,39.87,59.01,1.11,13135.33
0.0,0.0,0.0,39.87,59.01,1.11,13135.33
0.0,0.0,0.0,39.87,59.01,1.11,13135.33
0.0,0.0,0.0,39.87,59.01,1.11,13135.33
0.0,0.0,0.0,39.87,59.01,1.11,13135.33
0.0,0.0,0.0,39.87,59.01,1.11,13135.33
0.0,0.0,0.0,39.87,59.01,1.11,13135.33
0.0,0.0,0.0,39.87,59.01,1.11,13135.33
0.0,0.0,0.0,39.87,59.01,1.11,13135.33
0.0,0.0,0.0,39.87,59.01,1.11,13135.33
0.0,0.0,0.0,39.87,59.01,1.11,13135.33
0.0,0.0,0.0,39.87,59.01,1.11,13135.33
0.0,0.0,0.0,39.87,59.01,1.11,13135.33
0.0,0.0,0.0,39.87,59.02,1.11,13135.33
0.0,0.0,0.0,39.87,59.02,1.11,13135.33
0.0,0.0,0.0,39.87,59.02,1.11,13135.33
0.0,0.0,0.0,39.87,59.02,1.11,13135.33
0.0,0.0,0.0,39.87,59.02,1.11,13135.33
0.0,0.0,0.0,39.87,59.02,1.11,13135.33
0.0,0.0,0.0,39.87,59.02,1.11,13135.33
0.0,0.0,0.0,39.87,59.02,1.11,13135.33
0.0,0.0,0.0,39.87,59.02,1.11,13135.33
0.0,0.0,0.0,39.87,59.02,1.11,13135.33
0.0,0.0,0.0,39.87,59.02,1.11,13135.33
0.0,0.0,0.0,39.87,59.02,1.11,13135.33
0.0,0.0,0.0,39.87,59.02,1.11,13135.33
0.0,0.0,0.0,39.87,59.02,1.11,13135.33
0.0,0.0,0.0,39.87,59.02,1.11,13135.33
0.0,0.0,0.0,39.87,59.02,1.11,13135.33
0.0,0.0,0.0,39.87,59.02,1.11,13135.33
0.0,0.0,0.0,39.87,59.02,1.11,13135.33
0.0,0.0,0.0,39.87,59.02,1.11,13135.33
0.0,0.0,0.0,39.87,59.02,1.11,13135.33
0.0,0.0,0.0,39.87,59.02,1.11,13135.33
0.0,0.0,0.0,39.87,59.02,1.11,13135.33
0.0,0.0,0.0,39.87,59.02,1.11,13135.33
0.0,0.0,0.0,39.87,59.02,1.11,13135.33
0.0,0.0,0.0,39.87,59.02,1.11,13135.33
0.0,0.0,0.0,39.87,59.02,1.11,13135.33
0.0,0.0,0.0,39.87,59.02,1.11,13135.33
0.0,0.0,0.0,39.87,59.02,1.11,13135.33
0.0,0.0,0.0,39.87,59.02,1.11,13135.33
0.0,0.0,0.0,39.87,59.02,1.11,13135.33
0.0,0.0,0.0,39.87,59.02,1.11,13135.33
0.0,0.0,0.0,39.87,59.02,1.11,13135.33
0.0,0.0,0.0,39.87,59.02,1.11,13135.33
0.0,0.0,0.0,39.87,59.02,1.11,13135.33
0.0,0.0,0.0,39.87,59.02,1.11,13135.33
0.0,0.0,0.0,39.87,59.02,1.11,13135.33
0.0,0.0,0.0,39.87,59.02,1.11,13135.33
0.0,0.0,0.0,39.87,59.02,1.11,13135.33
0.0,0.0,0.0,39.87,59.02,1.11,13135.33
0.0,0.0,0.0,39.87,59.02,1.11,13135.33
0.0,0.0,0.0,39.87,59.02,1.11,13135.33
0.0,0.0,0.0,39.87,59.02,1.11,13135.33
0.0,0.0,0.0,39.87,59.02,1.11,13135.33
0.0,0.0,0.0,39.87,59.02,1.11,13135.33
0.0,0.0,0.0,39.87,59.02,1.11,13135.33
0.0,0.0,0.0,39.87,59.02,1.11,13135.33
0.0,0.0,0.0,39.87,59.02,1.11,13135.33
0.0,0.0,0.0,39.87,59.02,1.11,13135.33
0.0,0.0,0.0,39.87,59.02,1.11,13135.33
0.0,0.0,0.0,39.87,59.02,1.11,13135.33
0.0,0.0,0.0,39.87,59.02,1.11,13135.33
0.0,0.0,0.0,39.87,59.02,1.11,13135.33
0.0,0.0,0.0,39.87,59.02,1.11,13135.33
0.0,0.0,0.0,39.87,59.02,1.11,13135.33
0.0,0.0,0.0,39.87,59.02,1.11,13135.33
0.0,0.0,0.0,39.87,59.02,1.11,13135.33
0.0,0.0,0.0,39.87,59.02,1.11,13135.33
0.0,0.0,0.0,39.87,59.02,1.11,13135.33
0.0,0.0,0.0,39.87,59.02,1.11,13135.33
0.0,0.0,0.0,39.87,59.02,1.11,13135.33
0.0,0.0,0.0,39.87,59.02,1.11,13135.33
0.0,0.0,0.0,39.87,59.02,1.11,13135.33
0.0,0.0,0.0,39.87,59.02,1.11,13135.33
0.0,0.0,0.0,39.87,59.02,1.11,13135.33
0.0,0.0,0.0,39.87,59.02,1.11,13135.33
0.0,0.0,0.0,39.87,59.02,1.11,13135.33
0.0,0.0,0.0,39.87,59.02,1.11,13135.33
0.0,0.0,0.0,39.87,59.02,1.11,13135.33
0.0,0.0,0.0,39.87,59.02,1.11,13135.33