incubando,i_mild,i_grave,susceptibles,recuperados,muertos,infectados_totales
0.1,0.0,0.0,99.9,0.0,0.0,66.0
0.26,0.0,0.0,99.74,0.0,0.0,168.2
0.35,0.0,0.0,99.65,0.0,0.0,229.6
0.49,0.0,0.0,99.51,0.0,0.0,322.0
0.66,0.0,0.0,99.34,0.0,0.0,433.0
0.84,0.0,0.0,99.16,0.0,0.0,549.2
1.05,0.0,0.0,98.95,0.0,0.0,685.6
1.17,0.07,0.03,98.73,0.0,0.0,835.4
1.27,0.18,0.07,98.47,0.0,0.0,1000.6
1.44,0.25,0.1,98.21,0.0,0.0,1172.4
1.66,0.35,0.14,97.85,0.0,0.0,1410.6
1.88,0.47,0.19,97.46,0.0,0.0,1667.0
2.2,0.6,0.24,96.96,0.0,0.0,1992.4
2.56,0.74,0.31,96.4,0.0,0.0,2361.2
2.94,0.9,0.38,95.79,0.0,0.0,2760.2
3.39,1.07,0.45,95.08,0.0,0.0,3223.2
3.99,1.26,0.52,94.23,0.0,0.01,3784.2
4.62,1.45,0.62,93.23,0.07,0.01,4439.2
5.34,1.61,0.74,92.12,0.18,0.01,5164.2
6.19,1.89,0.88,90.77,0.25,0.01,6048.2
7.12,2.19,1.05,89.28,0.35,0.01,7026.4
8.15,2.5,1.22,87.64,0.47,0.01,8102.8
9.34,2.88,1.42,85.74,0.6,0.02,9345.6
10.53,3.36,1.66,83.7,0.74,0.02,10682.4
11.81,3.92,1.93,81.42,0.9,0.03,12179.6
13.3,4.53,2.24,78.82,1.07,0.04,13879.0
14.86,5.31,2.62,75.91,1.26,0.04,15786.2
16.42,6.1,3.05,72.86,1.52,0.05,17786.4
18.12,6.99,3.49,69.51,1.82,0.06,19980.4
19.85,7.97,4.0,65.89,2.21,0.07,22352.8
21.62,9.04,4.54,62.08,2.63,0.08,24853.2
23.02,10.23,5.16,58.39,3.1,0.1,27267.2
24.29,11.58,5.82,54.53,3.66,0.11,29796.4
25.32,13.02,6.62,50.59,4.32,0.13,32380.4
26.23,14.48,7.4,46.62,5.11,0.15,34979.4
26.78,16.05,8.3,42.73,5.96,0.17,37533.4
27.0,17.65,9.27,38.89,6.99,0.19,40048.6
26.86,19.31,10.27,35.22,8.11,0.23,42456.6
26.65,20.76,11.21,31.75,9.38,0.26,44730.8
26.07,22.13,12.23,28.46,10.82,0.29,46882.2
25.09,23.44,13.23,25.5,12.42,0.32,48822.8
23.93,24.61,14.2,22.69,14.2,0.37,50664.4
22.71,25.48,15.16,20.01,16.23,0.41,52419.4
21.34,26.12,16.08,17.55,18.46,0.45,54036.8
19.95,26.54,16.87,15.26,20.87,0.51,55533.8
18.49,26.62,17.59,13.26,23.49,0.56,56847.8
17.04,26.38,18.19,11.42,26.36,0.61,58050.4
15.61,25.76,18.65,9.9,29.43,0.66,59050.0
14.18,25.12,19.01,8.51,32.46,0.72,59959.8
12.77,24.28,19.31,7.24,35.62,0.78,60789.4
11.37,23.27,19.44,6.18,38.91,0.84,61485.2
10.03,22.08,19.52,5.23,42.24,0.89,62106.4
8.85,20.77,19.41,4.41,45.6,0.96,62647.8
7.73,19.4,19.2,3.69,48.96,1.01,63118.8
6.8,17.85,18.8,3.09,52.38,1.07,63507.4
5.92,16.41,18.32,2.59,55.64,1.13,63840.6
5.06,14.98,17.71,2.18,58.88,1.19,64108.2
4.39,13.64,16.98,1.79,61.97,1.24,64360.6
3.74,12.33,16.18,1.49,64.98,1.29,64560.2
3.14,11.04,15.37,1.27,67.85,1.33,64703.8
2.59,9.81,14.44,1.1,70.68,1.37,64816.4
2.15,8.63,13.47,0.95,73.39,1.42,64913.8
1.76,7.56,12.47,0.82,75.92,1.46,64994.8
1.46,6.54,11.47,0.72,78.31,1.5,65065.2
1.15,5.76,10.45,0.64,80.46,1.54,65117.4
0.91,4.98,9.51,0.57,82.46,1.57,65158.4
0.74,4.25,8.56,0.53,84.32,1.6,65190.4
0.62,3.62,7.68,0.48,85.97,1.63,65221.2
0.49,3.05,6.89,0.46,87.45,1.65,65234.6
0.4,2.55,6.13,0.43,88.83,1.67,65253.8
0.31,2.1,5.39,0.41,90.1,1.69,65266.0
0.25,1.74,4.72,0.39,91.2,1.71,65279.0
0.19,1.42,4.08,0.38,92.2,1.72,65285.2
0.15,1.17,3.54,0.37,93.03,1.73,65289.4
0.11,0.93,3.05,0.37,93.8,1.73,65292.4
0.09,0.73,2.61,0.37,94.46,1.74,65293.4
0.06,0.59,2.25,0.37,94.98,1.75,65295.0
0.05,0.48,1.9,0.36,95.46,1.76,65297.8
0.03,0.39,1.62,0.36,95.84,1.76,65299.0
0.03,0.31,1.35,0.35,96.19,1.77,65302.4
0.02,0.25,1.12,0.35,96.49,1.77,65303.8
0.02,0.19,0.93,0.35,96.74,1.77,65304.4
0.02,0.14,0.77,0.35,96.94,1.78,65305.8
0.02,0.11,0.63,0.35,97.12,1.78,65307.6
0.01,0.08,0.51,0.35,97.27,1.78,65307.6
0.01,0.07,0.4,0.35,97.39,1.78,65307.6
0.01,0.05,0.32,0.35,97.49,1.79,65307.6
0.01,0.04,0.26,0.35,97.56,1.79,65307.6
0.01,0.03,0.22,0.35,97.61,1.79,65308.2
0.0,0.02,0.17,0.35,97.67,1.79,65308.2
0.0,0.02,0.13,0.35,97.71,1.79,65308.2
0.0,0.02,0.1,0.35,97.75,1.79,65308.2
0.0,0.01,0.08,0.35,97.77,1.79,65308.2
0.0,0.01,0.07,0.35,97.78,1.79,65308.2
0.0,0.01,0.05,0.35,97.8,1.79,65308.2
0.0,0.01,0.04,0.35,97.81,1.79,65308.2
0.0,0.01,0.03,0.35,97.82,1.79,65308.2
0.0,0.0,0.02,0.35,97.83,1.79,65308.2
0.0,0.0,0.02,0.35,97.84,1.79,65308.2
0.0,0.0,0.01,0.35,97.85,1.79,65308.2
0.0,0.0,0.01,0.35,97.85,1.79,65308.2
0.0,0.0,0.01,0.35,97.85,1.79,65308.2
0.0,0.0,0.01,0.35,97.86,1.79,65308.2
0.0,0.0,0.01,0.35,97.86,1.79,65308.2
0.0,0.0,0.01,0.35,97.86,1.79,65308.2
0.0,0.0,0.0,0.35,97.86,1.79,65308.2
0.0,0.0,0.0,0.35,97.86,1.79,65308.2
0.0,0.0,0.0,0.35,97.86,1.79,65308.2
0.0,0.0,0.0,0.35,97.86,1.79,65308.2
0.0,0.0,0.0,0.35,97.86,1.79,65308.2
0.0,0.0,0.0,0.35,97.86,1.79,65308.2
0.0,0.0,0.0,0.35,97.86,1.79,65308.2
0.0,0.0,0.0,0.35,97.86,1.79,65308.2
0.0,0.0,0.0,0.35,97.86,1.79,65308.2
0.0,0.0,0.0,0.35,97.86,1.79,65308.2
0.0,0.0,0.0,0.35,97.86,1.79,65308.2
0.0,0.0,0.0,0.35,97.86,1.79,65308.2
0.0,0.0,0.0,0.35,97.86,1.79,65308.2
0.0,0.0,0.0,0.35,97.86,1.79,65308.2
0.0,0.0,0.0,0.35,97.86,1.79,65308.2
0.0,0.0,0.0,0.35,97.86,1.79,65308.2
0.0,0.0,0.0,0.35,97.86,1.79,65308.2
0.0,0.0,0.0,0.35,97.86,1.79,65308.2
0.0,0.0,0.0,0.35,97.86,1.79,65308.2
0.0,0.0,0.0,0.35,97.86,1.79,65308.2
0.0,0.0,0.0,0.35,97.86,1.79,65308.2
0.0,0.0,0.0,0.35,97.86,1.79,65308.2
0.0,0.0,0.0,0.35,97.86,1.79,65308.2
0.0,0.0,0.0,0.35,97.86,1.79,65308.2
0.0,0.0,0.0,0.35,97.86,1.79,65308.2
0.0,0.0,0.0,0.35,97.86,1.79,65308.2
0.0,0.0,0.0,0.35,97.86,1.79,65308.2
0.0,0.0,0.0,0.35,97.86,1.79,65308.2
0.0,0.0,0.0,0.35,97.86,1.79,65308.2
0.0,0.0,0.0,0.35,97.86,1.79,65308.2
0.0,0.0,0.0,0.35,97.86,1.79,65308.2
0.0,0.0,0.0,0.35,97.86,1.79,65308.2
0.0,0.0,0.0,0.35,97.86,1.79,65308.2
0.0,0.0,0.0,0.35,97.86,1.79,65308.2
0.0,0.0,0.0,0.35,97.86,1.79,65308.2
0.0,0.0,0.0,0.35,97.86,1.79,65308.2
0.0,0.0,0.0,0.35,97.86,1.79,65308.2
0.0,0.0,0.0,0.35,97.86,1.79,65308.2
0.0,0.0,0.0,0.35,97.86,1.79,65308.2
0.0,0.0,0.0,0.35,97.86,1.79,65308.2
0.0,0.0,0.0,0.35,97.86,1.79,65308.2
0.0,0.0,0.0,0.35,97.86,1.79,65308.2
0.0,0.0,0.0,0.35,97.86,1.79,65308.2
0.0,0.0,0.0,0.35,97.86,1.79,65308.2
0.0,0.0,0.0,0.35,97.86,1.79,65308.2
0.0,0.0,0.0,0.35,97.86,1.79,65308.2
0.0,0.0,0.0,0.35,97.86,1.79,65308.2
0.0,0.0,0.0,0.35,97.86,1.79,65308.2
0.0,0.0,0.0,0.35,97.86,1.79,65308.2
0.0,0.0,0.0,0.35,97.86,1.79,65308.2
0.0,0.0,0.0,0.35,97.86,1.79,65308.2
0.0,0.0,0.0,0.35,97.86,1.79,65308.2
0.0,0.0,0.0,0.35,97.86,1.79,65308.2
0.0,0.0,0.0,0.35,97.86,1.79,65308.2
0.0,0.0,0.0,0.35,97.86,1.79,65308.2
0.0,0.0,0.0,0.35,97.86,1.79,65308.2
0.0,0.0,0.0,0.35,97.86,1.79,65308.2
0.0,0.0,0.0,0.35,97.86,1.79,65308.2
0.0,0.0,0.0,0.35,97.86,1.79,65308.2
0.0,0.0,0.0,0.35,97.86,1.79,65308.2
0.0,0.0,0.0,0.35,97.86,1.79,65308.2
0.0,0.0,0.0,0.35,97.86,1.79,65308.2
0.0,0.0,0.0,0.35,97.86,1.79,65308.2
0.0,0.0,0.0,0.35,97.86,1.79,65308.2
0.0,0.0,0.0,0.35,97.86,1.79,65308.2
0.0,0.0,0.0,0.35,97.86,1.79,65308.2
0.0,0.0,0.0,0.35,97.86,1.79,65308.2
0.0,0.0,0.0,0.35,97.86,1.79,65308.2
0.0,0.0,0.0,0.35,97.86,1.79,65308.2
0.0,0.0,0.0,0.35,97.86,1.79,65308.2
0.0,0.0,0.0,0.35,97.86,1.79,65308.2
0.0,0.0,0.0,0.35,97.86,1.79,65308.2
0.0,0.0,0.0,0.35,97.86,1.79,65308.2
0.0,0.0,0.0,0.35,97.86,1.79,65308.2
0.0,0.0,0.0,0.35,97.86,1.79,65308.2
0.0,0.0,0.0,0.35,97.86,1.79,65308.2
0.0,0.0,0.0,0.35,97.86,1.79,65308.2
0.0,0.0,0.0,0.35,97.86,1.79,65308.2
0.0,0.0,0.0,0.35,97.86,1.79,65308.2
0.0,0.0,0.0,0.35,97.86,1.79,65308.2
0.0,0.0,0.0,0.35,97.86,1.79,65308.2
0.0,0.0,0.0,0.35,97.86,1.79,65308.2
0.0,0.0,0.0,0.35,97.86,1.79,65308.2
0.0,0.0,0.0,0.35,97.86,1.79,65308.2
0.0,0.0,0.0,0.35,97.86,1.79,65308.2
0.0,0.0,0.0,0.35,97.86,1.79,65308.2
0.0,0.0,0.0,0.35,97.86,1.79,65308.2
0.0,0.0,0.0,0.35,97.86,1.79,65308.2
0.0,0.0,0.0,0.35,97.86,1.79,65308.2
0.0,0.0,0.0,0.35,97.86,1.79,65308.2
0.0,0.0,0.0,0.35,97.86,1.79,65308.2
0.0,0.0,0.0,0.35,97.86,1.79,65308.2
0.0,0.0,0.0,0.35,97.86,1.79,65308.2
0.0,0.0,0.0,0.35,97.86,1.79,65308.2
0.0,0.0,0.0,0.35,97.86,1.79,65308.2