incubando,i_mild,i_grave,susceptibles,recuperados,muertos,infectados_totales
0.06,0.0,0.0,99.94,0.0,0.0,3.0
0.06,0.0,0.0,99.94,0.0,0.0,3.0
0.06,0.0,0.0,99.94,0.0,0.0,3.0
0.12,0.0,0.0,99.88,0.0,0.0,5.67
0.12,0.0,0.0,99.88,0.0,0.0,5.67
0.13,0.0,0.0,99.87,0.0,0.0,6.0
0.31,0.0,0.0,99.69,0.0,0.0,14.33
0.33,0.06,0.01,99.61,0.0,0.0,18.33
0.51,0.06,0.01,99.42,0.0,0.0,27.0
0.64,0.06,0.01,99.3,0.0,0.0,33.0
0.66,0.11,0.01,99.22,0.0,0.0,36.33
1.06,0.11,0.01,98.82,0.0,0.0,55.33
1.51,0.11,0.01,98.36,0.0,0.0,76.67
1.65,0.24,0.06,98.04,0.0,0.0,91.67
2.03,0.29,0.1,97.58,0.0,0.0,113.33
2.07,0.42,0.16,97.36,0.0,0.0,123.67
2.82,0.51,0.2,96.48,0.0,0.0,165.0
3.35,0.49,0.23,95.87,0.06,0.0,193.33
3.96,0.75,0.37,94.86,0.06,0.0,240.67
4.45,1.03,0.55,93.91,0.06,0.0,285.0
6.09,1.24,0.61,91.95,0.11,0.0,376.67
6.86,1.55,0.76,90.72,0.11,0.0,434.33
7.89,1.69,0.83,89.47,0.11,0.0,493.0
8.6,2.21,1.07,87.88,0.24,0.01,567.33
9.93,2.57,1.26,85.94,0.29,0.01,658.0
10.53,3.2,1.5,84.33,0.42,0.01,733.67
11.0,3.8,1.77,82.91,0.51,0.02,800.0
10.72,5.13,2.34,81.23,0.55,0.02,878.67
10.73,5.79,2.63,79.99,0.82,0.04,936.67
10.7,6.43,2.96,78.77,1.1,0.04,993.67
10.05,7.26,3.45,77.83,1.35,0.06,1037.67
9.73,8.21,4.09,76.21,1.67,0.08,1113.67
9.66,9.14,4.63,74.67,1.82,0.08,1185.67
9.2,9.55,4.98,73.71,2.46,0.1,1230.67
8.64,10.26,5.45,72.58,2.93,0.13,1283.33
8.08,10.35,5.78,71.91,3.71,0.17,1315.0
7.89,10.57,6.04,70.88,4.43,0.19,1363.0
7.67,9.87,6.25,70.16,5.85,0.19,1396.67
6.91,10.03,6.74,69.3,6.8,0.22,1437.0
6.21,10.19,7.03,68.46,7.85,0.26,1476.33
6.09,9.7,7.19,67.62,9.11,0.29,1515.67
6.08,9.19,7.5,66.5,10.43,0.3,1568.0
6.44,8.58,7.57,65.47,11.64,0.3,1616.33
6.2,8.23,7.78,64.68,12.75,0.35,1653.33
6.59,7.59,7.75,63.57,14.11,0.38,1705.33
7.56,7.31,7.83,61.74,15.15,0.42,1791.0
8.2,7.01,7.8,60.26,16.26,0.46,1860.33
8.35,6.92,7.78,59.28,17.2,0.48,1906.33
8.33,6.63,7.56,58.17,18.81,0.49,1958.0
8.6,6.21,7.64,56.88,20.18,0.5,2018.67
8.78,6.21,7.52,55.9,21.09,0.51,2064.33
8.84,6.2,7.41,54.73,22.3,0.53,2119.0
8.05,6.95,7.31,53.69,23.43,0.57,2167.67
7.46,7.31,7.23,52.79,24.62,0.58,2209.67
7.57,7.6,7.04,51.71,25.46,0.63,2260.67
6.92,7.83,6.83,51.25,26.54,0.63,2282.0
6.15,8.1,6.89,50.73,27.49,0.65,2306.33
5.69,8.23,6.81,50.21,28.4,0.66,2330.67
4.65,8.22,6.96,50.08,29.42,0.68,2336.67
4.12,8.41,6.62,49.57,30.56,0.71,2360.67
3.55,8.52,6.37,49.25,31.59,0.73,2375.67
2.97,8.52,6.36,48.74,32.67,0.74,2399.67
2.83,7.61,6.13,48.42,34.26,0.75,2414.67
2.39,6.91,6.09,48.34,35.51,0.76,2418.0
2.19,6.42,5.98,48.02,36.59,0.8,2433.0
2.51,5.69,5.83,47.58,37.59,0.8,2454.0
2.19,5.21,5.67,47.38,38.72,0.83,2463.0
1.93,4.67,5.56,47.32,39.67,0.85,2466.0
1.42,4.2,5.5,47.32,40.7,0.87,2466.0
1.16,3.57,5.28,47.25,41.84,0.9,2469.0
1.35,2.91,4.92,47.0,42.91,0.91,2481.0
1.22,2.41,4.8,46.81,43.84,0.92,2490.0
0.83,2.39,4.59,46.74,44.51,0.95,2493.0
0.7,2.12,4.11,46.68,45.42,0.97,2496.0
0.64,1.88,3.7,46.68,46.11,1.0,2496.0
0.7,1.82,3.48,46.61,46.38,1.0,2499.0
0.64,1.48,3.2,46.61,47.06,1.01,2499.0
0.38,1.49,2.82,46.61,47.66,1.03,2499.0
0.19,1.3,2.64,46.61,48.2,1.05,2499.0
0.13,1.15,2.29,46.61,48.77,1.05,2499.0
0.06,1.14,2.11,46.61,49.0,1.07,2499.0
0.06,0.89,1.93,46.61,49.43,1.08,2499.0
0.0,0.66,1.66,46.61,50.0,1.08,2499.0
0.0,0.56,1.52,46.61,50.22,1.09,2499.0
0.0,0.52,1.36,46.61,50.41,1.1,2499.0
0.0,0.52,1.14,46.61,50.63,1.1,2499.0
0.0,0.47,1.08,46.61,50.74,1.1,2499.0
0.0,0.27,0.93,46.61,51.07,1.11,2499.0
0.0,0.15,0.82,46.61,51.3,1.12,2499.0
0.0,0.09,0.62,46.61,51.56,1.12,2499.0
0.0,0.05,0.53,46.61,51.69,1.12,2499.0
0.0,0.05,0.5,46.61,51.71,1.13,2499.0
0.0,0.0,0.44,46.61,51.82,1.13,2499.0
0.0,0.0,0.29,46.61,51.97,1.13,2499.0
0.0,0.0,0.19,46.61,52.07,1.13,2499.0
0.0,0.0,0.17,46.61,52.09,1.13,2499.0
0.0,0.0,0.17,46.61,52.09,1.13,2499.0
0.0,0.0,0.16,46.61,52.1,1.13,2499.0
0.0,0.0,0.11,46.61,52.15,1.13,2499.0
0.0,0.0,0.04,46.61,52.22,1.13,2499.0
0.0,0.0,0.04,46.61,52.23,1.13,2499.0
0.0,0.0,0.01,46.61,52.25,1.13,2499.0
0.0,0.0,0.01,46.61,52.25,1.13,2499.0
0.0,0.0,0.0,46.61,52.26,1.13,2499.0
0.0,0.0,0.0,46.61,52.26,1.13,2499.0
0.0,0.0,0.0,46.61,52.26,1.13,2499.0
0.0,0.0,0.0,46.61,52.26,1.13,2499.0
0.0,0.0,0.0,46.61,52.26,1.13,2499.0
0.0,0.0,0.0,46.61,52.26,1.13,2499.0
0.0,0.0,0.0,46.61,52.26,1.13,2499.0
0.0,0.0,0.0,46.61,52.26,1.13,2499.0
0.0,0.0,0.0,46.61,52.26,1.13,2499.0
0.0,0.0,0.0,46.61,52.26,1.13,2499.0
0.0,0.0,0.0,46.61,52.26,1.13,2499.0
0.0,0.0,0.0,46.61,52.26,1.13,2499.0
0.0,0.0,0.0,46.61,52.26,1.13,2499.0
0.0,0.0,0.0,46.61,52.26,1.13,2499.0
0.0,0.0,0.0,46.61,52.26,1.13,2499.0
0.0,0.0,0.0,46.61,52.26,1.13,2499.0
0.0,0.0,0.0,46.61,52.26,1.13,2499.0
0.0,0.0,0.0,46.61,52.26,1.13,2499.0
0.0,0.0,0.0,46.61,52.26,1.13,2499.0
0.0,0.0,0.0,46.61,52.26,1.13,2499.0
0.0,0.0,0.0,46.61,52.26,1.13,2499.0
0.0,0.0,0.0,46.61,52.26,1.13,2499.0
0.0,0.0,0.0,46.61,52.26,1.13,2499.0
0.0,0.0,0.0,46.61,52.26,1.13,2499.0
0.0,0.0,0.0,46.61,52.26,1.13,2499.0
0.0,0.0,0.0,46.61,52.26,1.13,2499.0
0.0,0.0,0.0,46.61,52.26,1.13,2499.0
0.0,0.0,0.0,46.61,52.26,1.13,2499.0
0.0,0.0,0.0,46.61,52.26,1.13,2499.0
0.0,0.0,0.0,46.61,52.26,1.13,2499.0
0.0,0.0,0.0,46.61,52.26,1.13,2499.0
0.0,0.0,0.0,46.61,52.26,1.13,2499.0
0.0,0.0,0.0,46.61,52.26,1.13,2499.0
0.0,0.0,0.0,46.61,52.26,1.13,2499.0
0.0,0.0,0.0,46.61,52.26,1.13,2499.0
0.0,0.0,0.0,46.61,52.26,1.13,2499.0
0.0,0.0,0.0,46.61,52.26,1.13,2499.0
0.0,0.0,0.0,46.61,52.26,1.13,2499.0
0.0,0.0,0.0,46.61,52.26,1.13,2499.0
0.0,0.0,0.0,46.61,52.26,1.13,2499.0
0.0,0.0,0.0,46.61,52.26,1.13,2499.0
0.0,0.0,0.0,46.61,52.26,1.13,2499.0
0.0,0.0,0.0,46.61,52.26,1.13,2499.0
0.0,0.0,0.0,46.61,52.26,1.13,2499.0
0.0,0.0,0.0,46.61,52.26,1.13,2499.0
0.0,0.0,0.0,46.61,52.26,1.13,2499.0
0.0,0.0,0.0,46.61,52.26,1.13,2499.0
0.0,0.0,0.0,46.61,52.26,1.13,2499.0
0.0,0.0,0.0,46.61,52.26,1.13,2499.0
0.0,0.0,0.0,46.61,52.26,1.13,2499.0
0.0,0.0,0.0,46.61,52.26,1.13,2499.0
0.0,0.0,0.0,46.61,52.26,1.13,2499.0
0.0,0.0,0.0,46.61,52.26,1.13,2499.0
0.0,0.0,0.0,46.61,52.26,1.13,2499.0
0.0,0.0,0.0,46.61,52.26,1.13,2499.0
0.0,0.0,0.0,46.61,52.26,1.13,2499.0
0.0,0.0,0.0,46.61,52.26,1.13,2499.0
0.0,0.0,0.0,46.61,52.26,1.13,2499.0
0.0,0.0,0.0,46.61,52.26,1.13,2499.0
0.0,0.0,0.0,46.61,52.26,1.13,2499.0
0.0,0.0,0.0,46.61,52.26,1.13,2499.0
0.0,0.0,0.0,46.61,52.26,1.13,2499.0
0.0,0.0,0.0,46.61,52.26,1.13,2499.0
0.0,0.0,0.0,46.61,52.26,1.13,2499.0
0.0,0.0,0.0,46.61,52.26,1.13,2499.0
0.0,0.0,0.0,46.61,52.26,1.13,2499.0
0.0,0.0,0.0,46.61,52.26,1.13,2499.0
0.0,0.0,0.0,46.61,52.26,1.13,2499.0
0.0,0.0,0.0,46.61,52.26,1.13,2499.0
0.0,0.0,0.0,46.61,52.26,1.13,2499.0
0.0,0.0,0.0,46.61,52.26,1.13,2499.0
0.0,0.0,0.0,46.61,52.26,1.13,2499.0
0.0,0.0,0.0,46.61,52.26,1.13,2499.0
0.0,0.0,0.0,46.61,52.26,1.13,2499.0
0.0,0.0,0.0,46.61,52.26,1.13,2499.0
0.0,0.0,0.0,46.61,52.26,1.13,2499.0
0.0,0.0,0.0,46.61,52.26,1.13,2499.0
0.0,0.0,0.0,46.61,52.26,1.13,2499.0
0.0,0.0,0.0,46.61,52.26,1.13,2499.0
0.0,0.0,0.0,46.61,52.26,1.13,2499.0
0.0,0.0,0.0,46.61,52.26,1.13,2499.0
0.0,0.0,0.0,46.61,52.26,1.13,2499.0
0.0,0.0,0.0,46.61,52.26,1.13,2499.0
0.0,0.0,0.0,46.61,52.26,1.13,2499.0
0.0,0.0,0.0,46.61,52.26,1.13,2499.0
0.0,0.0,0.0,46.61,52.26,1.13,2499.0
0.0,0.0,0.0,46.61,52.26,1.13,2499.0
0.0,0.0,0.0,46.61,52.26,1.13,2499.0
0.0,0.0,0.0,46.61,52.26,1.13,2499.0
0.0,0.0,0.0,46.61,52.26,1.13,2499.0
0.0,0.0,0.0,46.61,52.26,1.13,2499.0
0.0,0.0,0.0,46.61,52.26,1.13,2499.0
0.0,0.0,0.0,46.61,52.26,1.13,2499.0
0.0,0.0,0.0,46.61,52.26,1.13,2499.0
0.0,0.0,0.0,46.61,52.26,1.13,2499.0
0.0,0.0,0.0,46.61,52.26,1.13,2499.0
0.0,0.0,0.0,46.61,52.26,1.13,2499.0