incubando,i_mild,i_grave,susceptibles,recuperados,muertos,infectados_totales
0.01,0.0,0.0,99.99,0.0,0.0,7.0
0.03,0.0,0.0,99.97,0.0,0.0,18.2
0.04,0.0,0.0,99.96,0.0,0.0,26.2
0.05,0.0,0.0,99.95,0.0,0.0,32.4
0.06,0.0,0.0,99.94,0.0,0.0,41.0
0.07,0.0,0.0,99.93,0.0,0.0,48.8
0.09,0.0,0.0,99.91,0.0,0.0,58.4
0.1,0.01,0.0,99.89,0.0,0.0,75.2
0.11,0.02,0.01,99.86,0.0,0.0,91.6
0.13,0.03,0.01,99.83,0.0,0.0,109.6
0.15,0.03,0.02,99.8,0.0,0.0,133.6
0.19,0.04,0.02,99.75,0.0,0.0,162.6
0.22,0.05,0.02,99.71,0.0,0.0,193.0
0.27,0.06,0.03,99.64,0.0,0.0,233.4
0.28,0.08,0.04,99.6,0.0,0.0,259.0
0.34,0.09,0.05,99.52,0.0,0.0,311.6
0.4,0.11,0.06,99.44,0.0,0.0,369.6
0.46,0.13,0.07,99.34,0.01,0.0,434.8
0.54,0.15,0.08,99.21,0.02,0.0,519.0
0.63,0.17,0.09,99.08,0.03,0.0,603.2
0.7,0.21,0.11,98.94,0.03,0.0,694.2
0.79,0.23,0.12,98.81,0.04,0.0,779.0
0.89,0.28,0.15,98.63,0.05,0.0,896.2
0.99,0.33,0.17,98.44,0.06,0.0,1021.0
1.09,0.38,0.2,98.24,0.08,0.0,1151.0
1.25,0.45,0.24,97.96,0.09,0.01,1336.2
1.43,0.53,0.27,97.65,0.11,0.01,1542.2
1.64,0.6,0.31,97.3,0.14,0.01,1769.6
1.96,0.66,0.34,96.85,0.17,0.01,2065.2
2.34,0.76,0.39,96.29,0.21,0.01,2432.8
2.82,0.86,0.43,95.63,0.25,0.01,2866.2
3.44,0.97,0.49,94.81,0.28,0.01,3403.8
4.14,1.11,0.57,93.82,0.35,0.02,4052.6
4.86,1.26,0.67,92.79,0.41,0.02,4726.2
5.76,1.42,0.77,91.53,0.48,0.02,5547.6
6.69,1.65,0.9,90.16,0.58,0.03,6449.0
7.74,1.95,1.05,88.55,0.68,0.03,7505.2
8.98,2.33,1.22,86.65,0.79,0.03,8748.4
10.32,2.81,1.45,84.48,0.89,0.04,10169.4
11.83,3.38,1.73,81.98,1.03,0.04,11808.2
13.57,3.97,2.01,79.22,1.18,0.05,13620.6
15.41,4.71,2.36,76.13,1.34,0.05,15644.2
17.37,5.48,2.75,72.79,1.55,0.06,17829.8
19.34,6.41,3.19,69.21,1.78,0.07,20179.6
21.23,7.52,3.71,65.42,2.04,0.08,22659.0
22.97,8.73,4.31,61.51,2.38,0.09,25224.4
24.53,10.1,4.99,57.45,2.82,0.11,27886.2
25.81,11.57,5.77,53.41,3.32,0.12,30534.4
26.79,13.2,6.61,49.34,3.93,0.13,33202.0
27.48,14.87,7.51,45.31,4.67,0.15,35838.0
27.75,16.7,8.48,41.46,5.44,0.17,38363.0
27.7,18.51,9.49,37.72,6.37,0.2,40812.6
27.35,20.33,10.54,34.16,7.39,0.23,43145.2
26.64,22.05,11.62,30.81,8.62,0.26,45343.2
25.72,23.58,12.66,27.68,10.06,0.3,47392.6
24.56,24.94,13.7,24.78,11.68,0.34,49296.0
23.15,26.0,14.72,22.16,13.58,0.38,51012.2
21.82,26.79,15.64,19.64,15.68,0.42,52664.2
20.25,27.23,16.52,17.48,18.06,0.48,54081.6
18.7,27.35,17.29,15.46,20.67,0.53,55403.0
17.12,27.17,17.95,13.69,23.48,0.58,56565.8
15.66,26.68,18.54,12.02,26.47,0.63,57654.8
14.21,25.95,18.98,10.56,29.6,0.69,58611.8
12.94,24.93,19.31,9.22,32.85,0.75,59493.0
11.58,23.85,19.55,8.06,36.16,0.81,60252.0
10.41,22.49,19.61,7.07,39.56,0.86,60900.8
9.25,21.07,19.54,6.21,43.0,0.93,61468.2
8.28,19.61,19.31,5.41,46.42,0.99,61990.2
7.29,18.17,18.95,4.73,49.82,1.04,62432.4
6.45,16.69,18.51,4.11,53.16,1.08,62838.8
5.69,15.28,17.93,3.53,56.43,1.14,63220.2
5.01,13.9,17.25,3.06,59.6,1.19,63532.8
4.43,12.55,16.46,2.64,62.68,1.24,63805.4
3.92,11.31,15.61,2.29,65.58,1.29,64036.4
3.4,10.07,14.68,2.01,68.49,1.35,64218.4
2.98,9.03,13.74,1.76,71.12,1.38,64384.0
2.57,8.05,12.76,1.54,73.65,1.42,64525.8
2.15,7.19,11.78,1.38,76.03,1.46,64627.4
1.81,6.34,10.82,1.25,78.28,1.5,64718.2
1.5,5.62,9.86,1.14,80.34,1.54,64786.6
1.22,4.91,8.93,1.07,82.31,1.57,64834.6
1.02,4.29,8.05,0.99,84.06,1.59,64884.0
0.82,3.76,7.23,0.94,85.63,1.62,64920.4
0.65,3.31,6.47,0.89,87.03,1.64,64949.4
0.51,2.87,5.77,0.87,88.31,1.67,64963.6
0.41,2.49,5.11,0.84,89.47,1.69,64986.0
0.33,2.12,4.54,0.82,90.5,1.7,64999.8
0.27,1.77,3.99,0.8,91.47,1.71,65012.8
0.21,1.47,3.52,0.79,92.29,1.72,65020.4
0.16,1.21,3.09,0.78,93.03,1.73,65026.6
0.13,0.99,2.68,0.77,93.7,1.74,65032.8
0.11,0.8,2.32,0.76,94.26,1.75,65036.6
0.08,0.65,2.01,0.76,94.75,1.76,65038.4
0.06,0.51,1.74,0.75,95.17,1.76,65040.4
0.04,0.41,1.5,0.75,95.53,1.77,65041.6
0.03,0.32,1.27,0.75,95.85,1.77,65041.6
0.03,0.26,1.09,0.75,96.1,1.77,65043.4
0.02,0.21,0.92,0.75,96.33,1.78,65043.4
0.01,0.16,0.76,0.75,96.54,1.78,65043.4
0.01,0.12,0.63,0.75,96.71,1.78,65043.4
0.0,0.09,0.52,0.75,96.85,1.79,65043.4
0.0,0.08,0.43,0.75,96.95,1.79,65043.4
0.0,0.06,0.36,0.75,97.04,1.79,65043.4
0.0,0.04,0.28,0.75,97.13,1.79,65043.4
0.0,0.03,0.22,0.75,97.2,1.79,65043.4
0.0,0.02,0.18,0.75,97.25,1.79,65043.4
0.0,0.02,0.14,0.75,97.3,1.79,65043.4
0.0,0.01,0.11,0.75,97.34,1.79,65043.4
0.0,0.01,0.09,0.75,97.36,1.79,65043.4
0.0,0.0,0.07,0.75,97.38,1.79,65043.4
0.0,0.0,0.06,0.75,97.4,1.79,65043.4
0.0,0.0,0.05,0.75,97.41,1.79,65043.4
0.0,0.0,0.04,0.75,97.41,1.79,65043.4
0.0,0.0,0.03,0.75,97.43,1.79,65043.4
0.0,0.0,0.02,0.75,97.43,1.79,65043.4
0.0,0.0,0.02,0.75,97.44,1.79,65043.4
0.0,0.0,0.01,0.75,97.45,1.79,65043.4
0.0,0.0,0.01,0.75,97.45,1.79,65043.4
0.0,0.0,0.01,0.75,97.45,1.79,65043.4
0.0,0.0,0.0,0.75,97.45,1.79,65043.4
0.0,0.0,0.0,0.75,97.45,1.79,65043.4
0.0,0.0,0.0,0.75,97.45,1.79,65043.4
0.0,0.0,0.0,0.75,97.46,1.79,65043.4
0.0,0.0,0.0,0.75,97.46,1.79,65043.4
0.0,0.0,0.0,0.75,97.46,1.79,65043.4
0.0,0.0,0.0,0.75,97.46,1.79,65043.4
0.0,0.0,0.0,0.75,97.46,1.79,65043.4
0.0,0.0,0.0,0.75,97.46,1.79,65043.4
0.0,0.0,0.0,0.75,97.46,1.79,65043.4
0.0,0.0,0.0,0.75,97.46,1.79,65043.4
0.0,0.0,0.0,0.75,97.46,1.79,65043.4
0.0,0.0,0.0,0.75,97.46,1.79,65043.4
0.0,0.0,0.0,0.75,97.46,1.79,65043.4
0.0,0.0,0.0,0.75,97.46,1.79,65043.4
0.0,0.0,0.0,0.75,97.46,1.79,65043.4
0.0,0.0,0.0,0.75,97.46,1.79,65043.4
0.0,0.0,0.0,0.75,97.46,1.79,65043.4
0.0,0.0,0.0,0.75,97.46,1.79,65043.4
0.0,0.0,0.0,0.75,97.46,1.79,65043.4
0.0,0.0,0.0,0.75,97.46,1.79,65043.4
0.0,0.0,0.0,0.75,97.46,1.79,65043.4
0.0,0.0,0.0,0.75,97.46,1.79,65043.4
0.0,0.0,0.0,0.75,97.46,1.79,65043.4
0.0,0.0,0.0,0.75,97.46,1.79,65043.4
0.0,0.0,0.0,0.75,97.46,1.79,65043.4
0.0,0.0,0.0,0.75,97.46,1.79,65043.4
0.0,0.0,0.0,0.75,97.46,1.79,65043.4
0.0,0.0,0.0,0.75,97.46,1.79,65043.4
0.0,0.0,0.0,0.75,97.46,1.79,65043.4
0.0,0.0,0.0,0.75,97.46,1.79,65043.4
0.0,0.0,0.0,0.75,97.46,1.79,65043.4
0.0,0.0,0.0,0.75,97.46,1.79,65043.4
0.0,0.0,0.0,0.75,97.46,1.79,65043.4
0.0,0.0,0.0,0.75,97.46,1.79,65043.4
0.0,0.0,0.0,0.75,97.46,1.79,65043.4
0.0,0.0,0.0,0.75,97.46,1.79,65043.4
0.0,0.0,0.0,0.75,97.46,1.79,65043.4
0.0,0.0,0.0,0.75,97.46,1.79,65043.4
0.0,0.0,0.0,0.75,97.46,1.79,65043.4
0.0,0.0,0.0,0.75,97.46,1.79,65043.4
0.0,0.0,0.0,0.75,97.46,1.79,65043.4
0.0,0.0,0.0,0.75,97.46,1.79,65043.4
0.0,0.0,0.0,0.75,97.46,1.79,65043.4
0.0,0.0,0.0,0.75,97.46,1.79,65043.4
0.0,0.0,0.0,0.75,97.46,1.79,65043.4
0.0,0.0,0.0,0.75,97.46,1.79,65043.4
0.0,0.0,0.0,0.75,97.46,1.79,65043.4
0.0,0.0,0.0,0.75,97.46,1.79,65043.4
0.0,0.0,0.0,0.75,97.46,1.79,65043.4
0.0,0.0,0.0,0.75,97.46,1.79,65043.4
0.0,0.0,0.0,0.75,97.46,1.79,65043.4
0.0,0.0,0.0,0.75,97.46,1.79,65043.4
0.0,0.0,0.0,0.75,97.46,1.79,65043.4
0.0,0.0,0.0,0.75,97.46,1.79,65043.4
0.0,0.0,0.0,0.75,97.46,1.79,65043.4
0.0,0.0,0.0,0.75,97.46,1.79,65043.4
0.0,0.0,0.0,0.75,97.46,1.79,65043.4
0.0,0.0,0.0,0.75,97.46,1.79,65043.4
0.0,0.0,0.0,0.75,97.46,1.79,65043.4
0.0,0.0,0.0,0.75,97.46,1.79,65043.4
0.0,0.0,0.0,0.75,97.46,1.79,65043.4
0.0,0.0,0.0,0.75,97.46,1.79,65043.4
0.0,0.0,0.0,0.75,97.46,1.79,65043.4
0.0,0.0,0.0,0.75,97.46,1.79,65043.4
0.0,0.0,0.0,0.75,97.46,1.79,65043.4
0.0,0.0,0.0,0.75,97.46,1.79,65043.4
0.0,0.0,0.0,0.75,97.46,1.79,65043.4
0.0,0.0,0.0,0.75,97.46,1.79,65043.4
0.0,0.0,0.0,0.75,97.46,1.79,65043.4
0.0,0.0,0.0,0.75,97.46,1.79,65043.4
0.0,0.0,0.0,0.75,97.46,1.79,65043.4
0.0,0.0,0.0,0.75,97.46,1.79,65043.4
0.0,0.0,0.0,0.75,97.46,1.79,65043.4
0.0,0.0,0.0,0.75,97.46,1.79,65043.4
0.0,0.0,0.0,0.75,97.46,1.79,65043.4
0.0,0.0,0.0,0.75,97.46,1.79,65043.4
0.0,0.0,0.0,0.75,97.46,1.79,65043.4
0.0,0.0,0.0,0.75,97.46,1.79,65043.4
0.0,0.0,0.0,0.75,97.46,1.79,65043.4
0.0,0.0,0.0,0.75,97.46,1.79,65043.4
0.0,0.0,0.0,0.75,97.46,1.79,65043.4
0.0,0.0,0.0,0.75,97.46,1.79,65043.4
0.0,0.0,0.0,0.75,97.46,1.79,65043.4
0.0,0.0,0.0,0.75,97.46,1.79,65043.4
0.0,0.0,0.0,0.75,97.46,1.79,65043.4
0.0,0.0,0.0,0.75,97.46,1.79,65043.4
0.0,0.0,0.0,0.75,97.46,1.79,65043.4
0.0,0.0,0.0,0.75,97.46,1.79,65043.4
0.0,0.0,0.0,0.75,97.46,1.79,65043.4
0.0,0.0,0.0,0.75,97.46,1.79,65043.4
0.0,0.0,0.0,0.75,97.46,1.79,65043.4
0.0,0.0,0.0,0.75,97.46,1.79,65043.4
0.0,0.0,0.0,0.75,97.46,1.79,65043.4
0.0,0.0,0.0,0.75,97.46,1.79,65043.4
0.0,0.0,0.0,0.75,97.46,1.79,65043.4
0.0,0.0,0.0,0.75,97.46,1.79,65043.4
0.0,0.0,0.0,0.75,97.46,1.79,65043.4
0.0,0.0,0.0,0.75,97.46,1.79,65043.4
0.0,0.0,0.0,0.75,97.46,1.79,65043.4
0.0,0.0,0.0,0.75,97.46,1.79,65043.4
0.0,0.0,0.0,0.75,97.46,1.79,65043.4
0.0,0.0,0.0,0.75,97.46,1.79,65043.4
0.0,0.0,0.0,0.75,97.46,1.79,65043.4
0.0,0.0,0.0,0.75,97.46,1.79,65043.4
0.0,0.0,0.0,0.75,97.46,1.79,65043.4
0.0,0.0,0.0,0.75,97.46,1.79,65043.4
0.0,0.0,0.0,0.75,97.46,1.79,65043.4
0.0,0.0,0.0,0.75,97.46,1.79,65043.4
0.0,0.0,0.0,0.75,97.46,1.79,65043.4
0.0,0.0,0.0,0.75,97.46,1.79,65043.4
0.0,0.0,0.0,0.75,97.46,1.79,65043.4
0.0,0.0,0.0,0.75,97.46,1.79,65043.4
0.0,0.0,0.0,0.75,97.46,1.79,65043.4
0.0,0.0,0.0,0.75,97.46,1.79,65043.4
0.0,0.0,0.0,0.75,97.46,1.79,65043.4
0.0,0.0,0.0,0.75,97.46,1.79,65043.4
0.0,0.0,0.0,0.75,97.46,1.79,65043.4
0.0,0.0,0.0,0.75,97.46,1.79,65043.4
0.0,0.0,0.0,0.75,97.46,1.79,65043.4
0.0,0.0,0.0,0.75,97.46,1.79,65043.4
0.0,0.0,0.0,0.75,97.46,1.79,65043.4
0.0,0.0,0.0,0.75,97.46,1.79,65043.4
0.0,0.0,0.0,0.75,97.46,1.79,65043.4
0.0,0.0,0.0,0.75,97.46,1.79,65043.4
0.0,0.0,0.0,0.75,97.46,1.79,65043.4
0.0,0.0,0.0,0.75,97.46,1.79,65043.4
0.0,0.0,0.0,0.75,97.46,1.79,65043.4
0.0,0.0,0.0,0.75,97.46,1.79,65043.4
0.0,0.0,0.0,0.75,97.46,1.79,65043.4
0.0,0.0,0.0,0.75,97.46,1.79,65043.4
0.0,0.0,0.0,0.75,97.46,1.79,65043.4
0.0,0.0,0.0,0.75,97.46,1.79,65043.4
0.0,0.0,0.0,0.75,97.46,1.79,65043.4
0.0,0.0,0.0,0.75,97.46,1.79,65043.4
0.0,0.0,0.0,0.75,97.46,1.79,65043.4
0.0,0.0,0.0,0.75,97.46,1.79,65043.4
0.0,0.0,0.0,0.75,97.46,1.79,65043.4
0.0,0.0,0.0,0.75,97.46,1.79,65043.4
0.0,0.0,0.0,0.75,97.46,1.79,65043.4
0.0,0.0,0.0,0.75,97.46,1.79,65043.4
0.0,0.0,0.0,0.75,97.46,1.79,65043.4
0.0,0.0,0.0,0.75,97.46,1.79,65043.4
0.0,0.0,0.0,0.75,97.46,1.79,65043.4
0.0,0.0,0.0,0.75,97.46,1.79,65043.4
0.0,0.0,0.0,0.75,97.46,1.79,65043.4
0.0,0.0,0.0,0.75,97.46,1.79,65043.4
0.0,0.0,0.0,0.75,97.46,1.79,65043.4
0.0,0.0,0.0,0.75,97.46,1.79,65043.4
0.0,0.0,0.0,0.75,97.46,1.79,65043.4
0.0,0.0,0.0,0.75,97.46,1.79,65043.4
0.0,0.0,0.0,0.75,97.46,1.79,65043.4
0.0,0.0,0.0,0.75,97.46,1.79,65043.4
0.0,0.0,0.0,0.75,97.46,1.79,65043.4
0.0,0.0,0.0,0.75,97.46,1.79,65043.4
0.0,0.0,0.0,0.75,97.46,1.79,65043.4
0.0,0.0,0.0,0.75,97.46,1.79,65043.4
0.0,0.0,0.0,0.75,97.46,1.79,65043.4
0.0,0.0,0.0,0.75,97.46,1.79,65043.4
0.0,0.0,0.0,0.75,97.46,1.79,65043.4
0.0,0.0,0.0,0.75,97.46,1.79,65043.4
0.0,0.0,0.0,0.75,97.46,1.79,65043.4
0.0,0.0,0.0,0.75,97.46,1.79,65043.4
0.0,0.0,0.0,0.75,97.46,1.79,65043.4
0.0,0.0,0.0,0.75,97.46,1.79,65043.4
0.0,0.0,0.0,0.75,97.46,1.79,65043.4
0.0,0.0,0.0,0.75,97.46,1.79,65043.4
0.0,0.0,0.0,0.75,97.46,1.79,65043.4
0.0,0.0,0.0,0.75,97.46,1.79,65043.4
0.0,0.0,0.0,0.75,97.46,1.79,65043.4
0.0,0.0,0.0,0.75,97.46,1.79,65043.4
0.0,0.0,0.0,0.75,97.46,1.79,65043.4
0.0,0.0,0.0,0.75,97.46,1.79,65043.4
0.0,0.0,0.0,0.75,97.46,1.79,65043.4
0.0,0.0,0.0,0.75,97.46,1.79,65043.4
0.0,0.0,0.0,0.75,97.46,1.79,65043.4
0.0,0.0,0.0,0.75,97.46,1.79,65043.4
0.0,0.0,0.0,0.75,97.46,1.79,65043.4
0.0,0.0,0.0,0.75,97.46,1.79,65043.4
0.0,0.0,0.0,0.75,97.46,1.79,65043.4
0.0,0.0,0.0,0.75,97.46,1.79,65043.4
0.0,0.0,0.0,0.75,97.46,1.79,65043.4
0.0,0.0,0.0,0.75,97.46,1.79,65043.4
0.0,0.0,0.0,0.75,97.46,1.79,65043.4
0.0,0.0,0.0,0.75,97.46,1.79,65043.4
0.0,0.0,0.0,0.75,97.46,1.79,65043.4
0.0,0.0,0.0,0.75,97.46,1.79,65043.4
0.0,0.0,0.0,0.75,97.46,1.79,65043.4
0.0,0.0,0.0,0.75,97.46,1.79,65043.4
0.0,0.0,0.0,0.75,97.46,1.79,65043.4
0.0,0.0,0.0,0.75,97.46,1.79,65043.4
0.0,0.0,0.0,0.75,97.46,1.79,65043.4
0.0,0.0,0.0,0.75,97.46,1.79,65043.4
0.0,0.0,0.0,0.75,97.46,1.79,65043.4
0.0,0.0,0.0,0.75,97.46,1.79,65043.4
0.0,0.0,0.0,0.75,97.46,1.79,65043.4
0.0,0.0,0.0,0.75,97.46,1.79,65043.4
0.0,0.0,0.0,0.75,97.46,1.79,65043.4
0.0,0.0,0.0,0.75,97.46,1.79,65043.4
0.0,0.0,0.0,0.75,97.46,1.79,65043.4
0.0,0.0,0.0,0.75,97.46,1.79,65043.4
0.0,0.0,0.0,0.75,97.46,1.79,65043.4
0.0,0.0,0.0,0.75,97.46,1.79,65043.4
0.0,0.0,0.0,0.75,97.46,1.79,65043.4
0.0,0.0,0.0,0.75,97.46,1.79,65043.4
0.0,0.0,0.0,0.75,97.46,1.79,65043.4
0.0,0.0,0.0,0.75,97.46,1.79,65043.4
0.0,0.0,0.0,0.75,97.46,1.79,65043.4
0.0,0.0,0.0,0.75,97.46,1.79,65043.4
0.0,0.0,0.0,0.75,97.46,1.79,65043.4
0.0,0.0,0.0,0.75,97.46,1.79,65043.4
0.0,0.0,0.0,0.75,97.46,1.79,65043.4
0.0,0.0,0.0,0.75,97.46,1.79,65043.4
0.0,0.0,0.0,0.75,97.46,1.79,65043.4
0.0,0.0,0.0,0.75,97.46,1.79,65043.4
0.0,0.0,0.0,0.75,97.46,1.79,65043.4
0.0,0.0,0.0,0.75,97.46,1.79,65043.4
0.0,0.0,0.0,0.75,97.46,1.79,65043.4
0.0,0.0,0.0,0.75,97.46,1.79,65043.4
0.0,0.0,0.0,0.75,97.46,1.79,65043.4
0.0,0.0,0.0,0.75,97.46,1.79,65043.4
0.0,0.0,0.0,0.75,97.46,1.79,65043.4
0.0,0.0,0.0,0.75,97.46,1.79,65043.4
0.0,0.0,0.0,0.75,97.46,1.79,65043.4
0.0,0.0,0.0,0.75,97.46,1.79,65043.4
0.0,0.0,0.0,0.75,97.46,1.79,65043.4
0.0,0.0,0.0,0.75,97.46,1.79,65043.4
0.0,0.0,0.0,0.75,97.46,1.79,65043.4
0.0,0.0,0.0,0.75,97.46,1.79,65043.4
0.0,0.0,0.0,0.75,97.46,1.79,65043.4
0.0,0.0,0.0,0.75,97.46,1.79,65043.4
0.0,0.0,0.0,0.75,97.46,1.79,65043.4
0.0,0.0,0.0,0.75,97.46,1.79,65043.4
0.0,0.0,0.0,0.75,97.46,1.79,65043.4
0.0,0.0,0.0,0.75,97.46,1.79,65043.4
0.0,0.0,0.0,0.75,97.46,1.79,65043.4
0.0,0.0,0.0,0.75,97.46,1.79,65043.4
0.0,0.0,0.0,0.75,97.46,1.79,65043.4
0.0,0.0,0.0,0.75,97.46,1.79,65043.4
0.0,0.0,0.0,0.75,97.46,1.79,65043.4
0.0,0.0,0.0,0.75,97.46,1.79,65043.4
0.0,0.0,0.0,0.75,97.46,1.79,65043.4
0.0,0.0,0.0,0.75,97.46,1.79,65043.4
0.0,0.0,0.0,0.75,97.46,1.79,65043.4
0.0,0.0,0.0,0.75,97.46,1.79,65043.4
0.0,0.0,0.0,0.75,97.46,1.79,65043.4