incubando,i_mild,i_grave,susceptibles,recuperados,muertos,infectados_totales
0.02,0.0,0.0,99.98,0.0,0.0,3.0
0.08,0.0,0.0,99.92,0.0,0.0,16.33
0.09,0.0,0.0,99.91,0.0,0.0,18.33
0.1,0.0,0.0,99.9,0.0,0.0,18.67
0.16,0.0,0.0,99.84,0.0,0.0,31.0
0.21,0.0,0.0,99.79,0.0,0.0,41.67
0.27,0.0,0.0,99.73,0.0,0.0,53.67
0.34,0.02,0.0,99.65,0.0,0.0,68.67
0.41,0.06,0.03,99.5,0.0,0.0,97.33
0.58,0.06,0.03,99.33,0.0,0.0,131.67
0.8,0.06,0.03,99.1,0.0,0.0,175.67
1.07,0.12,0.04,98.77,0.0,0.0,239.33
1.42,0.16,0.06,98.36,0.0,0.0,319.67
1.86,0.2,0.08,97.87,0.0,0.0,416.0
2.23,0.25,0.1,97.42,0.0,0.0,504.0
2.59,0.36,0.14,96.91,0.0,0.0,603.0
3.15,0.49,0.18,96.18,0.0,0.0,746.67
3.65,0.63,0.25,95.45,0.02,0.0,888.67
4.25,0.82,0.34,94.53,0.06,0.0,1069.0
4.99,1.09,0.48,93.37,0.06,0.0,1295.0
5.54,1.45,0.61,92.33,0.06,0.0,1498.33
6.41,1.72,0.74,91.01,0.12,0.0,1755.0
7.31,2.02,0.9,89.6,0.16,0.01,2031.0
7.92,2.5,1.12,88.26,0.2,0.01,2293.67
8.95,2.99,1.29,86.5,0.25,0.02,2637.33
10.08,3.53,1.56,84.44,0.36,0.02,3038.33
11.07,4.24,1.87,82.3,0.49,0.03,3457.67
12.03,4.83,2.17,80.3,0.65,0.03,3848.33
13.14,5.5,2.58,77.88,0.88,0.03,4321.0
14.26,6.2,2.98,75.34,1.18,0.03,4817.0
15.51,6.83,3.32,72.74,1.54,0.04,5323.33
16.48,7.76,3.82,70.02,1.87,0.05,5855.67
17.4,8.87,4.4,67.04,2.22,0.06,6437.33
18.12,9.85,5.03,64.17,2.75,0.08,6997.33
19.13,10.77,5.53,61.17,3.31,0.09,7583.67
19.91,11.9,6.12,57.97,3.99,0.11,8208.67
20.01,12.91,6.76,55.33,4.87,0.13,8725.33
20.67,14.02,7.43,52.07,5.66,0.15,9360.33
21.19,15.04,8.15,48.83,6.62,0.18,9994.67
21.16,16.16,8.9,45.88,7.69,0.2,10570.67
21.71,17.17,9.62,42.47,8.81,0.23,11236.67
21.87,18.05,10.33,39.3,10.2,0.26,11855.67
21.46,18.87,11.11,36.51,11.77,0.29,12399.33
21.57,19.22,11.72,33.75,13.41,0.32,12939.0
20.78,20.12,12.38,31.29,15.08,0.35,13419.67
19.51,20.64,13.13,29.31,17.03,0.37,13806.0
18.66,20.91,13.66,27.22,19.14,0.41,14215.0
17.09,21.48,14.31,25.38,21.29,0.45,14573.67
15.34,21.82,14.89,23.95,23.49,0.5,14852.67
14.13,21.66,15.28,22.38,26.0,0.55,15159.67
12.89,21.61,15.65,20.87,28.39,0.6,15455.67
11.64,21.22,15.98,19.65,30.87,0.65,15692.67
10.85,20.37,16.0,18.46,33.62,0.7,15925.0
9.85,19.99,16.03,17.37,36.03,0.74,16138.0
9.05,18.94,15.91,16.33,38.99,0.78,16340.67
8.52,17.65,15.77,15.44,41.8,0.82,16516.33
7.54,16.63,15.62,14.84,44.52,0.85,16632.0
6.56,15.28,15.37,14.31,47.58,0.9,16736.0
5.75,13.9,14.97,13.91,50.52,0.95,16815.0
5.03,12.8,14.52,13.43,53.24,0.99,16907.67
4.31,11.61,13.99,13.06,55.99,1.04,16980.67
3.51,10.61,13.42,12.83,58.55,1.07,17025.33
2.87,9.84,12.83,12.56,60.79,1.1,17077.67
2.54,8.8,12.09,12.3,63.13,1.15,17128.67
2.3,7.85,11.46,12.01,65.19,1.19,17186.0
2.1,7.1,10.71,11.81,67.06,1.22,17224.67
1.76,6.37,9.9,11.67,69.05,1.25,17251.33
1.5,5.57,9.19,11.56,70.89,1.29,17273.33
1.38,4.84,8.3,11.45,72.7,1.32,17295.33
1.18,4.18,7.51,11.39,74.39,1.35,17307.33
1.01,3.6,6.77,11.29,75.94,1.38,17325.33
0.76,3.07,6.07,11.24,77.46,1.39,17335.33
0.61,2.57,5.43,11.2,78.78,1.41,17343.33
0.49,2.25,4.93,11.18,79.72,1.44,17347.33
0.41,1.96,4.36,11.15,80.68,1.45,17353.33
0.33,1.76,3.88,11.12,81.44,1.46,17359.33
0.32,1.44,3.52,11.07,82.19,1.47,17369.33
0.24,1.23,3.09,11.06,82.91,1.47,17371.33
0.18,1.1,2.67,11.06,83.5,1.49,17371.33
0.15,0.95,2.37,11.05,83.98,1.5,17373.33
0.13,0.79,2.04,11.05,84.49,1.51,17373.33
0.1,0.59,1.73,11.05,85.02,1.52,17373.33
0.08,0.47,1.46,11.04,85.43,1.52,17375.33
0.03,0.41,1.23,11.04,85.76,1.53,17375.33
0.02,0.35,1.06,11.04,85.99,1.53,17375.33
0.02,0.27,0.9,11.04,86.24,1.53,17375.33
0.01,0.24,0.78,11.04,86.41,1.53,17375.33
0.01,0.17,0.68,11.04,86.57,1.54,17375.33
0.01,0.14,0.58,11.04,86.7,1.54,17375.33
0.0,0.12,0.52,11.04,86.79,1.54,17375.33
0.0,0.1,0.43,11.04,86.89,1.54,17375.33
0.0,0.08,0.36,11.04,86.98,1.54,17375.33
0.0,0.06,0.28,11.04,87.08,1.54,17375.33
0.0,0.02,0.24,11.04,87.16,1.54,17375.33
0.0,0.01,0.2,11.04,87.21,1.54,17375.33
0.0,0.01,0.15,11.04,87.26,1.54,17375.33
0.0,0.01,0.12,11.04,87.3,1.54,17375.33
0.0,0.01,0.1,11.04,87.31,1.54,17375.33
0.0,0.01,0.08,11.04,87.33,1.54,17375.33
0.0,0.0,0.06,11.04,87.36,1.54,17375.33
0.0,0.0,0.05,11.04,87.37,1.54,17375.33
0.0,0.0,0.04,11.04,87.38,1.54,17375.33
0.0,0.0,0.03,11.04,87.39,1.54,17375.33
0.0,0.0,0.02,11.04,87.4,1.54,17375.33
0.0,0.0,0.01,11.04,87.41,1.54,17375.33
0.0,0.0,0.01,11.04,87.41,1.54,17375.33
0.0,0.0,0.01,11.04,87.41,1.54,17375.33
0.0,0.0,0.01,11.04,87.41,1.54,17375.33
0.0,0.0,0.01,11.04,87.41,1.54,17375.33
0.0,0.0,0.01,11.04,87.41,1.54,17375.33
0.0,0.0,0.0,11.04,87.42,1.54,17375.33
0.0,0.0,0.0,11.04,87.42,1.54,17375.33
0.0,0.0,0.0,11.04,87.42,1.54,17375.33
0.0,0.0,0.0,11.04,87.42,1.54,17375.33
0.0,0.0,0.0,11.04,87.42,1.54,17375.33
0.0,0.0,0.0,11.04,87.42,1.54,17375.33
0.0,0.0,0.0,11.04,87.42,1.54,17375.33
0.0,0.0,0.0,11.04,87.42,1.54,17375.33
0.0,0.0,0.0,11.04,87.42,1.54,17375.33
0.0,0.0,0.0,11.04,87.42,1.54,17375.33
0.0,0.0,0.0,11.04,87.42,1.54,17375.33
0.0,0.0,0.0,11.04,87.42,1.54,17375.33
0.0,0.0,0.0,11.04,87.42,1.54,17375.33
0.0,0.0,0.0,11.04,87.42,1.54,17375.33
0.0,0.0,0.0,11.04,87.42,1.54,17375.33
0.0,0.0,0.0,11.04,87.42,1.54,17375.33
0.0,0.0,0.0,11.04,87.42,1.54,17375.33
0.0,0.0,0.0,11.04,87.42,1.54,17375.33
0.0,0.0,0.0,11.04,87.42,1.54,17375.33
0.0,0.0,0.0,11.04,87.42,1.54,17375.33
0.0,0.0,0.0,11.04,87.42,1.54,17375.33
0.0,0.0,0.0,11.04,87.42,1.54,17375.33
0.0,0.0,0.0,11.04,87.42,1.54,17375.33
0.0,0.0,0.0,11.04,87.42,1.54,17375.33
0.0,0.0,0.0,11.04,87.42,1.54,17375.33
0.0,0.0,0.0,11.04,87.42,1.54,17375.33
0.0,0.0,0.0,11.04,87.42,1.54,17375.33
0.0,0.0,0.0,11.04,87.42,1.54,17375.33
0.0,0.0,0.0,11.04,87.42,1.54,17375.33
0.0,0.0,0.0,11.04,87.42,1.54,17375.33
0.0,0.0,0.0,11.04,87.42,1.54,17375.33
0.0,0.0,0.0,11.04,87.42,1.54,17375.33
0.0,0.0,0.0,11.04,87.42,1.54,17375.33
0.0,0.0,0.0,11.04,87.42,1.54,17375.33
0.0,0.0,0.0,11.04,87.42,1.54,17375.33
0.0,0.0,0.0,11.04,87.42,1.54,17375.33
0.0,0.0,0.0,11.04,87.42,1.54,17375.33
0.0,0.0,0.0,11.04,87.42,1.54,17375.33
0.0,0.0,0.0,11.04,87.42,1.54,17375.33
0.0,0.0,0.0,11.04,87.42,1.54,17375.33
0.0,0.0,0.0,11.04,87.42,1.54,17375.33
0.0,0.0,0.0,11.04,87.42,1.54,17375.33
0.0,0.0,0.0,11.04,87.42,1.54,17375.33
0.0,0.0,0.0,11.04,87.42,1.54,17375.33
0.0,0.0,0.0,11.04,87.42,1.54,17375.33
0.0,0.0,0.0,11.04,87.42,1.54,17375.33
0.0,0.0,0.0,11.04,87.42,1.54,17375.33
0.0,0.0,0.0,11.04,87.42,1.54,17375.33
0.0,0.0,0.0,11.04,87.42,1.54,17375.33
0.0,0.0,0.0,11.04,87.42,1.54,17375.33
0.0,0.0,0.0,11.04,87.42,1.54,17375.33
0.0,0.0,0.0,11.04,87.42,1.54,17375.33
0.0,0.0,0.0,11.04,87.42,1.54,17375.33
0.0,0.0,0.0,11.04,87.42,1.54,17375.33
0.0,0.0,0.0,11.04,87.42,1.54,17375.33
0.0,0.0,0.0,11.04,87.42,1.54,17375.33
0.0,0.0,0.0,11.04,87.42,1.54,17375.33
0.0,0.0,0.0,11.04,87.42,1.54,17375.33
0.0,0.0,0.0,11.04,87.42,1.54,17375.33
0.0,0.0,0.0,11.04,87.42,1.54,17375.33
0.0,0.0,0.0,11.04,87.42,1.54,17375.33
0.0,0.0,0.0,11.04,87.42,1.54,17375.33
0.0,0.0,0.0,11.04,87.42,1.54,17375.33
0.0,0.0,0.0,11.04,87.42,1.54,17375.33
0.0,0.0,0.0,11.04,87.42,1.54,17375.33
0.0,0.0,0.0,11.04,87.42,1.54,17375.33
0.0,0.0,0.0,11.04,87.42,1.54,17375.33
0.0,0.0,0.0,11.04,87.42,1.54,17375.33
0.0,0.0,0.0,11.04,87.42,1.54,17375.33
0.0,0.0,0.0,11.04,87.42,1.54,17375.33
0.0,0.0,0.0,11.04,87.42,1.54,17375.33
0.0,0.0,0.0,11.04,87.42,1.54,17375.33
0.0,0.0,0.0,11.04,87.42,1.54,17375.33
0.0,0.0,0.0,11.04,87.42,1.54,17375.33
0.0,0.0,0.0,11.04,87.42,1.54,17375.33
0.0,0.0,0.0,11.04,87.42,1.54,17375.33
0.0,0.0,0.0,11.04,87.42,1.54,17375.33
0.0,0.0,0.0,11.04,87.42,1.54,17375.33
0.0,0.0,0.0,11.04,87.42,1.54,17375.33
0.0,0.0,0.0,11.04,87.42,1.54,17375.33
0.0,0.0,0.0,11.04,87.42,1.54,17375.33
0.0,0.0,0.0,11.04,87.42,1.54,17375.33
0.0,0.0,0.0,11.04,87.42,1.54,17375.33
0.0,0.0,0.0,11.04,87.42,1.54,17375.33
0.0,0.0,0.0,11.04,87.42,1.54,17375.33
0.0,0.0,0.0,11.04,87.42,1.54,17375.33
0.0,0.0,0.0,11.04,87.42,1.54,17375.33
0.0,0.0,0.0,11.04,87.42,1.54,17375.33
0.0,0.0,0.0,11.04,87.42,1.54,17375.33
0.0,0.0,0.0,11.04,87.42,1.54,17375.33