incubando,i_mild,i_grave,susceptibles,recuperados,muertos,infectados_totales
0.01,0.0,0.0,99.99,0.0,0.0,11.0
0.03,0.0,0.0,99.97,0.0,0.0,28.33
0.06,0.0,0.0,99.94,0.0,0.0,49.0
0.07,0.0,0.0,99.93,0.0,0.0,60.33
0.09,0.0,0.0,99.91,0.0,0.0,75.33
0.11,0.0,0.0,99.89,0.0,0.0,95.0
0.12,0.0,0.0,99.88,0.0,0.0,105.67
0.14,0.01,0.0,99.84,0.0,0.0,138.0
0.16,0.03,0.01,99.81,0.0,0.0,172.0
0.18,0.04,0.01,99.76,0.0,0.0,209.33
0.2,0.05,0.02,99.74,0.0,0.0,233.33
0.23,0.06,0.02,99.69,0.0,0.0,279.0
0.24,0.08,0.03,99.65,0.0,0.0,309.67
0.29,0.09,0.03,99.59,0.0,0.0,363.0
0.36,0.11,0.04,99.49,0.0,0.0,454.0
0.45,0.14,0.05,99.35,0.0,0.0,573.33
0.59,0.17,0.07,99.18,0.0,0.0,729.33
0.79,0.18,0.08,98.94,0.01,0.0,936.0
1.06,0.2,0.09,98.62,0.03,0.0,1221.67
1.47,0.2,0.1,98.18,0.04,0.0,1610.0
2.0,0.24,0.12,97.59,0.05,0.0,2138.0
2.63,0.3,0.14,96.86,0.06,0.0,2785.0
3.38,0.38,0.19,95.97,0.08,0.0,3565.33
4.39,0.49,0.24,94.79,0.09,0.0,4614.67
5.58,0.63,0.3,93.36,0.11,0.0,5882.67
6.86,0.82,0.41,91.76,0.14,0.0,7295.67
8.25,1.11,0.53,89.93,0.17,0.0,8917.33
9.84,1.52,0.7,87.74,0.19,0.01,10855.67
11.41,2.0,0.91,85.45,0.23,0.01,12888.0
13.23,2.59,1.17,82.74,0.25,0.01,15286.0
14.96,3.4,1.5,79.83,0.3,0.01,17868.67
16.8,4.32,1.92,76.56,0.38,0.02,20763.0
18.57,5.34,2.39,73.19,0.48,0.02,23745.67
20.32,6.52,2.91,69.62,0.61,0.03,26912.67
21.77,7.92,3.52,65.97,0.78,0.04,30142.33
23.35,9.33,4.17,62.1,1.01,0.05,33568.0
24.46,10.91,4.96,58.28,1.33,0.06,36948.67
25.6,12.56,5.77,54.22,1.77,0.07,40547.67
26.17,14.37,6.68,50.39,2.29,0.09,43945.0
26.79,16.13,7.64,46.4,2.93,0.11,47472.67
26.94,17.83,8.64,42.68,3.79,0.13,50770.0
26.98,19.41,9.66,38.99,4.81,0.16,54041.0
26.62,21.02,10.75,35.48,5.94,0.19,57150.0
26.14,22.42,11.79,32.14,7.28,0.22,60105.33
25.22,23.74,12.88,29.0,8.9,0.25,62887.67
24.43,24.83,13.91,25.96,10.59,0.3,65581.0
23.1,25.75,14.93,23.3,12.58,0.34,67932.0
21.92,26.33,15.84,20.76,14.77,0.39,70186.33
20.57,26.61,16.71,18.42,17.26,0.43,72259.67
19.11,26.71,17.49,16.37,19.84,0.48,74077.67
17.6,26.53,18.16,14.54,22.63,0.53,75698.0
16.09,26.17,18.71,12.91,25.53,0.6,77142.33
14.4,25.62,19.1,11.56,28.66,0.66,78333.67
12.94,24.8,19.36,10.37,31.82,0.72,79389.33
11.46,23.7,19.55,9.3,35.21,0.78,80333.33
10.08,22.65,19.59,8.34,38.5,0.85,81184.67
8.81,21.28,19.5,7.56,41.94,0.91,81880.67
7.71,19.94,19.21,6.83,45.35,0.97,82527.33
6.61,18.49,18.83,6.29,48.74,1.03,82997.67
5.79,16.96,18.28,5.77,52.1,1.09,83460.0
5.04,15.43,17.65,5.32,55.4,1.15,83857.67
4.33,13.98,16.93,4.98,58.58,1.21,84166.0
3.7,12.48,16.16,4.65,61.76,1.26,84458.33
3.17,11.15,15.27,4.39,64.72,1.31,84684.67
2.61,9.87,14.4,4.21,67.55,1.35,84840.0
2.25,8.59,13.41,4.05,70.3,1.4,84988.0
1.86,7.52,12.47,3.92,72.8,1.44,85104.33
1.53,6.53,11.47,3.8,75.21,1.47,85210.0
1.27,5.62,10.54,3.71,77.36,1.5,85289.33
1.01,4.89,9.6,3.63,79.33,1.53,85357.0
0.81,4.24,8.68,3.58,81.12,1.56,85398.33
0.69,3.6,7.79,3.53,82.8,1.59,85450.67
0.57,3.04,6.95,3.48,84.34,1.62,85492.33
0.46,2.58,6.15,3.46,85.71,1.64,85510.0
0.36,2.15,5.45,3.43,86.95,1.66,85532.0
0.29,1.83,4.75,3.41,88.03,1.67,85549.0
0.22,1.51,4.13,3.41,89.04,1.69,85554.67
0.19,1.23,3.55,3.4,89.93,1.7,85563.0
0.14,1.03,3.06,3.39,90.67,1.71,85571.67
0.1,0.83,2.62,3.38,91.34,1.73,85582.33
0.09,0.66,2.25,3.37,91.89,1.73,85587.67
0.07,0.56,1.92,3.36,92.34,1.74,85595.0
0.05,0.45,1.63,3.36,92.75,1.75,85597.67
0.05,0.36,1.36,3.36,93.11,1.75,85599.0
0.05,0.29,1.15,3.35,93.41,1.75,85605.67
0.04,0.23,0.95,3.35,93.68,1.76,85609.67
0.03,0.19,0.8,3.35,93.87,1.76,85609.67
0.02,0.16,0.66,3.35,94.05,1.76,85609.67
0.02,0.12,0.54,3.34,94.22,1.76,85612.67
0.02,0.09,0.45,3.34,94.34,1.76,85612.67
0.02,0.07,0.35,3.34,94.45,1.77,85615.33
0.01,0.06,0.29,3.34,94.54,1.77,85616.67
0.01,0.05,0.24,3.34,94.6,1.77,85616.67
0.01,0.04,0.19,3.34,94.65,1.77,85616.67
0.01,0.04,0.15,3.34,94.69,1.77,85616.67
0.0,0.03,0.12,3.34,94.73,1.77,85616.67
0.0,0.02,0.09,3.34,94.77,1.77,85616.67
0.0,0.02,0.07,3.34,94.79,1.77,85616.67
0.0,0.02,0.06,3.34,94.81,1.77,85616.67
0.0,0.01,0.05,3.34,94.82,1.77,85616.67
0.0,0.01,0.04,3.34,94.84,1.77,85616.67
0.0,0.01,0.03,3.34,94.85,1.77,85616.67
0.0,0.01,0.03,3.34,94.86,1.77,85616.67
0.0,0.01,0.02,3.34,94.86,1.77,85616.67
0.0,0.01,0.02,3.34,94.86,1.77,85616.67
0.0,0.0,0.02,3.34,94.87,1.77,85616.67
0.0,0.0,0.02,3.34,94.87,1.77,85616.67
0.0,0.0,0.01,3.34,94.88,1.77,85616.67
0.0,0.0,0.01,3.34,94.88,1.77,85616.67
0.0,0.0,0.01,3.34,94.88,1.77,85616.67
0.0,0.0,0.01,3.34,94.88,1.77,85616.67
0.0,0.0,0.01,3.34,94.88,1.78,85616.67
0.0,0.0,0.0,3.34,94.88,1.78,85616.67
0.0,0.0,0.0,3.34,94.88,1.78,85616.67
0.0,0.0,0.0,3.34,94.88,1.78,85616.67
0.0,0.0,0.0,3.34,94.88,1.78,85616.67
0.0,0.0,0.0,3.34,94.89,1.78,85616.67
0.0,0.0,0.0,3.34,94.89,1.78,85616.67
0.0,0.0,0.0,3.34,94.89,1.78,85616.67
0.0,0.0,0.0,3.34,94.89,1.78,85616.67
0.0,0.0,0.0,3.34,94.89,1.78,85616.67
0.0,0.0,0.0,3.34,94.89,1.78,85616.67
0.0,0.0,0.0,3.34,94.89,1.78,85616.67
0.0,0.0,0.0,3.34,94.89,1.78,85616.67
0.0,0.0,0.0,3.34,94.89,1.78,85616.67
0.0,0.0,0.0,3.34,94.89,1.78,85616.67
0.0,0.0,0.0,3.34,94.89,1.78,85616.67
0.0,0.0,0.0,3.34,94.89,1.78,85616.67
0.0,0.0,0.0,3.34,94.89,1.78,85616.67
0.0,0.0,0.0,3.34,94.89,1.78,85616.67
0.0,0.0,0.0,3.34,94.89,1.78,85616.67
0.0,0.0,0.0,3.34,94.89,1.78,85616.67
0.0,0.0,0.0,3.34,94.89,1.78,85616.67
0.0,0.0,0.0,3.34,94.89,1.78,85616.67
0.0,0.0,0.0,3.34,94.89,1.78,85616.67
0.0,0.0,0.0,3.34,94.89,1.78,85616.67
0.0,0.0,0.0,3.34,94.89,1.78,85616.67
0.0,0.0,0.0,3.34,94.89,1.78,85616.67
0.0,0.0,0.0,3.34,94.89,1.78,85616.67
0.0,0.0,0.0,3.34,94.89,1.78,85616.67
0.0,0.0,0.0,3.34,94.89,1.78,85616.67
0.0,0.0,0.0,3.34,94.89,1.78,85616.67
0.0,0.0,0.0,3.34,94.89,1.78,85616.67
0.0,0.0,0.0,3.34,94.89,1.78,85616.67
0.0,0.0,0.0,3.34,94.89,1.78,85616.67
0.0,0.0,0.0,3.34,94.89,1.78,85616.67
0.0,0.0,0.0,3.34,94.89,1.78,85616.67
0.0,0.0,0.0,3.34,94.89,1.78,85616.67
0.0,0.0,0.0,3.34,94.89,1.78,85616.67
0.0,0.0,0.0,3.34,94.89,1.78,85616.67
0.0,0.0,0.0,3.34,94.89,1.78,85616.67
0.0,0.0,0.0,3.34,94.89,1.78,85616.67
0.0,0.0,0.0,3.34,94.89,1.78,85616.67
0.0,0.0,0.0,3.34,94.89,1.78,85616.67
0.0,0.0,0.0,3.34,94.89,1.78,85616.67
0.0,0.0,0.0,3.34,94.89,1.78,85616.67
0.0,0.0,0.0,3.34,94.89,1.78,85616.67
0.0,0.0,0.0,3.34,94.89,1.78,85616.67
0.0,0.0,0.0,3.34,94.89,1.78,85616.67
0.0,0.0,0.0,3.34,94.89,1.78,85616.67
0.0,0.0,0.0,3.34,94.89,1.78,85616.67
0.0,0.0,0.0,3.34,94.89,1.78,85616.67
0.0,0.0,0.0,3.34,94.89,1.78,85616.67
0.0,0.0,0.0,3.34,94.89,1.78,85616.67
0.0,0.0,0.0,3.34,94.89,1.78,85616.67
0.0,0.0,0.0,3.34,94.89,1.78,85616.67
0.0,0.0,0.0,3.34,94.89,1.78,85616.67
0.0,0.0,0.0,3.34,94.89,1.78,85616.67
0.0,0.0,0.0,3.34,94.89,1.78,85616.67
0.0,0.0,0.0,3.34,94.89,1.78,85616.67
0.0,0.0,0.0,3.34,94.89,1.78,85616.67
0.0,0.0,0.0,3.34,94.89,1.78,85616.67
0.0,0.0,0.0,3.34,94.89,1.78,85616.67
0.0,0.0,0.0,3.34,94.89,1.78,85616.67
0.0,0.0,0.0,3.34,94.89,1.78,85616.67
0.0,0.0,0.0,3.34,94.89,1.78,85616.67
0.0,0.0,0.0,3.34,94.89,1.78,85616.67
0.0,0.0,0.0,3.34,94.89,1.78,85616.67
0.0,0.0,0.0,3.34,94.89,1.78,85616.67
0.0,0.0,0.0,3.34,94.89,1.78,85616.67
0.0,0.0,0.0,3.34,94.89,1.78,85616.67
0.0,0.0,0.0,3.34,94.89,1.78,85616.67
0.0,0.0,0.0,3.34,94.89,1.78,85616.67
0.0,0.0,0.0,3.34,94.89,1.78,85616.67
0.0,0.0,0.0,3.34,94.89,1.78,85616.67
0.0,0.0,0.0,3.34,94.89,1.78,85616.67
0.0,0.0,0.0,3.34,94.89,1.78,85616.67
0.0,0.0,0.0,3.34,94.89,1.78,85616.67
0.0,0.0,0.0,3.34,94.89,1.78,85616.67
0.0,0.0,0.0,3.34,94.89,1.78,85616.67
0.0,0.0,0.0,3.34,94.89,1.78,85616.67
0.0,0.0,0.0,3.34,94.89,1.78,85616.67
0.0,0.0,0.0,3.34,94.89,1.78,85616.67
0.0,0.0,0.0,3.34,94.89,1.78,85616.67
0.0,0.0,0.0,3.34,94.89,1.78,85616.67
0.0,0.0,0.0,3.34,94.89,1.78,85616.67
0.0,0.0,0.0,3.34,94.89,1.78,85616.67
0.0,0.0,0.0,3.34,94.89,1.78,85616.67
0.0,0.0,0.0,3.34,94.89,1.78,85616.67
0.0,0.0,0.0,3.34,94.89,1.78,85616.67