incubando,i_mild,i_grave,susceptibles,recuperados,muertos,infectados_totales
0.01,0.0,0.0,99.99,0.0,0.0,5.0
0.06,0.0,0.0,99.94,0.0,0.0,21.0
0.07,0.0,0.0,99.93,0.0,0.0,27.0
0.08,0.0,0.0,99.92,0.0,0.0,29.67
0.1,0.0,0.0,99.9,0.0,0.0,35.67
0.11,0.0,0.0,99.89,0.0,0.0,42.33
0.11,0.0,0.0,99.89,0.0,0.0,42.67
0.12,0.01,0.0,99.86,0.0,0.0,51.67
0.11,0.04,0.02,99.84,0.0,0.0,61.33
0.15,0.05,0.03,99.78,0.0,0.0,83.0
0.21,0.05,0.03,99.71,0.0,0.0,107.67
0.29,0.06,0.03,99.62,0.0,0.0,143.0
0.4,0.08,0.04,99.49,0.0,0.0,191.67
0.56,0.08,0.04,99.33,0.0,0.0,252.0
0.76,0.09,0.04,99.1,0.0,0.0,336.67
1.13,0.11,0.05,98.7,0.0,0.0,485.33
1.42,0.15,0.07,98.36,0.0,0.0,613.0
1.86,0.19,0.09,97.86,0.01,0.0,802.67
2.42,0.22,0.12,97.2,0.04,0.0,1048.33
3.17,0.31,0.16,96.32,0.05,0.0,1379.67
3.76,0.42,0.2,95.57,0.05,0.0,1659.0
4.35,0.56,0.27,94.75,0.06,0.0,1965.0
4.77,0.83,0.38,93.93,0.08,0.0,2273.33
5.59,1.07,0.48,92.78,0.08,0.0,2705.67
6.23,1.43,0.62,91.63,0.09,0.01,3135.33
7.04,1.89,0.79,90.17,0.11,0.01,3683.0
7.52,2.45,1.07,88.8,0.15,0.02,4195.67
8.39,2.93,1.28,87.18,0.2,0.02,4802.33
9.14,3.44,1.52,85.62,0.26,0.03,5386.33
9.92,3.93,1.74,84.01,0.37,0.03,5989.67
10.67,4.63,2.07,82.1,0.49,0.04,6702.33
11.3,5.3,2.38,80.33,0.65,0.04,7365.67
11.85,6.05,2.79,78.31,0.94,0.05,8121.0
12.63,6.74,3.22,76.17,1.18,0.06,8924.0
13.05,7.52,3.69,74.13,1.55,0.07,9689.67
13.61,8.14,4.13,72.01,2.04,0.08,10482.0
14.05,8.68,4.57,69.96,2.65,0.09,11250.67
14.33,9.51,5.09,67.77,3.19,0.1,12069.0
14.72,10.22,5.56,65.61,3.78,0.12,12878.67
15.16,11.04,6.12,63.15,4.4,0.13,13798.33
15.23,11.77,6.67,60.94,5.24,0.14,14629.0
15.36,12.38,7.22,58.77,6.12,0.15,15440.67
15.47,12.85,7.75,56.54,7.22,0.18,16275.0
15.55,13.37,8.23,54.41,8.25,0.19,17073.33
15.26,13.75,8.77,52.51,9.49,0.22,17783.67
15.19,14.19,9.24,50.42,10.72,0.24,18566.33
14.56,14.79,9.75,48.59,12.03,0.27,19250.67
13.91,15.0,10.1,47.02,13.66,0.29,19840.0
13.4,15.3,10.46,45.36,15.14,0.32,20460.33
12.8,15.44,10.87,43.74,16.79,0.36,21069.33
12.05,15.41,11.25,42.36,18.55,0.39,21585.67
11.49,15.31,11.44,41.02,20.31,0.43,22087.67
10.61,15.27,11.73,39.81,22.11,0.47,22541.0
9.88,15.1,11.84,38.71,23.97,0.5,22951.67
9.45,14.67,11.86,37.57,25.91,0.54,23380.33
8.7,14.32,11.86,36.67,27.89,0.58,23717.0
7.73,13.73,11.85,36.01,30.07,0.61,23965.33
7.13,13.12,11.79,35.23,32.08,0.65,24255.0
6.49,12.5,11.63,34.53,34.17,0.68,24516.67
5.85,11.78,11.52,33.96,36.18,0.71,24731.33
5.34,11.04,11.24,33.37,38.26,0.74,24951.67
4.75,10.52,10.96,32.82,40.18,0.77,25157.67
4.29,9.7,10.62,32.38,42.21,0.8,25323.67
4.05,8.88,10.22,31.95,44.06,0.83,25483.33
3.68,8.33,9.84,31.55,45.72,0.87,25633.33
3.25,7.65,9.39,31.29,47.52,0.9,25732.33
2.92,6.89,8.94,31.04,49.28,0.93,25825.67
2.54,6.34,8.42,30.83,50.91,0.96,25903.67
2.12,5.76,7.96,30.7,52.47,0.98,25951.67
1.78,5.27,7.49,30.6,53.85,1.01,25991.33
1.48,4.8,6.95,30.48,55.27,1.03,26036.33
1.17,4.27,6.45,30.38,56.67,1.05,26072.33
0.99,3.83,5.97,30.3,57.84,1.07,26102.33
0.8,3.55,5.44,30.23,58.88,1.09,26126.33
0.63,3.13,4.97,30.2,59.95,1.11,26138.33
0.51,2.73,4.54,30.19,60.89,1.13,26144.33
0.45,2.41,4.12,30.15,61.73,1.15,26159.33
0.33,2.07,3.72,30.15,62.58,1.16,26159.33
0.25,1.77,3.34,30.13,63.34,1.17,26165.33
0.18,1.49,2.99,30.11,64.04,1.18,26171.33
0.14,1.23,2.65,30.1,64.7,1.19,26177.33
0.11,0.96,2.35,30.09,65.29,1.2,26180.33
0.11,0.77,2.05,30.07,65.79,1.2,26186.33
0.09,0.63,1.81,30.06,66.21,1.2,26192.33
0.09,0.48,1.63,30.06,66.54,1.21,26192.33
0.07,0.39,1.42,30.06,66.85,1.21,26192.33
0.06,0.33,1.23,30.06,67.11,1.21,26192.33
0.05,0.26,1.06,30.05,67.36,1.21,26195.33
0.04,0.19,0.9,30.05,67.6,1.21,26195.33
0.02,0.15,0.74,30.05,67.81,1.22,26195.33
0.01,0.12,0.64,30.05,67.96,1.22,26195.33
0.01,0.1,0.52,30.05,68.09,1.22,26195.33
0.01,0.09,0.42,30.05,68.21,1.23,26195.33
0.01,0.06,0.36,30.05,68.3,1.23,26195.33
0.0,0.06,0.29,30.05,68.37,1.23,26195.33
0.0,0.05,0.23,30.05,68.44,1.23,26195.33
0.0,0.04,0.19,30.05,68.48,1.23,26195.33
0.0,0.03,0.16,30.05,68.53,1.23,26195.33
0.0,0.03,0.12,30.05,68.57,1.23,26195.33
0.0,0.02,0.1,30.05,68.6,1.23,26195.33
0.0,0.01,0.08,30.05,68.64,1.23,26195.33
0.0,0.01,0.06,30.05,68.66,1.23,26195.33
0.0,0.01,0.05,30.05,68.67,1.23,26195.33
0.0,0.01,0.04,30.05,68.67,1.23,26195.33
0.0,0.0,0.03,30.05,68.69,1.23,26195.33
0.0,0.0,0.03,30.05,68.69,1.23,26195.33
0.0,0.0,0.02,30.05,68.69,1.23,26195.33
0.0,0.0,0.02,30.05,68.7,1.23,26195.33
0.0,0.0,0.02,30.05,68.7,1.23,26195.33
0.0,0.0,0.01,30.05,68.71,1.23,26195.33
0.0,0.0,0.01,30.05,68.71,1.23,26195.33
0.0,0.0,0.0,30.05,68.72,1.23,26195.33
0.0,0.0,0.0,30.05,68.72,1.23,26195.33
0.0,0.0,0.0,30.05,68.72,1.23,26195.33
0.0,0.0,0.0,30.05,68.72,1.23,26195.33
0.0,0.0,0.0,30.05,68.72,1.23,26195.33
0.0,0.0,0.0,30.05,68.72,1.23,26195.33
0.0,0.0,0.0,30.05,68.72,1.23,26195.33
0.0,0.0,0.0,30.05,68.72,1.23,26195.33
0.0,0.0,0.0,30.05,68.72,1.23,26195.33
0.0,0.0,0.0,30.05,68.72,1.23,26195.33
0.0,0.0,0.0,30.05,68.72,1.23,26195.33
0.0,0.0,0.0,30.05,68.72,1.23,26195.33
0.0,0.0,0.0,30.05,68.72,1.23,26195.33
0.0,0.0,0.0,30.05,68.72,1.23,26195.33
0.0,0.0,0.0,30.05,68.72,1.23,26195.33
0.0,0.0,0.0,30.05,68.72,1.23,26195.33
0.0,0.0,0.0,30.05,68.72,1.23,26195.33
0.0,0.0,0.0,30.05,68.72,1.23,26195.33
0.0,0.0,0.0,30.05,68.72,1.23,26195.33
0.0,0.0,0.0,30.05,68.72,1.23,26195.33
0.0,0.0,0.0,30.05,68.72,1.23,26195.33
0.0,0.0,0.0,30.05,68.72,1.23,26195.33
0.0,0.0,0.0,30.05,68.72,1.23,26195.33
0.0,0.0,0.0,30.05,68.72,1.23,26195.33
0.0,0.0,0.0,30.05,68.72,1.23,26195.33
0.0,0.0,0.0,30.05,68.72,1.23,26195.33
0.0,0.0,0.0,30.05,68.72,1.23,26195.33
0.0,0.0,0.0,30.05,68.72,1.23,26195.33
0.0,0.0,0.0,30.05,68.72,1.23,26195.33
0.0,0.0,0.0,30.05,68.72,1.23,26195.33
0.0,0.0,0.0,30.05,68.72,1.23,26195.33
0.0,0.0,0.0,30.05,68.72,1.23,26195.33
0.0,0.0,0.0,30.05,68.72,1.23,26195.33
0.0,0.0,0.0,30.05,68.72,1.23,26195.33
0.0,0.0,0.0,30.05,68.72,1.23,26195.33
0.0,0.0,0.0,30.05,68.72,1.23,26195.33
0.0,0.0,0.0,30.05,68.72,1.23,26195.33
0.0,0.0,0.0,30.05,68.72,1.23,26195.33
0.0,0.0,0.0,30.05,68.72,1.23,26195.33
0.0,0.0,0.0,30.05,68.72,1.23,26195.33
0.0,0.0,0.0,30.05,68.72,1.23,26195.33
0.0,0.0,0.0,30.05,68.72,1.23,26195.33
0.0,0.0,0.0,30.05,68.72,1.23,26195.33
0.0,0.0,0.0,30.05,68.72,1.23,26195.33
0.0,0.0,0.0,30.05,68.72,1.23,26195.33
0.0,0.0,0.0,30.05,68.72,1.23,26195.33
0.0,0.0,0.0,30.05,68.72,1.23,26195.33
0.0,0.0,0.0,30.05,68.72,1.23,26195.33
0.0,0.0,0.0,30.05,68.72,1.23,26195.33
0.0,0.0,0.0,30.05,68.72,1.23,26195.33
0.0,0.0,0.0,30.05,68.72,1.23,26195.33
0.0,0.0,0.0,30.05,68.72,1.23,26195.33
0.0,0.0,0.0,30.05,68.72,1.23,26195.33
0.0,0.0,0.0,30.05,68.72,1.23,26195.33
0.0,0.0,0.0,30.05,68.72,1.23,26195.33
0.0,0.0,0.0,30.05,68.72,1.23,26195.33
0.0,0.0,0.0,30.05,68.72,1.23,26195.33
0.0,0.0,0.0,30.05,68.72,1.23,26195.33
0.0,0.0,0.0,30.05,68.72,1.23,26195.33
0.0,0.0,0.0,30.05,68.72,1.23,26195.33
0.0,0.0,0.0,30.05,68.72,1.23,26195.33
0.0,0.0,0.0,30.05,68.72,1.23,26195.33
0.0,0.0,0.0,30.05,68.72,1.23,26195.33
0.0,0.0,0.0,30.05,68.72,1.23,26195.33
0.0,0.0,0.0,30.05,68.72,1.23,26195.33
0.0,0.0,0.0,30.05,68.72,1.23,26195.33
0.0,0.0,0.0,30.05,68.72,1.23,26195.33
0.0,0.0,0.0,30.05,68.72,1.23,26195.33
0.0,0.0,0.0,30.05,68.72,1.23,26195.33
0.0,0.0,0.0,30.05,68.72,1.23,26195.33
0.0,0.0,0.0,30.05,68.72,1.23,26195.33
0.0,0.0,0.0,30.05,68.72,1.23,26195.33
0.0,0.0,0.0,30.05,68.72,1.23,26195.33
0.0,0.0,0.0,30.05,68.72,1.23,26195.33
0.0,0.0,0.0,30.05,68.72,1.23,26195.33
0.0,0.0,0.0,30.05,68.72,1.23,26195.33
0.0,0.0,0.0,30.05,68.72,1.23,26195.33
0.0,0.0,0.0,30.05,68.72,1.23,26195.33
0.0,0.0,0.0,30.05,68.72,1.23,26195.33
0.0,0.0,0.0,30.05,68.72,1.23,26195.33
0.0,0.0,0.0,30.05,68.72,1.23,26195.33
0.0,0.0,0.0,30.05,68.72,1.23,26195.33
0.0,0.0,0.0,30.05,68.72,1.23,26195.33
0.0,0.0,0.0,30.05,68.72,1.23,26195.33
0.0,0.0,0.0,30.05,68.72,1.23,26195.33
0.0,0.0,0.0,30.05,68.72,1.23,26195.33
0.0,0.0,0.0,30.05,68.72,1.23,26195.33
0.0,0.0,0.0,30.05,68.72,1.23,26195.33
0.0,0.0,0.0,30.05,68.72,1.23,26195.33