incubando,i_mild,i_grave,susceptibles,recuperados,muertos,infectados_totales
0.01,0.0,0.0,99.99,0.0,0.0,14.0
0.03,0.0,0.0,99.97,0.0,0.0,31.0
0.04,0.0,0.0,99.96,0.0,0.0,47.67
0.07,0.0,0.0,99.93,0.0,0.0,77.33
0.1,0.0,0.0,99.9,0.0,0.0,111.33
0.11,0.0,0.0,99.89,0.0,0.0,125.0
0.13,0.0,0.0,99.87,0.0,0.0,146.67
0.13,0.01,0.0,99.85,0.0,0.0,161.67
0.15,0.02,0.01,99.82,0.0,0.0,198.0
0.17,0.03,0.01,99.79,0.0,0.0,238.33
0.18,0.05,0.02,99.75,0.0,0.0,279.0
0.17,0.07,0.03,99.73,0.0,0.0,298.0
0.19,0.07,0.04,99.7,0.0,0.0,336.0
0.22,0.09,0.04,99.65,0.0,0.0,387.33
0.25,0.1,0.05,99.61,0.0,0.0,436.0
0.26,0.12,0.05,99.56,0.0,0.0,488.67
0.29,0.15,0.07,99.5,0.0,0.0,559.67
0.34,0.16,0.08,99.41,0.01,0.0,656.67
0.4,0.17,0.08,99.33,0.02,0.0,746.0
0.47,0.18,0.09,99.22,0.03,0.0,863.67
0.52,0.19,0.11,99.13,0.05,0.0,965.33
0.61,0.2,0.12,98.99,0.07,0.0,1119.0
0.68,0.23,0.14,98.88,0.07,0.0,1249.67
0.81,0.26,0.15,98.69,0.09,0.0,1455.67
0.97,0.31,0.18,98.44,0.1,0.0,1733.67
1.16,0.35,0.2,98.17,0.12,0.0,2038.33
1.42,0.4,0.23,97.8,0.15,0.0,2443.33
1.78,0.44,0.25,97.35,0.17,0.01,2941.0
2.12,0.53,0.28,96.87,0.19,0.01,3477.0
2.63,0.59,0.31,96.24,0.22,0.01,4176.67
3.09,0.69,0.36,95.6,0.25,0.01,4889.67
3.61,0.84,0.42,94.83,0.29,0.01,5741.0
4.03,1.0,0.49,94.13,0.33,0.01,6518.67
4.51,1.22,0.59,93.29,0.38,0.01,7458.67
4.84,1.48,0.71,92.51,0.45,0.01,8319.67
5.27,1.76,0.84,91.6,0.51,0.02,9338.0
5.65,2.14,1.01,90.59,0.6,0.02,10454.0
6.07,2.52,1.18,89.53,0.68,0.02,11630.0
6.38,2.97,1.38,88.45,0.79,0.03,12832.0
6.91,3.38,1.58,87.23,0.88,0.03,14192.33
7.4,3.86,1.79,85.89,1.02,0.03,15677.0
7.95,4.24,1.99,84.57,1.21,0.04,17149.67
8.51,4.69,2.25,83.09,1.42,0.05,18790.0
8.96,5.13,2.52,81.63,1.7,0.06,20407.67
9.39,5.57,2.8,80.14,2.03,0.07,22061.67
9.65,6.0,3.08,78.8,2.4,0.08,23558.67
9.9,6.41,3.41,77.33,2.87,0.08,25194.0
10.02,6.9,3.77,75.87,3.35,0.09,26808.33
10.22,7.28,4.13,74.34,3.92,0.1,28508.67
10.22,7.82,4.52,72.87,4.46,0.11,30143.67
10.33,8.25,4.89,71.3,5.1,0.13,31887.67
10.45,8.74,5.26,69.69,5.71,0.15,33674.67
10.74,9.05,5.58,68.05,6.41,0.16,35496.0
10.74,9.38,5.92,66.59,7.2,0.17,37123.33
10.74,9.65,6.24,65.13,8.05,0.2,38746.0
10.65,9.96,6.55,63.69,8.94,0.21,40341.0
10.64,10.14,6.82,62.23,9.94,0.23,41966.0
10.39,10.32,7.09,60.91,11.04,0.25,43431.33
10.1,10.52,7.37,59.59,12.15,0.27,44902.33
9.69,10.63,7.63,58.36,13.4,0.29,46263.33
9.56,10.63,7.85,57.03,14.62,0.31,47740.33
9.26,10.61,8.03,55.87,15.89,0.34,49032.33
9.05,10.68,8.22,54.64,17.04,0.36,50395.0
8.74,10.69,8.36,53.49,18.34,0.38,51673.33
8.51,10.6,8.44,52.4,19.64,0.41,52888.67
8.18,10.47,8.51,51.41,21.01,0.43,53992.0
7.96,10.28,8.56,50.4,22.35,0.45,55107.0
7.57,10.12,8.57,49.47,23.81,0.48,56146.67
7.19,9.81,8.51,48.68,25.31,0.5,57019.67
6.65,9.51,8.49,48.0,26.83,0.52,57782.0
6.23,9.3,8.38,47.26,28.28,0.55,58599.0
5.69,9.04,8.28,46.71,29.71,0.57,59214.0
5.34,8.73,8.14,46.07,31.14,0.59,59921.67
4.83,8.39,8.03,45.57,32.56,0.61,60478.67
4.35,8.12,7.86,45.12,33.91,0.64,60982.0
3.99,7.73,7.67,44.7,35.25,0.67,61449.67
3.64,7.36,7.42,44.36,36.53,0.7,61824.67
3.19,6.91,7.23,44.07,37.89,0.71,62144.0
2.94,6.47,6.95,43.77,39.13,0.74,62481.33
2.58,6.06,6.66,43.49,40.44,0.76,62789.33
2.29,5.59,6.33,43.28,41.72,0.78,63027.67
2.06,5.13,6.04,43.06,42.91,0.8,63266.33
1.81,4.74,5.74,42.89,44.01,0.82,63457.0
1.58,4.27,5.42,42.78,45.11,0.84,63574.67
1.39,3.81,5.1,42.68,46.16,0.85,63684.67
1.17,3.46,4.83,42.6,47.08,0.87,63776.33
0.95,3.18,4.53,42.54,47.92,0.88,63842.33
0.78,2.82,4.24,42.5,48.78,0.9,63890.0
0.63,2.58,3.93,42.43,49.52,0.91,63967.0
0.5,2.26,3.65,42.39,50.28,0.93,64007.33
0.43,1.97,3.33,42.36,50.98,0.94,64047.67
0.34,1.72,3.04,42.34,51.62,0.94,64066.0
0.27,1.47,2.76,42.33,52.22,0.95,64077.0
0.22,1.27,2.49,42.32,52.73,0.96,64088.0
0.19,1.1,2.22,42.3,53.21,0.97,64106.33
0.13,0.94,1.98,42.3,53.67,0.98,64113.67
0.1,0.77,1.77,42.29,54.09,0.98,64117.33
0.07,0.64,1.59,42.28,54.42,0.99,64128.33
0.06,0.5,1.38,42.28,54.78,0.99,64132.0
0.05,0.39,1.22,42.28,55.06,1.0,64132.0
0.05,0.33,1.04,42.27,55.31,1.0,64139.33
0.03,0.27,0.9,42.27,55.51,1.01,64139.33
0.02,0.22,0.78,42.27,55.69,1.01,64139.33
0.02,0.18,0.67,42.27,55.84,1.01,64139.33
0.01,0.15,0.59,42.27,55.96,1.02,64139.33
0.01,0.11,0.51,42.27,56.09,1.02,64139.33
0.01,0.08,0.41,42.27,56.21,1.02,64139.33
0.0,0.06,0.34,42.27,56.3,1.02,64143.0
0.0,0.05,0.28,42.27,56.38,1.02,64143.0
0.0,0.04,0.23,42.27,56.44,1.02,64143.0
0.0,0.03,0.18,42.27,56.5,1.02,64143.0
0.0,0.02,0.14,42.27,56.54,1.02,64143.0
0.0,0.02,0.11,42.27,56.58,1.02,64143.0
0.0,0.02,0.09,42.27,56.6,1.02,64143.0
0.0,0.01,0.07,42.27,56.62,1.02,64143.0
0.0,0.01,0.06,42.27,56.64,1.02,64143.0
0.0,0.01,0.04,42.27,56.65,1.02,64143.0
0.0,0.0,0.03,42.27,56.67,1.02,64143.0
0.0,0.0,0.02,42.27,56.68,1.02,64143.0
0.0,0.0,0.02,42.27,56.68,1.02,64143.0
0.0,0.0,0.02,42.27,56.69,1.02,64143.0
0.0,0.0,0.01,42.27,56.69,1.02,64143.0
0.0,0.0,0.01,42.27,56.69,1.02,64143.0
0.0,0.0,0.0,42.27,56.7,1.02,64143.0
0.0,0.0,0.0,42.27,56.7,1.02,64143.0
0.0,0.0,0.0,42.27,56.7,1.02,64143.0
0.0,0.0,0.0,42.27,56.7,1.02,64143.0
0.0,0.0,0.0,42.27,56.7,1.02,64143.0
0.0,0.0,0.0,42.27,56.7,1.02,64143.0
0.0,0.0,0.0,42.27,56.7,1.02,64143.0
0.0,0.0,0.0,42.27,56.7,1.02,64143.0
0.0,0.0,0.0,42.27,56.7,1.02,64143.0
0.0,0.0,0.0,42.27,56.7,1.02,64143.0
0.0,0.0,0.0,42.27,56.7,1.02,64143.0
0.0,0.0,0.0,42.27,56.7,1.02,64143.0
0.0,0.0,0.0,42.27,56.7,1.02,64143.0
0.0,0.0,0.0,42.27,56.7,1.02,64143.0
0.0,0.0,0.0,42.27,56.7,1.02,64143.0
0.0,0.0,0.0,42.27,56.7,1.02,64143.0
0.0,0.0,0.0,42.27,56.7,1.02,64143.0
0.0,0.0,0.0,42.27,56.7,1.02,64143.0
0.0,0.0,0.0,42.27,56.7,1.02,64143.0
0.0,0.0,0.0,42.27,56.7,1.02,64143.0
0.0,0.0,0.0,42.27,56.7,1.02,64143.0
0.0,0.0,0.0,42.27,56.7,1.02,64143.0
0.0,0.0,0.0,42.27,56.7,1.02,64143.0
0.0,0.0,0.0,42.27,56.7,1.02,64143.0
0.0,0.0,0.0,42.27,56.7,1.02,64143.0
0.0,0.0,0.0,42.27,56.7,1.02,64143.0
0.0,0.0,0.0,42.27,56.7,1.02,64143.0
0.0,0.0,0.0,42.27,56.7,1.02,64143.0
0.0,0.0,0.0,42.27,56.7,1.02,64143.0
0.0,0.0,0.0,42.27,56.7,1.02,64143.0
0.0,0.0,0.0,42.27,56.7,1.02,64143.0
0.0,0.0,0.0,42.27,56.7,1.02,64143.0
0.0,0.0,0.0,42.27,56.7,1.02,64143.0
0.0,0.0,0.0,42.27,56.7,1.02,64143.0
0.0,0.0,0.0,42.27,56.7,1.02,64143.0
0.0,0.0,0.0,42.27,56.7,1.02,64143.0
0.0,0.0,0.0,42.27,56.7,1.02,64143.0
0.0,0.0,0.0,42.27,56.7,1.02,64143.0
0.0,0.0,0.0,42.27,56.7,1.02,64143.0
0.0,0.0,0.0,42.27,56.7,1.02,64143.0
0.0,0.0,0.0,42.27,56.7,1.02,64143.0
0.0,0.0,0.0,42.27,56.7,1.02,64143.0
0.0,0.0,0.0,42.27,56.7,1.02,64143.0
0.0,0.0,0.0,42.27,56.7,1.02,64143.0
0.0,0.0,0.0,42.27,56.7,1.02,64143.0
0.0,0.0,0.0,42.27,56.7,1.02,64143.0
0.0,0.0,0.0,42.27,56.7,1.02,64143.0
0.0,0.0,0.0,42.27,56.7,1.02,64143.0
0.0,0.0,0.0,42.27,56.7,1.02,64143.0
0.0,0.0,0.0,42.27,56.7,1.02,64143.0
0.0,0.0,0.0,42.27,56.7,1.02,64143.0
0.0,0.0,0.0,42.27,56.7,1.02,64143.0
0.0,0.0,0.0,42.27,56.7,1.02,64143.0
0.0,0.0,0.0,42.27,56.7,1.02,64143.0
0.0,0.0,0.0,42.27,56.7,1.02,64143.0
0.0,0.0,0.0,42.27,56.7,1.02,64143.0
0.0,0.0,0.0,42.27,56.7,1.02,64143.0
0.0,0.0,0.0,42.27,56.7,1.02,64143.0
0.0,0.0,0.0,42.27,56.7,1.02,64143.0
0.0,0.0,0.0,42.27,56.7,1.02,64143.0
0.0,0.0,0.0,42.27,56.7,1.02,64143.0
0.0,0.0,0.0,42.27,56.7,1.02,64143.0
0.0,0.0,0.0,42.27,56.7,1.02,64143.0
0.0,0.0,0.0,42.27,56.7,1.02,64143.0
0.0,0.0,0.0,42.27,56.7,1.02,64143.0
0.0,0.0,0.0,42.27,56.7,1.02,64143.0
0.0,0.0,0.0,42.27,56.7,1.02,64143.0
0.0,0.0,0.0,42.27,56.7,1.02,64143.0
0.0,0.0,0.0,42.27,56.7,1.02,64143.0
0.0,0.0,0.0,42.27,56.7,1.02,64143.0
0.0,0.0,0.0,42.27,56.7,1.02,64143.0
0.0,0.0,0.0,42.27,56.7,1.02,64143.0
0.0,0.0,0.0,42.27,56.7,1.02,64143.0
0.0,0.0,0.0,42.27,56.7,1.02,64143.0
0.0,0.0,0.0,42.27,56.7,1.02,64143.0
0.0,0.0,0.0,42.27,56.7,1.02,64143.0
0.0,0.0,0.0,42.27,56.7,1.02,64143.0