incubando,i_mild,i_grave,susceptibles,recuperados,muertos,infectados_totales
0.01,0.0,0.0,99.99,0.0,0.0,6.0
0.03,0.0,0.0,99.97,0.0,0.0,16.6
0.08,0.0,0.0,99.92,0.0,0.0,39.0
0.21,0.0,0.0,99.79,0.0,0.0,103.0
0.51,0.0,0.0,99.49,0.0,0.0,253.0
1.21,0.0,0.0,98.79,0.0,0.0,604.4
2.88,0.0,0.0,97.12,0.0,0.0,1437.6
6.64,0.01,0.0,93.35,0.0,0.0,3325.8
14.7,0.02,0.01,85.27,0.0,0.0,7365.2
30.35,0.06,0.02,69.57,0.0,0.0,15214.2
54.91,0.14,0.06,44.89,0.0,0.0,27556.0
80.63,0.35,0.15,18.86,0.0,0.0,40568.2
94.81,0.85,0.35,3.98,0.0,0.0,48011.8
96.8,2.02,0.85,0.32,0.0,0.0,49839.4
93.34,4.7,1.95,0.01,0.0,0.0,49996.4
85.27,10.46,4.26,0.0,0.0,0.01,50000.0
69.57,21.52,8.88,0.0,0.0,0.02,50000.0
44.89,38.97,16.08,0.0,0.01,0.05,50000.0
18.86,57.36,23.66,0.0,0.02,0.09,50000.0
3.98,67.84,27.96,0.0,0.06,0.17,50000.0
0.32,70.35,28.93,0.0,0.14,0.26,50000.0
0.01,70.36,28.94,0.0,0.35,0.34,50000.0
0.0,69.86,28.86,0.0,0.85,0.43,50000.0
0.0,68.69,28.77,0.0,2.02,0.52,50000.0
0.0,66.01,28.69,0.0,4.7,0.59,50000.0
0.0,60.25,28.61,0.0,10.46,0.68,50000.0
0.0,49.19,28.52,0.0,21.52,0.77,50000.0
0.0,31.74,28.43,0.0,38.98,0.86,50000.0
0.0,13.33,28.34,0.0,57.39,0.94,50000.0
0.0,2.82,28.25,0.0,67.9,1.03,50000.0
0.0,0.22,28.15,0.0,70.51,1.11,50000.0
0.0,0.01,28.03,0.0,70.76,1.2,50000.0
0.0,0.0,27.86,0.0,70.86,1.28,50000.0
0.0,0.0,27.58,0.0,71.05,1.37,50000.0
0.0,0.0,27.03,0.0,71.51,1.46,50000.0
0.0,0.0,25.93,0.0,72.54,1.53,50000.0
0.0,0.0,23.66,0.0,74.73,1.61,50000.0
0.0,0.0,19.24,0.0,79.09,1.68,50000.0
0.0,0.0,12.4,0.0,85.87,1.73,50000.0
0.0,0.0,5.21,0.0,93.03,1.76,50000.0
0.0,0.0,1.08,0.0,97.13,1.78,50000.0
0.0,0.0,0.09,0.0,98.12,1.79,50000.0
0.0,0.0,0.0,0.0,98.21,1.79,50000.0
0.0,0.0,0.0,0.0,98.21,1.79,50000.0
0.0,0.0,0.0,0.0,98.21,1.79,50000.0
0.0,0.0,0.0,0.0,98.21,1.79,50000.0
0.0,0.0,0.0,0.0,98.21,1.79,50000.0
0.0,0.0,0.0,0.0,98.21,1.79,50000.0
0.0,0.0,0.0,0.0,98.21,1.79,50000.0
0.0,0.0,0.0,0.0,98.21,1.79,50000.0
0.0,0.0,0.0,0.0,98.21,1.79,50000.0
0.0,0.0,0.0,0.0,98.21,1.79,50000.0
0.0,0.0,0.0,0.0,98.21,1.79,50000.0
0.0,0.0,0.0,0.0,98.21,1.79,50000.0
0.0,0.0,0.0,0.0,98.21,1.79,50000.0
0.0,0.0,0.0,0.0,98.21,1.79,50000.0
0.0,0.0,0.0,0.0,98.21,1.79,50000.0
0.0,0.0,0.0,0.0,98.21,1.79,50000.0
0.0,0.0,0.0,0.0,98.21,1.79,50000.0
0.0,0.0,0.0,0.0,98.21,1.79,50000.0
0.0,0.0,0.0,0.0,98.21,1.79,50000.0
0.0,0.0,0.0,0.0,98.21,1.79,50000.0
0.0,0.0,0.0,0.0,98.21,1.79,50000.0
0.0,0.0,0.0,0.0,98.21,1.79,50000.0
0.0,0.0,0.0,0.0,98.21,1.79,50000.0
0.0,0.0,0.0,0.0,98.21,1.79,50000.0
0.0,0.0,0.0,0.0,98.21,1.79,50000.0
0.0,0.0,0.0,0.0,98.21,1.79,50000.0
0.0,0.0,0.0,0.0,98.21,1.79,50000.0
0.0,0.0,0.0,0.0,98.21,1.79,50000.0
0.0,0.0,0.0,0.0,98.21,1.79,50000.0
0.0,0.0,0.0,0.0,98.21,1.79,50000.0
0.0,0.0,0.0,0.0,98.21,1.79,50000.0
0.0,0.0,0.0,0.0,98.21,1.79,50000.0
0.0,0.0,0.0,0.0,98.21,1.79,50000.0
0.0,0.0,0.0,0.0,98.21,1.79,50000.0
0.0,0.0,0.0,0.0,98.21,1.79,50000.0
0.0,0.0,0.0,0.0,98.21,1.79,50000.0
0.0,0.0,0.0,0.0,98.21,1.79,50000.0
0.0,0.0,0.0,0.0,98.21,1.79,50000.0
0.0,0.0,0.0,0.0,98.21,1.79,50000.0
0.0,0.0,0.0,0.0,98.21,1.79,50000.0
0.0,0.0,0.0,0.0,98.21,1.79,50000.0
0.0,0.0,0.0,0.0,98.21,1.79,50000.0
0.0,0.0,0.0,0.0,98.21,1.79,50000.0
0.0,0.0,0.0,0.0,98.21,1.79,50000.0
0.0,0.0,0.0,0.0,98.21,1.79,50000.0
0.0,0.0,0.0,0.0,98.21,1.79,50000.0
0.0,0.0,0.0,0.0,98.21,1.79,50000.0
0.0,0.0,0.0,0.0,98.21,1.79,50000.0
0.0,0.0,0.0,0.0,98.21,1.79,50000.0
0.0,0.0,0.0,0.0,98.21,1.79,50000.0
0.0,0.0,0.0,0.0,98.21,1.79,50000.0
0.0,0.0,0.0,0.0,98.21,1.79,50000.0
0.0,0.0,0.0,0.0,98.21,1.79,50000.0
0.0,0.0,0.0,0.0,98.21,1.79,50000.0
0.0,0.0,0.0,0.0,98.21,1.79,50000.0
0.0,0.0,0.0,0.0,98.21,1.79,50000.0
0.0,0.0,0.0,0.0,98.21,1.79,50000.0
0.0,0.0,0.0,0.0,98.21,1.79,50000.0
0.0,0.0,0.0,0.0,98.21,1.79,50000.0
0.0,0.0,0.0,0.0,98.21,1.79,50000.0
0.0,0.0,0.0,0.0,98.21,1.79,50000.0
0.0,0.0,0.0,0.0,98.21,1.79,50000.0
0.0,0.0,0.0,0.0,98.21,1.79,50000.0
0.0,0.0,0.0,0.0,98.21,1.79,50000.0
0.0,0.0,0.0,0.0,98.21,1.79,50000.0
0.0,0.0,0.0,0.0,98.21,1.79,50000.0
0.0,0.0,0.0,0.0,98.21,1.79,50000.0
0.0,0.0,0.0,0.0,98.21,1.79,50000.0
0.0,0.0,0.0,0.0,98.21,1.79,50000.0
0.0,0.0,0.0,0.0,98.21,1.79,50000.0
0.0,0.0,0.0,0.0,98.21,1.79,50000.0
0.0,0.0,0.0,0.0,98.21,1.79,50000.0
0.0,0.0,0.0,0.0,98.21,1.79,50000.0
0.0,0.0,0.0,0.0,98.21,1.79,50000.0
0.0,0.0,0.0,0.0,98.21,1.79,50000.0
0.0,0.0,0.0,0.0,98.21,1.79,50000.0
0.0,0.0,0.0,0.0,98.21,1.79,50000.0
0.0,0.0,0.0,0.0,98.21,1.79,50000.0
0.0,0.0,0.0,0.0,98.21,1.79,50000.0
0.0,0.0,0.0,0.0,98.21,1.79,50000.0
0.0,0.0,0.0,0.0,98.21,1.79,50000.0
0.0,0.0,0.0,0.0,98.21,1.79,50000.0
0.0,0.0,0.0,0.0,98.21,1.79,50000.0
0.0,0.0,0.0,0.0,98.21,1.79,50000.0
0.0,0.0,0.0,0.0,98.21,1.79,50000.0
0.0,0.0,0.0,0.0,98.21,1.79,50000.0
0.0,0.0,0.0,0.0,98.21,1.79,50000.0
0.0,0.0,0.0,0.0,98.21,1.79,50000.0
0.0,0.0,0.0,0.0,98.21,1.79,50000.0
0.0,0.0,0.0,0.0,98.21,1.79,50000.0
0.0,0.0,0.0,0.0,98.21,1.79,50000.0
0.0,0.0,0.0,0.0,98.21,1.79,50000.0
0.0,0.0,0.0,0.0,98.21,1.79,50000.0
0.0,0.0,0.0,0.0,98.21,1.79,50000.0
0.0,0.0,0.0,0.0,98.21,1.79,50000.0
0.0,0.0,0.0,0.0,98.21,1.79,50000.0
0.0,0.0,0.0,0.0,98.21,1.79,50000.0
0.0,0.0,0.0,0.0,98.21,1.79,50000.0
0.0,0.0,0.0,0.0,98.21,1.79,50000.0
0.0,0.0,0.0,0.0,98.21,1.79,50000.0
0.0,0.0,0.0,0.0,98.21,1.79,50000.0
0.0,0.0,0.0,0.0,98.21,1.79,50000.0
0.0,0.0,0.0,0.0,98.21,1.79,50000.0
0.0,0.0,0.0,0.0,98.21,1.79,50000.0
0.0,0.0,0.0,0.0,98.21,1.79,50000.0
0.0,0.0,0.0,0.0,98.21,1.79,50000.0
0.0,0.0,0.0,0.0,98.21,1.79,50000.0
0.0,0.0,0.0,0.0,98.21,1.79,50000.0
0.0,0.0,0.0,0.0,98.21,1.79,50000.0
0.0,0.0,0.0,0.0,98.21,1.79,50000.0
0.0,0.0,0.0,0.0,98.21,1.79,50000.0
0.0,0.0,0.0,0.0,98.21,1.79,50000.0
0.0,0.0,0.0,0.0,98.21,1.79,50000.0
0.0,0.0,0.0,0.0,98.21,1.79,50000.0
0.0,0.0,0.0,0.0,98.21,1.79,50000.0
0.0,0.0,0.0,0.0,98.21,1.79,50000.0
0.0,0.0,0.0,0.0,98.21,1.79,50000.0
0.0,0.0,0.0,0.0,98.21,1.79,50000.0
0.0,0.0,0.0,0.0,98.21,1.79,50000.0
0.0,0.0,0.0,0.0,98.21,1.79,50000.0
0.0,0.0,0.0,0.0,98.21,1.79,50000.0
0.0,0.0,0.0,0.0,98.21,1.79,50000.0
0.0,0.0,0.0,0.0,98.21,1.79,50000.0
0.0,0.0,0.0,0.0,98.21,1.79,50000.0
0.0,0.0,0.0,0.0,98.21,1.79,50000.0
0.0,0.0,0.0,0.0,98.21,1.79,50000.0
0.0,0.0,0.0,0.0,98.21,1.79,50000.0
0.0,0.0,0.0,0.0,98.21,1.79,50000.0
0.0,0.0,0.0,0.0,98.21,1.79,50000.0
0.0,0.0,0.0,0.0,98.21,1.79,50000.0
0.0,0.0,0.0,0.0,98.21,1.79,50000.0
0.0,0.0,0.0,0.0,98.21,1.79,50000.0
0.0,0.0,0.0,0.0,98.21,1.79,50000.0
0.0,0.0,0.0,0.0,98.21,1.79,50000.0
0.0,0.0,0.0,0.0,98.21,1.79,50000.0
0.0,0.0,0.0,0.0,98.21,1.79,50000.0
0.0,0.0,0.0,0.0,98.21,1.79,50000.0
0.0,0.0,0.0,0.0,98.21,1.79,50000.0
0.0,0.0,0.0,0.0,98.21,1.79,50000.0
0.0,0.0,0.0,0.0,98.21,1.79,50000.0
0.0,0.0,0.0,0.0,98.21,1.79,50000.0
0.0,0.0,0.0,0.0,98.21,1.79,50000.0
0.0,0.0,0.0,0.0,98.21,1.79,50000.0
0.0,0.0,0.0,0.0,98.21,1.79,50000.0
0.0,0.0,0.0,0.0,98.21,1.79,50000.0
0.0,0.0,0.0,0.0,98.21,1.79,50000.0
0.0,0.0,0.0,0.0,98.21,1.79,50000.0
0.0,0.0,0.0,0.0,98.21,1.79,50000.0
0.0,0.0,0.0,0.0,98.21,1.79,50000.0
0.0,0.0,0.0,0.0,98.21,1.79,50000.0
0.0,0.0,0.0,0.0,98.21,1.79,50000.0
0.0,0.0,0.0,0.0,98.21,1.79,50000.0
0.0,0.0,0.0,0.0,98.21,1.79,50000.0
0.0,0.0,0.0,0.0,98.21,1.79,50000.0
0.0,0.0,0.0,0.0,98.21,1.79,50000.0
0.0,0.0,0.0,0.0,98.21,1.79,50000.0
0.0,0.0,0.0,0.0,98.21,1.79,50000.0
0.0,0.0,0.0,0.0,98.21,1.79,50000.0
0.0,0.0,0.0,0.0,98.21,1.79,50000.0
0.0,0.0,0.0,0.0,98.21,1.79,50000.0
0.0,0.0,0.0,0.0,98.21,1.79,50000.0
0.0,0.0,0.0,0.0,98.21,1.79,50000.0
0.0,0.0,0.0,0.0,98.21,1.79,50000.0
0.0,0.0,0.0,0.0,98.21,1.79,50000.0
0.0,0.0,0.0,0.0,98.21,1.79,50000.0
0.0,0.0,0.0,0.0,98.21,1.79,50000.0
0.0,0.0,0.0,0.0,98.21,1.79,50000.0
0.0,0.0,0.0,0.0,98.21,1.79,50000.0
0.0,0.0,0.0,0.0,98.21,1.79,50000.0
0.0,0.0,0.0,0.0,98.21,1.79,50000.0
0.0,0.0,0.0,0.0,98.21,1.79,50000.0
0.0,0.0,0.0,0.0,98.21,1.79,50000.0
0.0,0.0,0.0,0.0,98.21,1.79,50000.0
0.0,0.0,0.0,0.0,98.21,1.79,50000.0
0.0,0.0,0.0,0.0,98.21,1.79,50000.0
0.0,0.0,0.0,0.0,98.21,1.79,50000.0
0.0,0.0,0.0,0.0,98.21,1.79,50000.0
0.0,0.0,0.0,0.0,98.21,1.79,50000.0
0.0,0.0,0.0,0.0,98.21,1.79,50000.0
0.0,0.0,0.0,0.0,98.21,1.79,50000.0
0.0,0.0,0.0,0.0,98.21,1.79,50000.0
0.0,0.0,0.0,0.0,98.21,1.79,50000.0
0.0,0.0,0.0,0.0,98.21,1.79,50000.0
0.0,0.0,0.0,0.0,98.21,1.79,50000.0
0.0,0.0,0.0,0.0,98.21,1.79,50000.0
0.0,0.0,0.0,0.0,98.21,1.79,50000.0
0.0,0.0,0.0,0.0,98.21,1.79,50000.0
0.0,0.0,0.0,0.0,98.21,1.79,50000.0
0.0,0.0,0.0,0.0,98.21,1.79,50000.0
0.0,0.0,0.0,0.0,98.21,1.79,50000.0
0.0,0.0,0.0,0.0,98.21,1.79,50000.0
0.0,0.0,0.0,0.0,98.21,1.79,50000.0
0.0,0.0,0.0,0.0,98.21,1.79,50000.0
0.0,0.0,0.0,0.0,98.21,1.79,50000.0
0.0,0.0,0.0,0.0,98.21,1.79,50000.0
0.0,0.0,0.0,0.0,98.21,1.79,50000.0
0.0,0.0,0.0,0.0,98.21,1.79,50000.0
0.0,0.0,0.0,0.0,98.21,1.79,50000.0
0.0,0.0,0.0,0.0,98.21,1.79,50000.0
0.0,0.0,0.0,0.0,98.21,1.79,50000.0
0.0,0.0,0.0,0.0,98.21,1.79,50000.0
0.0,0.0,0.0,0.0,98.21,1.79,50000.0
0.0,0.0,0.0,0.0,98.21,1.79,50000.0
0.0,0.0,0.0,0.0,98.21,1.79,50000.0
0.0,0.0,0.0,0.0,98.21,1.79,50000.0
0.0,0.0,0.0,0.0,98.21,1.79,50000.0
0.0,0.0,0.0,0.0,98.21,1.79,50000.0
0.0,0.0,0.0,0.0,98.21,1.79,50000.0
0.0,0.0,0.0,0.0,98.21,1.79,50000.0
0.0,0.0,0.0,0.0,98.21,1.79,50000.0
0.0,0.0,0.0,0.0,98.21,1.79,50000.0
0.0,0.0,0.0,0.0,98.21,1.79,50000.0
0.0,0.0,0.0,0.0,98.21,1.79,50000.0
0.0,0.0,0.0,0.0,98.21,1.79,50000.0
0.0,0.0,0.0,0.0,98.21,1.79,50000.0
0.0,0.0,0.0,0.0,98.21,1.79,50000.0
0.0,0.0,0.0,0.0,98.21,1.79,50000.0
0.0,0.0,0.0,0.0,98.21,1.79,50000.0
0.0,0.0,0.0,0.0,98.21,1.79,50000.0
0.0,0.0,0.0,0.0,98.21,1.79,50000.0
0.0,0.0,0.0,0.0,98.21,1.79,50000.0
0.0,0.0,0.0,0.0,98.21,1.79,50000.0
0.0,0.0,0.0,0.0,98.21,1.79,50000.0
0.0,0.0,0.0,0.0,98.21,1.79,50000.0
0.0,0.0,0.0,0.0,98.21,1.79,50000.0
0.0,0.0,0.0,0.0,98.21,1.79,50000.0
0.0,0.0,0.0,0.0,98.21,1.79,50000.0
0.0,0.0,0.0,0.0,98.21,1.79,50000.0
0.0,0.0,0.0,0.0,98.21,1.79,50000.0
0.0,0.0,0.0,0.0,98.21,1.79,50000.0
0.0,0.0,0.0,0.0,98.21,1.79,50000.0
0.0,0.0,0.0,0.0,98.21,1.79,50000.0
0.0,0.0,0.0,0.0,98.21,1.79,50000.0
0.0,0.0,0.0,0.0,98.21,1.79,50000.0
0.0,0.0,0.0,0.0,98.21,1.79,50000.0
0.0,0.0,0.0,0.0,98.21,1.79,50000.0
0.0,0.0,0.0,0.0,98.21,1.79,50000.0
0.0,0.0,0.0,0.0,98.21,1.79,50000.0
0.0,0.0,0.0,0.0,98.21,1.79,50000.0
0.0,0.0,0.0,0.0,98.21,1.79,50000.0
0.0,0.0,0.0,0.0,98.21,1.79,50000.0
0.0,0.0,0.0,0.0,98.21,1.79,50000.0
0.0,0.0,0.0,0.0,98.21,1.79,50000.0
0.0,0.0,0.0,0.0,98.21,1.79,50000.0
0.0,0.0,0.0,0.0,98.21,1.79,50000.0
0.0,0.0,0.0,0.0,98.21,1.79,50000.0
0.0,0.0,0.0,0.0,98.21,1.79,50000.0
0.0,0.0,0.0,0.0,98.21,1.79,50000.0
0.0,0.0,0.0,0.0,98.21,1.79,50000.0
0.0,0.0,0.0,0.0,98.21,1.79,50000.0
0.0,0.0,0.0,0.0,98.21,1.79,50000.0
0.0,0.0,0.0,0.0,98.21,1.79,50000.0
0.0,0.0,0.0,0.0,98.21,1.79,50000.0
0.0,0.0,0.0,0.0,98.21,1.79,50000.0
0.0,0.0,0.0,0.0,98.21,1.79,50000.0
0.0,0.0,0.0,0.0,98.21,1.79,50000.0
0.0,0.0,0.0,0.0,98.21,1.79,50000.0
0.0,0.0,0.0,0.0,98.21,1.79,50000.0