incubando,i_mild,i_grave,susceptibles,recuperados,muertos,infectados_totales
0.01,0.0,0.0,99.99,0.0,0.0,3.0
0.02,0.0,0.0,99.98,0.0,0.0,11.67
0.04,0.0,0.0,99.96,0.0,0.0,17.67
0.05,0.0,0.0,99.95,0.0,0.0,27.0
0.08,0.0,0.0,99.92,0.0,0.0,38.67
0.11,0.0,0.0,99.89,0.0,0.0,55.0
0.17,0.0,0.0,99.83,0.0,0.0,86.0
0.23,0.01,0.0,99.76,0.0,0.0,119.33
0.32,0.02,0.01,99.66,0.0,0.0,171.0
0.45,0.02,0.01,99.51,0.0,0.0,243.0
0.61,0.04,0.02,99.33,0.0,0.0,333.33
0.84,0.05,0.03,99.08,0.0,0.0,459.0
1.14,0.07,0.04,98.75,0.0,0.0,626.67
1.53,0.11,0.06,98.3,0.0,0.0,851.33
2.05,0.16,0.08,97.71,0.0,0.0,1146.33
2.84,0.23,0.11,96.82,0.0,0.0,1592.33
3.89,0.34,0.15,95.62,0.0,0.0,2187.67
5.33,0.45,0.21,94.0,0.01,0.0,2999.0
7.17,0.63,0.28,91.91,0.02,0.0,4045.67
9.56,0.85,0.37,89.18,0.02,0.0,5407.67
12.84,1.15,0.51,85.46,0.04,0.0,7272.33
16.89,1.56,0.68,80.82,0.05,0.0,9591.0
21.78,2.15,0.96,75.04,0.07,0.0,12480.67
27.55,2.94,1.31,68.08,0.11,0.01,15960.33
34.25,4.05,1.78,59.75,0.16,0.01,20124.33
41.24,5.43,2.41,50.67,0.23,0.02,24666.67
48.16,7.27,3.18,41.03,0.34,0.03,29486.67
53.78,9.78,4.27,31.68,0.46,0.03,34160.67
57.72,12.92,5.58,23.1,0.64,0.04,38452.0
59.21,16.73,7.29,15.83,0.89,0.06,42085.67
57.68,21.38,9.26,10.4,1.2,0.08,44801.0
53.21,26.88,11.62,6.54,1.63,0.12,46730.0
46.73,32.73,14.2,3.94,2.25,0.15,48030.0
38.71,38.79,16.9,2.32,3.09,0.19,48841.67
30.35,44.26,19.55,1.33,4.27,0.24,49337.0
22.37,48.91,21.95,0.73,5.74,0.3,49636.67
15.43,52.09,24.0,0.4,7.71,0.37,49802.33
10.2,53.29,25.48,0.2,10.38,0.45,49899.0
6.44,52.73,26.46,0.1,13.75,0.51,49951.67
3.9,50.53,27.08,0.04,17.87,0.58,49979.0
2.3,46.71,27.4,0.02,22.92,0.66,49990.67
1.32,41.5,27.45,0.01,28.97,0.75,49995.67
0.72,35.46,27.4,0.0,35.59,0.83,49998.67
0.4,28.81,27.13,0.0,42.74,0.91,50000.0
0.2,22.33,26.76,0.0,49.71,1.0,50000.0
0.1,16.3,26.26,0.0,56.26,1.08,50000.0
0.04,11.22,25.61,0.0,61.98,1.15,50000.0
0.02,7.4,24.81,0.0,66.56,1.21,50000.0
0.01,4.64,23.72,0.0,70.34,1.29,50000.0
0.0,2.8,22.42,0.0,73.42,1.36,50000.0
0.0,1.67,20.71,0.0,76.19,1.43,50000.0
0.0,0.95,18.77,0.0,78.78,1.49,50000.0
0.0,0.53,16.45,0.0,81.48,1.54,50000.0
0.0,0.29,13.93,0.0,84.18,1.59,50000.0
0.0,0.15,11.31,0.0,86.92,1.63,50000.0
0.0,0.07,8.72,0.0,89.54,1.67,50000.0
0.0,0.03,6.37,0.0,91.91,1.69,50000.0
0.0,0.01,4.33,0.0,93.94,1.71,50000.0
0.0,0.01,2.84,0.0,95.43,1.72,50000.0
0.0,0.0,1.79,0.0,96.48,1.73,50000.0
0.0,0.0,1.07,0.0,97.2,1.74,50000.0
0.0,0.0,0.61,0.0,97.65,1.74,50000.0
0.0,0.0,0.35,0.0,97.91,1.74,50000.0
0.0,0.0,0.18,0.0,98.08,1.74,50000.0
0.0,0.0,0.09,0.0,98.16,1.74,50000.0
0.0,0.0,0.05,0.0,98.21,1.74,50000.0
0.0,0.0,0.02,0.0,98.23,1.74,50000.0
0.0,0.0,0.01,0.0,98.24,1.74,50000.0
0.0,0.0,0.0,0.0,98.25,1.74,50000.0
0.0,0.0,0.0,0.0,98.25,1.74,50000.0
0.0,0.0,0.0,0.0,98.25,1.74,50000.0
0.0,0.0,0.0,0.0,98.26,1.74,50000.0
0.0,0.0,0.0,0.0,98.26,1.74,50000.0
0.0,0.0,0.0,0.0,98.26,1.74,50000.0
0.0,0.0,0.0,0.0,98.26,1.74,50000.0
0.0,0.0,0.0,0.0,98.26,1.74,50000.0
0.0,0.0,0.0,0.0,98.26,1.74,50000.0
0.0,0.0,0.0,0.0,98.26,1.74,50000.0
0.0,0.0,0.0,0.0,98.26,1.74,50000.0
0.0,0.0,0.0,0.0,98.26,1.74,50000.0
0.0,0.0,0.0,0.0,98.26,1.74,50000.0
0.0,0.0,0.0,0.0,98.26,1.74,50000.0
0.0,0.0,0.0,0.0,98.26,1.74,50000.0
0.0,0.0,0.0,0.0,98.26,1.74,50000.0
0.0,0.0,0.0,0.0,98.26,1.74,50000.0
0.0,0.0,0.0,0.0,98.26,1.74,50000.0
0.0,0.0,0.0,0.0,98.26,1.74,50000.0
0.0,0.0,0.0,0.0,98.26,1.74,50000.0
0.0,0.0,0.0,0.0,98.26,1.74,50000.0
0.0,0.0,0.0,0.0,98.26,1.74,50000.0
0.0,0.0,0.0,0.0,98.26,1.74,50000.0
0.0,0.0,0.0,0.0,98.26,1.74,50000.0
0.0,0.0,0.0,0.0,98.26,1.74,50000.0
0.0,0.0,0.0,0.0,98.26,1.74,50000.0
0.0,0.0,0.0,0.0,98.26,1.74,50000.0
0.0,0.0,0.0,0.0,98.26,1.74,50000.0
0.0,0.0,0.0,0.0,98.26,1.74,50000.0
0.0,0.0,0.0,0.0,98.26,1.74,50000.0
0.0,0.0,0.0,0.0,98.26,1.74,50000.0
0.0,0.0,0.0,0.0,98.26,1.74,50000.0
0.0,0.0,0.0,0.0,98.26,1.74,50000.0
0.0,0.0,0.0,0.0,98.26,1.74,50000.0
0.0,0.0,0.0,0.0,98.26,1.74,50000.0
0.0,0.0,0.0,0.0,98.26,1.74,50000.0
0.0,0.0,0.0,0.0,98.26,1.74,50000.0
0.0,0.0,0.0,0.0,98.26,1.74,50000.0
0.0,0.0,0.0,0.0,98.26,1.74,50000.0
0.0,0.0,0.0,0.0,98.26,1.74,50000.0
0.0,0.0,0.0,0.0,98.26,1.74,50000.0
0.0,0.0,0.0,0.0,98.26,1.74,50000.0
0.0,0.0,0.0,0.0,98.26,1.74,50000.0
0.0,0.0,0.0,0.0,98.26,1.74,50000.0
0.0,0.0,0.0,0.0,98.26,1.74,50000.0
0.0,0.0,0.0,0.0,98.26,1.74,50000.0
0.0,0.0,0.0,0.0,98.26,1.74,50000.0
0.0,0.0,0.0,0.0,98.26,1.74,50000.0
0.0,0.0,0.0,0.0,98.26,1.74,50000.0
0.0,0.0,0.0,0.0,98.26,1.74,50000.0
0.0,0.0,0.0,0.0,98.26,1.74,50000.0
0.0,0.0,0.0,0.0,98.26,1.74,50000.0
0.0,0.0,0.0,0.0,98.26,1.74,50000.0
0.0,0.0,0.0,0.0,98.26,1.74,50000.0
0.0,0.0,0.0,0.0,98.26,1.74,50000.0
0.0,0.0,0.0,0.0,98.26,1.74,50000.0
0.0,0.0,0.0,0.0,98.26,1.74,50000.0
0.0,0.0,0.0,0.0,98.26,1.74,50000.0
0.0,0.0,0.0,0.0,98.26,1.74,50000.0
0.0,0.0,0.0,0.0,98.26,1.74,50000.0
0.0,0.0,0.0,0.0,98.26,1.74,50000.0
0.0,0.0,0.0,0.0,98.26,1.74,50000.0
0.0,0.0,0.0,0.0,98.26,1.74,50000.0
0.0,0.0,0.0,0.0,98.26,1.74,50000.0
0.0,0.0,0.0,0.0,98.26,1.74,50000.0
0.0,0.0,0.0,0.0,98.26,1.74,50000.0
0.0,0.0,0.0,0.0,98.26,1.74,50000.0
0.0,0.0,0.0,0.0,98.26,1.74,50000.0
0.0,0.0,0.0,0.0,98.26,1.74,50000.0
0.0,0.0,0.0,0.0,98.26,1.74,50000.0
0.0,0.0,0.0,0.0,98.26,1.74,50000.0
0.0,0.0,0.0,0.0,98.26,1.74,50000.0
0.0,0.0,0.0,0.0,98.26,1.74,50000.0
0.0,0.0,0.0,0.0,98.26,1.74,50000.0
0.0,0.0,0.0,0.0,98.26,1.74,50000.0
0.0,0.0,0.0,0.0,98.26,1.74,50000.0
0.0,0.0,0.0,0.0,98.26,1.74,50000.0
0.0,0.0,0.0,0.0,98.26,1.74,50000.0
0.0,0.0,0.0,0.0,98.26,1.74,50000.0
0.0,0.0,0.0,0.0,98.26,1.74,50000.0
0.0,0.0,0.0,0.0,98.26,1.74,50000.0
0.0,0.0,0.0,0.0,98.26,1.74,50000.0
0.0,0.0,0.0,0.0,98.26,1.74,50000.0
0.0,0.0,0.0,0.0,98.26,1.74,50000.0
0.0,0.0,0.0,0.0,98.26,1.74,50000.0
0.0,0.0,0.0,0.0,98.26,1.74,50000.0
0.0,0.0,0.0,0.0,98.26,1.74,50000.0
0.0,0.0,0.0,0.0,98.26,1.74,50000.0
0.0,0.0,0.0,0.0,98.26,1.74,50000.0
0.0,0.0,0.0,0.0,98.26,1.74,50000.0
0.0,0.0,0.0,0.0,98.26,1.74,50000.0
0.0,0.0,0.0,0.0,98.26,1.74,50000.0
0.0,0.0,0.0,0.0,98.26,1.74,50000.0
0.0,0.0,0.0,0.0,98.26,1.74,50000.0
0.0,0.0,0.0,0.0,98.26,1.74,50000.0
0.0,0.0,0.0,0.0,98.26,1.74,50000.0
0.0,0.0,0.0,0.0,98.26,1.74,50000.0
0.0,0.0,0.0,0.0,98.26,1.74,50000.0
0.0,0.0,0.0,0.0,98.26,1.74,50000.0
0.0,0.0,0.0,0.0,98.26,1.74,50000.0
0.0,0.0,0.0,0.0,98.26,1.74,50000.0
0.0,0.0,0.0,0.0,98.26,1.74,50000.0
0.0,0.0,0.0,0.0,98.26,1.74,50000.0
0.0,0.0,0.0,0.0,98.26,1.74,50000.0
0.0,0.0,0.0,0.0,98.26,1.74,50000.0
0.0,0.0,0.0,0.0,98.26,1.74,50000.0
0.0,0.0,0.0,0.0,98.26,1.74,50000.0
0.0,0.0,0.0,0.0,98.26,1.74,50000.0
0.0,0.0,0.0,0.0,98.26,1.74,50000.0
0.0,0.0,0.0,0.0,98.26,1.74,50000.0
0.0,0.0,0.0,0.0,98.26,1.74,50000.0
0.0,0.0,0.0,0.0,98.26,1.74,50000.0
0.0,0.0,0.0,0.0,98.26,1.74,50000.0
0.0,0.0,0.0,0.0,98.26,1.74,50000.0
0.0,0.0,0.0,0.0,98.26,1.74,50000.0
0.0,0.0,0.0,0.0,98.26,1.74,50000.0
0.0,0.0,0.0,0.0,98.26,1.74,50000.0
0.0,0.0,0.0,0.0,98.26,1.74,50000.0
0.0,0.0,0.0,0.0,98.26,1.74,50000.0
0.0,0.0,0.0,0.0,98.26,1.74,50000.0
0.0,0.0,0.0,0.0,98.26,1.74,50000.0
0.0,0.0,0.0,0.0,98.26,1.74,50000.0
0.0,0.0,0.0,0.0,98.26,1.74,50000.0
0.0,0.0,0.0,0.0,98.26,1.74,50000.0
0.0,0.0,0.0,0.0,98.26,1.74,50000.0
0.0,0.0,0.0,0.0,98.26,1.74,50000.0
0.0,0.0,0.0,0.0,98.26,1.74,50000.0
0.0,0.0,0.0,0.0,98.26,1.74,50000.0
0.0,0.0,0.0,0.0,98.26,1.74,50000.0
0.0,0.0,0.0,0.0,98.26,1.74,50000.0
0.0,0.0,0.0,0.0,98.26,1.74,50000.0
0.0,0.0,0.0,0.0,98.26,1.74,50000.0
0.0,0.0,0.0,0.0,98.26,1.74,50000.0
0.0,0.0,0.0,0.0,98.26,1.74,50000.0
0.0,0.0,0.0,0.0,98.26,1.74,50000.0
0.0,0.0,0.0,0.0,98.26,1.74,50000.0
0.0,0.0,0.0,0.0,98.26,1.74,50000.0
0.0,0.0,0.0,0.0,98.26,1.74,50000.0
0.0,0.0,0.0,0.0,98.26,1.74,50000.0
0.0,0.0,0.0,0.0,98.26,1.74,50000.0
0.0,0.0,0.0,0.0,98.26,1.74,50000.0
0.0,0.0,0.0,0.0,98.26,1.74,50000.0
0.0,0.0,0.0,0.0,98.26,1.74,50000.0
0.0,0.0,0.0,0.0,98.26,1.74,50000.0
0.0,0.0,0.0,0.0,98.26,1.74,50000.0
0.0,0.0,0.0,0.0,98.26,1.74,50000.0
0.0,0.0,0.0,0.0,98.26,1.74,50000.0
0.0,0.0,0.0,0.0,98.26,1.74,50000.0
0.0,0.0,0.0,0.0,98.26,1.74,50000.0
0.0,0.0,0.0,0.0,98.26,1.74,50000.0
0.0,0.0,0.0,0.0,98.26,1.74,50000.0
0.0,0.0,0.0,0.0,98.26,1.74,50000.0
0.0,0.0,0.0,0.0,98.26,1.74,50000.0
0.0,0.0,0.0,0.0,98.26,1.74,50000.0
0.0,0.0,0.0,0.0,98.26,1.74,50000.0
0.0,0.0,0.0,0.0,98.26,1.74,50000.0
0.0,0.0,0.0,0.0,98.26,1.74,50000.0
0.0,0.0,0.0,0.0,98.26,1.74,50000.0
0.0,0.0,0.0,0.0,98.26,1.74,50000.0
0.0,0.0,0.0,0.0,98.26,1.74,50000.0
0.0,0.0,0.0,0.0,98.26,1.74,50000.0
0.0,0.0,0.0,0.0,98.26,1.74,50000.0
0.0,0.0,0.0,0.0,98.26,1.74,50000.0
0.0,0.0,0.0,0.0,98.26,1.74,50000.0
0.0,0.0,0.0,0.0,98.26,1.74,50000.0
0.0,0.0,0.0,0.0,98.26,1.74,50000.0
0.0,0.0,0.0,0.0,98.26,1.74,50000.0
0.0,0.0,0.0,0.0,98.26,1.74,50000.0
0.0,0.0,0.0,0.0,98.26,1.74,50000.0
0.0,0.0,0.0,0.0,98.26,1.74,50000.0
0.0,0.0,0.0,0.0,98.26,1.74,50000.0
0.0,0.0,0.0,0.0,98.26,1.74,50000.0
0.0,0.0,0.0,0.0,98.26,1.74,50000.0
0.0,0.0,0.0,0.0,98.26,1.74,50000.0
0.0,0.0,0.0,0.0,98.26,1.74,50000.0
0.0,0.0,0.0,0.0,98.26,1.74,50000.0
0.0,0.0,0.0,0.0,98.26,1.74,50000.0
0.0,0.0,0.0,0.0,98.26,1.74,50000.0
0.0,0.0,0.0,0.0,98.26,1.74,50000.0
0.0,0.0,0.0,0.0,98.26,1.74,50000.0
0.0,0.0,0.0,0.0,98.26,1.74,50000.0
0.0,0.0,0.0,0.0,98.26,1.74,50000.0
0.0,0.0,0.0,0.0,98.26,1.74,50000.0
0.0,0.0,0.0,0.0,98.26,1.74,50000.0
0.0,0.0,0.0,0.0,98.26,1.74,50000.0
0.0,0.0,0.0,0.0,98.26,1.74,50000.0
0.0,0.0,0.0,0.0,98.26,1.74,50000.0
0.0,0.0,0.0,0.0,98.26,1.74,50000.0
0.0,0.0,0.0,0.0,98.26,1.74,50000.0
0.0,0.0,0.0,0.0,98.26,1.74,50000.0
0.0,0.0,0.0,0.0,98.26,1.74,50000.0
0.0,0.0,0.0,0.0,98.26,1.74,50000.0
0.0,0.0,0.0,0.0,98.26,1.74,50000.0
0.0,0.0,0.0,0.0,98.26,1.74,50000.0
0.0,0.0,0.0,0.0,98.26,1.74,50000.0
0.0,0.0,0.0,0.0,98.26,1.74,50000.0
0.0,0.0,0.0,0.0,98.26,1.74,50000.0
0.0,0.0,0.0,0.0,98.26,1.74,50000.0
0.0,0.0,0.0,0.0,98.26,1.74,50000.0
0.0,0.0,0.0,0.0,98.26,1.74,50000.0
0.0,0.0,0.0,0.0,98.26,1.74,50000.0
0.0,0.0,0.0,0.0,98.26,1.74,50000.0
0.0,0.0,0.0,0.0,98.26,1.74,50000.0
0.0,0.0,0.0,0.0,98.26,1.74,50000.0
0.0,0.0,0.0,0.0,98.26,1.74,50000.0
0.0,0.0,0.0,0.0,98.26,1.74,50000.0
0.0,0.0,0.0,0.0,98.26,1.74,50000.0
0.0,0.0,0.0,0.0,98.26,1.74,50000.0
0.0,0.0,0.0,0.0,98.26,1.74,50000.0
0.0,0.0,0.0,0.0,98.26,1.74,50000.0
0.0,0.0,0.0,0.0,98.26,1.74,50000.0
0.0,0.0,0.0,0.0,98.26,1.74,50000.0
0.0,0.0,0.0,0.0,98.26,1.74,50000.0
0.0,0.0,0.0,0.0,98.26,1.74,50000.0
0.0,0.0,0.0,0.0,98.26,1.74,50000.0
0.0,0.0,0.0,0.0,98.26,1.74,50000.0
0.0,0.0,0.0,0.0,98.26,1.74,50000.0
0.0,0.0,0.0,0.0,98.26,1.74,50000.0
0.0,0.0,0.0,0.0,98.26,1.74,50000.0
0.0,0.0,0.0,0.0,98.26,1.74,50000.0
0.0,0.0,0.0,0.0,98.26,1.74,50000.0
0.0,0.0,0.0,0.0,98.26,1.74,50000.0
0.0,0.0,0.0,0.0,98.26,1.74,50000.0
0.0,0.0,0.0,0.0,98.26,1.74,50000.0
0.0,0.0,0.0,0.0,98.26,1.74,50000.0
0.0,0.0,0.0,0.0,98.26,1.74,50000.0
0.0,0.0,0.0,0.0,98.26,1.74,50000.0
0.0,0.0,0.0,0.0,98.26,1.74,50000.0
0.0,0.0,0.0,0.0,98.26,1.74,50000.0
0.0,0.0,0.0,0.0,98.26,1.74,50000.0
0.0,0.0,0.0,0.0,98.26,1.74,50000.0
0.0,0.0,0.0,0.0,98.26,1.74,50000.0
0.0,0.0,0.0,0.0,98.26,1.74,50000.0
0.0,0.0,0.0,0.0,98.26,1.74,50000.0
0.0,0.0,0.0,0.0,98.26,1.74,50000.0
0.0,0.0,0.0,0.0,98.26,1.74,50000.0
0.0,0.0,0.0,0.0,98.26,1.74,50000.0
0.0,0.0,0.0,0.0,98.26,1.74,50000.0
0.0,0.0,0.0,0.0,98.26,1.74,50000.0
0.0,0.0,0.0,0.0,98.26,1.74,50000.0
0.0,0.0,0.0,0.0,98.26,1.74,50000.0
0.0,0.0,0.0,0.0,98.26,1.74,50000.0
0.0,0.0,0.0,0.0,98.26,1.74,50000.0
0.0,0.0,0.0,0.0,98.26,1.74,50000.0
0.0,0.0,0.0,0.0,98.26,1.74,50000.0
0.0,0.0,0.0,0.0,98.26,1.74,50000.0
0.0,0.0,0.0,0.0,98.26,1.74,50000.0
0.0,0.0,0.0,0.0,98.26,1.74,50000.0
0.0,0.0,0.0,0.0,98.26,1.74,50000.0
0.0,0.0,0.0,0.0,98.26,1.74,50000.0
0.0,0.0,0.0,0.0,98.26,1.74,50000.0
0.0,0.0,0.0,0.0,98.26,1.74,50000.0
0.0,0.0,0.0,0.0,98.26,1.74,50000.0
0.0,0.0,0.0,0.0,98.26,1.74,50000.0
0.0,0.0,0.0,0.0,98.26,1.74,50000.0
0.0,0.0,0.0,0.0,98.26,1.74,50000.0
0.0,0.0,0.0,0.0,98.26,1.74,50000.0
0.0,0.0,0.0,0.0,98.26,1.74,50000.0
0.0,0.0,0.0,0.0,98.26,1.74,50000.0
0.0,0.0,0.0,0.0,98.26,1.74,50000.0
0.0,0.0,0.0,0.0,98.26,1.74,50000.0
0.0,0.0,0.0,0.0,98.26,1.74,50000.0
0.0,0.0,0.0,0.0,98.26,1.74,50000.0
0.0,0.0,0.0,0.0,98.26,1.74,50000.0
0.0,0.0,0.0,0.0,98.26,1.74,50000.0
0.0,0.0,0.0,0.0,98.26,1.74,50000.0
0.0,0.0,0.0,0.0,98.26,1.74,50000.0
0.0,0.0,0.0,0.0,98.26,1.74,50000.0
0.0,0.0,0.0,0.0,98.26,1.74,50000.0
0.0,0.0,0.0,0.0,98.26,1.74,50000.0
0.0,0.0,0.0,0.0,98.26,1.74,50000.0
0.0,0.0,0.0,0.0,98.26,1.74,50000.0
0.0,0.0,0.0,0.0,98.26,1.74,50000.0
0.0,0.0,0.0,0.0,98.26,1.74,50000.0
0.0,0.0,0.0,0.0,98.26,1.74,50000.0
0.0,0.0,0.0,0.0,98.26,1.74,50000.0
0.0,0.0,0.0,0.0,98.26,1.74,50000.0
0.0,0.0,0.0,0.0,98.26,1.74,50000.0
0.0,0.0,0.0,0.0,98.26,1.74,50000.0
0.0,0.0,0.0,0.0,98.26,1.74,50000.0
0.0,0.0,0.0,0.0,98.26,1.74,50000.0
0.0,0.0,0.0,0.0,98.26,1.74,50000.0
0.0,0.0,0.0,0.0,98.26,1.74,50000.0
0.0,0.0,0.0,0.0,98.26,1.74,50000.0
0.0,0.0,0.0,0.0,98.26,1.74,50000.0
0.0,0.0,0.0,0.0,98.26,1.74,50000.0
0.0,0.0,0.0,0.0,98.26,1.74,50000.0
0.0,0.0,0.0,0.0,98.26,1.74,50000.0
0.0,0.0,0.0,0.0,98.26,1.74,50000.0
0.0,0.0,0.0,0.0,98.26,1.74,50000.0
0.0,0.0,0.0,0.0,98.26,1.74,50000.0
0.0,0.0,0.0,0.0,98.26,1.74,50000.0
0.0,0.0,0.0,0.0,98.26,1.74,50000.0
0.0,0.0,0.0,0.0,98.26,1.74,50000.0
0.0,0.0,0.0,0.0,98.26,1.74,50000.0
0.0,0.0,0.0,0.0,98.26,1.74,50000.0
0.0,0.0,0.0,0.0,98.26,1.74,50000.0