incubando,i_mild,i_grave,susceptibles,recuperados,muertos,infectados_totales
0.09,0.0,0.0,99.91,0.0,0.0,43.0
0.21,0.0,0.0,99.79,0.0,0.0,104.2
0.41,0.0,0.0,99.59,0.0,0.0,204.6
0.69,0.0,0.0,99.31,0.0,0.0,342.6
1.03,0.0,0.0,98.97,0.0,0.0,514.4
1.51,0.0,0.0,98.49,0.0,0.0,755.0
2.15,0.0,0.0,97.85,0.0,0.0,1076.4
2.96,0.06,0.03,96.95,0.0,0.0,1522.8
4.05,0.15,0.06,95.75,0.0,0.0,2126.8
5.39,0.3,0.11,94.2,0.0,0.0,2900.0
7.25,0.5,0.19,92.06,0.0,0.0,3969.6
9.68,0.74,0.29,89.29,0.0,0.0,5353.6
12.83,1.08,0.43,85.66,0.0,0.0,7169.4
16.78,1.53,0.62,81.06,0.0,0.0,9468.2
21.6,2.16,0.88,75.35,0.0,0.0,12322.8
27.38,3.01,1.24,68.36,0.0,0.01,15817.8
34.06,4.11,1.68,60.14,0.0,0.01,19928.0
41.07,5.55,2.31,50.99,0.06,0.01,24503.8
47.95,7.44,3.09,41.34,0.15,0.02,29330.4
53.76,9.86,4.15,31.9,0.3,0.03,34048.0
57.82,12.91,5.49,23.24,0.5,0.04,38380.6
59.3,16.68,7.16,16.05,0.74,0.06,41973.8
57.83,21.29,9.19,10.54,1.08,0.08,44730.8
53.56,26.65,11.56,6.59,1.53,0.11,46706.8
47.05,32.46,14.25,3.95,2.16,0.14,48026.6
39.05,38.44,17.03,2.29,3.01,0.19,48855.4
30.62,44.04,19.71,1.28,4.11,0.24,49358.8
22.54,48.64,22.21,0.7,5.61,0.3,49649.0
15.64,51.73,24.23,0.41,7.62,0.37,49792.6
10.3,53.06,25.75,0.24,10.21,0.44,49880.8
6.44,52.59,26.79,0.14,13.51,0.52,49929.0
3.87,50.45,27.4,0.08,17.6,0.6,49960.4
2.25,46.69,27.69,0.04,22.64,0.69,49978.2
1.25,41.57,27.77,0.03,28.59,0.78,49986.0
0.69,35.54,27.68,0.02,35.21,0.87,49991.6
0.41,28.92,27.44,0.01,42.29,0.95,49996.6
0.23,22.35,27.06,0.01,49.32,1.03,49997.0
0.14,16.32,26.59,0.0,55.85,1.11,49997.8
0.08,11.29,25.94,0.0,61.51,1.18,49998.4
0.04,7.42,25.14,0.0,66.15,1.25,49999.2
0.03,4.65,24.07,0.0,69.93,1.32,49999.6
0.02,2.78,22.73,0.0,73.08,1.39,49999.8
0.01,1.6,21.06,0.0,75.86,1.47,50000.0
0.01,0.9,19.07,0.0,78.48,1.54,50000.0
0.0,0.5,16.76,0.0,81.14,1.6,50000.0
0.0,0.3,14.17,0.0,83.88,1.64,50000.0
0.0,0.17,11.49,0.0,86.65,1.69,50000.0
0.0,0.1,8.89,0.0,89.29,1.72,50000.0
0.0,0.06,6.46,0.0,91.74,1.74,50000.0
0.0,0.03,4.46,0.0,93.75,1.76,50000.0
0.0,0.02,2.93,0.0,95.27,1.77,50000.0
0.0,0.01,1.81,0.0,96.39,1.78,50000.0
0.0,0.0,1.1,0.0,97.11,1.79,50000.0
0.0,0.0,0.65,0.0,97.56,1.79,50000.0
0.0,0.0,0.36,0.0,97.85,1.79,50000.0
0.0,0.0,0.19,0.0,98.01,1.79,50000.0
0.0,0.0,0.11,0.0,98.1,1.79,50000.0
0.0,0.0,0.06,0.0,98.14,1.79,50000.0
0.0,0.0,0.04,0.0,98.17,1.79,50000.0
0.0,0.0,0.02,0.0,98.18,1.79,50000.0
0.0,0.0,0.01,0.0,98.19,1.79,50000.0
0.0,0.0,0.01,0.0,98.2,1.79,50000.0
0.0,0.0,0.01,0.0,98.2,1.79,50000.0
0.0,0.0,0.0,0.0,98.2,1.79,50000.0
0.0,0.0,0.0,0.0,98.2,1.79,50000.0
0.0,0.0,0.0,0.0,98.21,1.79,50000.0
0.0,0.0,0.0,0.0,98.21,1.79,50000.0
0.0,0.0,0.0,0.0,98.21,1.79,50000.0
0.0,0.0,0.0,0.0,98.21,1.79,50000.0
0.0,0.0,0.0,0.0,98.21,1.79,50000.0
0.0,0.0,0.0,0.0,98.21,1.79,50000.0
0.0,0.0,0.0,0.0,98.21,1.79,50000.0
0.0,0.0,0.0,0.0,98.21,1.79,50000.0
0.0,0.0,0.0,0.0,98.21,1.79,50000.0
0.0,0.0,0.0,0.0,98.21,1.79,50000.0
0.0,0.0,0.0,0.0,98.21,1.79,50000.0
0.0,0.0,0.0,0.0,98.21,1.79,50000.0
0.0,0.0,0.0,0.0,98.21,1.79,50000.0
0.0,0.0,0.0,0.0,98.21,1.79,50000.0
0.0,0.0,0.0,0.0,98.21,1.79,50000.0
0.0,0.0,0.0,0.0,98.21,1.79,50000.0
0.0,0.0,0.0,0.0,98.21,1.79,50000.0
0.0,0.0,0.0,0.0,98.21,1.79,50000.0
0.0,0.0,0.0,0.0,98.21,1.79,50000.0
0.0,0.0,0.0,0.0,98.21,1.79,50000.0
0.0,0.0,0.0,0.0,98.21,1.79,50000.0
0.0,0.0,0.0,0.0,98.21,1.79,50000.0
0.0,0.0,0.0,0.0,98.21,1.79,50000.0
0.0,0.0,0.0,0.0,98.21,1.79,50000.0
0.0,0.0,0.0,0.0,98.21,1.79,50000.0
0.0,0.0,0.0,0.0,98.21,1.79,50000.0
0.0,0.0,0.0,0.0,98.21,1.79,50000.0
0.0,0.0,0.0,0.0,98.21,1.79,50000.0
0.0,0.0,0.0,0.0,98.21,1.79,50000.0
0.0,0.0,0.0,0.0,98.21,1.79,50000.0
0.0,0.0,0.0,0.0,98.21,1.79,50000.0
0.0,0.0,0.0,0.0,98.21,1.79,50000.0
0.0,0.0,0.0,0.0,98.21,1.79,50000.0
0.0,0.0,0.0,0.0,98.21,1.79,50000.0
0.0,0.0,0.0,0.0,98.21,1.79,50000.0
0.0,0.0,0.0,0.0,98.21,1.79,50000.0
0.0,0.0,0.0,0.0,98.21,1.79,50000.0
0.0,0.0,0.0,0.0,98.21,1.79,50000.0
0.0,0.0,0.0,0.0,98.21,1.79,50000.0
0.0,0.0,0.0,0.0,98.21,1.79,50000.0
0.0,0.0,0.0,0.0,98.21,1.79,50000.0
0.0,0.0,0.0,0.0,98.21,1.79,50000.0
0.0,0.0,0.0,0.0,98.21,1.79,50000.0
0.0,0.0,0.0,0.0,98.21,1.79,50000.0
0.0,0.0,0.0,0.0,98.21,1.79,50000.0
0.0,0.0,0.0,0.0,98.21,1.79,50000.0
0.0,0.0,0.0,0.0,98.21,1.79,50000.0
0.0,0.0,0.0,0.0,98.21,1.79,50000.0
0.0,0.0,0.0,0.0,98.21,1.79,50000.0
0.0,0.0,0.0,0.0,98.21,1.79,50000.0
0.0,0.0,0.0,0.0,98.21,1.79,50000.0
0.0,0.0,0.0,0.0,98.21,1.79,50000.0
0.0,0.0,0.0,0.0,98.21,1.79,50000.0
0.0,0.0,0.0,0.0,98.21,1.79,50000.0
0.0,0.0,0.0,0.0,98.21,1.79,50000.0
0.0,0.0,0.0,0.0,98.21,1.79,50000.0
0.0,0.0,0.0,0.0,98.21,1.79,50000.0
0.0,0.0,0.0,0.0,98.21,1.79,50000.0
0.0,0.0,0.0,0.0,98.21,1.79,50000.0
0.0,0.0,0.0,0.0,98.21,1.79,50000.0
0.0,0.0,0.0,0.0,98.21,1.79,50000.0
0.0,0.0,0.0,0.0,98.21,1.79,50000.0
0.0,0.0,0.0,0.0,98.21,1.79,50000.0
0.0,0.0,0.0,0.0,98.21,1.79,50000.0
0.0,0.0,0.0,0.0,98.21,1.79,50000.0
0.0,0.0,0.0,0.0,98.21,1.79,50000.0
0.0,0.0,0.0,0.0,98.21,1.79,50000.0
0.0,0.0,0.0,0.0,98.21,1.79,50000.0
0.0,0.0,0.0,0.0,98.21,1.79,50000.0
0.0,0.0,0.0,0.0,98.21,1.79,50000.0
0.0,0.0,0.0,0.0,98.21,1.79,50000.0
0.0,0.0,0.0,0.0,98.21,1.79,50000.0
0.0,0.0,0.0,0.0,98.21,1.79,50000.0
0.0,0.0,0.0,0.0,98.21,1.79,50000.0
0.0,0.0,0.0,0.0,98.21,1.79,50000.0
0.0,0.0,0.0,0.0,98.21,1.79,50000.0
0.0,0.0,0.0,0.0,98.21,1.79,50000.0
0.0,0.0,0.0,0.0,98.21,1.79,50000.0
0.0,0.0,0.0,0.0,98.21,1.79,50000.0
0.0,0.0,0.0,0.0,98.21,1.79,50000.0
0.0,0.0,0.0,0.0,98.21,1.79,50000.0
0.0,0.0,0.0,0.0,98.21,1.79,50000.0
0.0,0.0,0.0,0.0,98.21,1.79,50000.0
0.0,0.0,0.0,0.0,98.21,1.79,50000.0
0.0,0.0,0.0,0.0,98.21,1.79,50000.0
0.0,0.0,0.0,0.0,98.21,1.79,50000.0
0.0,0.0,0.0,0.0,98.21,1.79,50000.0
0.0,0.0,0.0,0.0,98.21,1.79,50000.0
0.0,0.0,0.0,0.0,98.21,1.79,50000.0
0.0,0.0,0.0,0.0,98.21,1.79,50000.0
0.0,0.0,0.0,0.0,98.21,1.79,50000.0
0.0,0.0,0.0,0.0,98.21,1.79,50000.0
0.0,0.0,0.0,0.0,98.21,1.79,50000.0
0.0,0.0,0.0,0.0,98.21,1.79,50000.0
0.0,0.0,0.0,0.0,98.21,1.79,50000.0
0.0,0.0,0.0,0.0,98.21,1.79,50000.0
0.0,0.0,0.0,0.0,98.21,1.79,50000.0
0.0,0.0,0.0,0.0,98.21,1.79,50000.0
0.0,0.0,0.0,0.0,98.21,1.79,50000.0
0.0,0.0,0.0,0.0,98.21,1.79,50000.0
0.0,0.0,0.0,0.0,98.21,1.79,50000.0
0.0,0.0,0.0,0.0,98.21,1.79,50000.0
0.0,0.0,0.0,0.0,98.21,1.79,50000.0
0.0,0.0,0.0,0.0,98.21,1.79,50000.0
0.0,0.0,0.0,0.0,98.21,1.79,50000.0
0.0,0.0,0.0,0.0,98.21,1.79,50000.0
0.0,0.0,0.0,0.0,98.21,1.79,50000.0
0.0,0.0,0.0,0.0,98.21,1.79,50000.0
0.0,0.0,0.0,0.0,98.21,1.79,50000.0
0.0,0.0,0.0,0.0,98.21,1.79,50000.0
0.0,0.0,0.0,0.0,98.21,1.79,50000.0
0.0,0.0,0.0,0.0,98.21,1.79,50000.0
0.0,0.0,0.0,0.0,98.21,1.79,50000.0
0.0,0.0,0.0,0.0,98.21,1.79,50000.0
0.0,0.0,0.0,0.0,98.21,1.79,50000.0
0.0,0.0,0.0,0.0,98.21,1.79,50000.0
0.0,0.0,0.0,0.0,98.21,1.79,50000.0
0.0,0.0,0.0,0.0,98.21,1.79,50000.0
0.0,0.0,0.0,0.0,98.21,1.79,50000.0
0.0,0.0,0.0,0.0,98.21,1.79,50000.0
0.0,0.0,0.0,0.0,98.21,1.79,50000.0
0.0,0.0,0.0,0.0,98.21,1.79,50000.0
0.0,0.0,0.0,0.0,98.21,1.79,50000.0
0.0,0.0,0.0,0.0,98.21,1.79,50000.0
0.0,0.0,0.0,0.0,98.21,1.79,50000.0
0.0,0.0,0.0,0.0,98.21,1.79,50000.0
0.0,0.0,0.0,0.0,98.21,1.79,50000.0
0.0,0.0,0.0,0.0,98.21,1.79,50000.0
0.0,0.0,0.0,0.0,98.21,1.79,50000.0
0.0,0.0,0.0,0.0,98.21,1.79,50000.0
0.0,0.0,0.0,0.0,98.21,1.79,50000.0
0.0,0.0,0.0,0.0,98.21,1.79,50000.0
0.0,0.0,0.0,0.0,98.21,1.79,50000.0
0.0,0.0,0.0,0.0,98.21,1.79,50000.0
0.0,0.0,0.0,0.0,98.21,1.79,50000.0
0.0,0.0,0.0,0.0,98.21,1.79,50000.0
0.0,0.0,0.0,0.0,98.21,1.79,50000.0
0.0,0.0,0.0,0.0,98.21,1.79,50000.0
0.0,0.0,0.0,0.0,98.21,1.79,50000.0
0.0,0.0,0.0,0.0,98.21,1.79,50000.0
0.0,0.0,0.0,0.0,98.21,1.79,50000.0
0.0,0.0,0.0,0.0,98.21,1.79,50000.0
0.0,0.0,0.0,0.0,98.21,1.79,50000.0
0.0,0.0,0.0,0.0,98.21,1.79,50000.0
0.0,0.0,0.0,0.0,98.21,1.79,50000.0
0.0,0.0,0.0,0.0,98.21,1.79,50000.0
0.0,0.0,0.0,0.0,98.21,1.79,50000.0
0.0,0.0,0.0,0.0,98.21,1.79,50000.0
0.0,0.0,0.0,0.0,98.21,1.79,50000.0
0.0,0.0,0.0,0.0,98.21,1.79,50000.0
0.0,0.0,0.0,0.0,98.21,1.79,50000.0
0.0,0.0,0.0,0.0,98.21,1.79,50000.0
0.0,0.0,0.0,0.0,98.21,1.79,50000.0
0.0,0.0,0.0,0.0,98.21,1.79,50000.0
0.0,0.0,0.0,0.0,98.21,1.79,50000.0
0.0,0.0,0.0,0.0,98.21,1.79,50000.0
0.0,0.0,0.0,0.0,98.21,1.79,50000.0
0.0,0.0,0.0,0.0,98.21,1.79,50000.0
0.0,0.0,0.0,0.0,98.21,1.79,50000.0
0.0,0.0,0.0,0.0,98.21,1.79,50000.0
0.0,0.0,0.0,0.0,98.21,1.79,50000.0
0.0,0.0,0.0,0.0,98.21,1.79,50000.0
0.0,0.0,0.0,0.0,98.21,1.79,50000.0
0.0,0.0,0.0,0.0,98.21,1.79,50000.0
0.0,0.0,0.0,0.0,98.21,1.79,50000.0
0.0,0.0,0.0,0.0,98.21,1.79,50000.0
0.0,0.0,0.0,0.0,98.21,1.79,50000.0
0.0,0.0,0.0,0.0,98.21,1.79,50000.0
0.0,0.0,0.0,0.0,98.21,1.79,50000.0
0.0,0.0,0.0,0.0,98.21,1.79,50000.0
0.0,0.0,0.0,0.0,98.21,1.79,50000.0
0.0,0.0,0.0,0.0,98.21,1.79,50000.0
0.0,0.0,0.0,0.0,98.21,1.79,50000.0
0.0,0.0,0.0,0.0,98.21,1.79,50000.0
0.0,0.0,0.0,0.0,98.21,1.79,50000.0
0.0,0.0,0.0,0.0,98.21,1.79,50000.0
0.0,0.0,0.0,0.0,98.21,1.79,50000.0
0.0,0.0,0.0,0.0,98.21,1.79,50000.0
0.0,0.0,0.0,0.0,98.21,1.79,50000.0
0.0,0.0,0.0,0.0,98.21,1.79,50000.0
0.0,0.0,0.0,0.0,98.21,1.79,50000.0
0.0,0.0,0.0,0.0,98.21,1.79,50000.0
0.0,0.0,0.0,0.0,98.21,1.79,50000.0
0.0,0.0,0.0,0.0,98.21,1.79,50000.0
0.0,0.0,0.0,0.0,98.21,1.79,50000.0
0.0,0.0,0.0,0.0,98.21,1.79,50000.0
0.0,0.0,0.0,0.0,98.21,1.79,50000.0
0.0,0.0,0.0,0.0,98.21,1.79,50000.0
0.0,0.0,0.0,0.0,98.21,1.79,50000.0
0.0,0.0,0.0,0.0,98.21,1.79,50000.0
0.0,0.0,0.0,0.0,98.21,1.79,50000.0
0.0,0.0,0.0,0.0,98.21,1.79,50000.0
0.0,0.0,0.0,0.0,98.21,1.79,50000.0
0.0,0.0,0.0,0.0,98.21,1.79,50000.0
0.0,0.0,0.0,0.0,98.21,1.79,50000.0
0.0,0.0,0.0,0.0,98.21,1.79,50000.0
0.0,0.0,0.0,0.0,98.21,1.79,50000.0
0.0,0.0,0.0,0.0,98.21,1.79,50000.0
0.0,0.0,0.0,0.0,98.21,1.79,50000.0
0.0,0.0,0.0,0.0,98.21,1.79,50000.0
0.0,0.0,0.0,0.0,98.21,1.79,50000.0
0.0,0.0,0.0,0.0,98.21,1.79,50000.0
0.0,0.0,0.0,0.0,98.21,1.79,50000.0
0.0,0.0,0.0,0.0,98.21,1.79,50000.0
0.0,0.0,0.0,0.0,98.21,1.79,50000.0
0.0,0.0,0.0,0.0,98.21,1.79,50000.0
0.0,0.0,0.0,0.0,98.21,1.79,50000.0
0.0,0.0,0.0,0.0,98.21,1.79,50000.0
0.0,0.0,0.0,0.0,98.21,1.79,50000.0
0.0,0.0,0.0,0.0,98.21,1.79,50000.0
0.0,0.0,0.0,0.0,98.21,1.79,50000.0
0.0,0.0,0.0,0.0,98.21,1.79,50000.0
0.0,0.0,0.0,0.0,98.21,1.79,50000.0
0.0,0.0,0.0,0.0,98.21,1.79,50000.0
0.0,0.0,0.0,0.0,98.21,1.79,50000.0
0.0,0.0,0.0,0.0,98.21,1.79,50000.0
0.0,0.0,0.0,0.0,98.21,1.79,50000.0
0.0,0.0,0.0,0.0,98.21,1.79,50000.0
0.0,0.0,0.0,0.0,98.21,1.79,50000.0
0.0,0.0,0.0,0.0,98.21,1.79,50000.0
0.0,0.0,0.0,0.0,98.21,1.79,50000.0
0.0,0.0,0.0,0.0,98.21,1.79,50000.0
0.0,0.0,0.0,0.0,98.21,1.79,50000.0
0.0,0.0,0.0,0.0,98.21,1.79,50000.0
0.0,0.0,0.0,0.0,98.21,1.79,50000.0
0.0,0.0,0.0,0.0,98.21,1.79,50000.0
0.0,0.0,0.0,0.0,98.21,1.79,50000.0
0.0,0.0,0.0,0.0,98.21,1.79,50000.0
0.0,0.0,0.0,0.0,98.21,1.79,50000.0
0.0,0.0,0.0,0.0,98.21,1.79,50000.0
0.0,0.0,0.0,0.0,98.21,1.79,50000.0
0.0,0.0,0.0,0.0,98.21,1.79,50000.0
0.0,0.0,0.0,0.0,98.21,1.79,50000.0
0.0,0.0,0.0,0.0,98.21,1.79,50000.0
0.0,0.0,0.0,0.0,98.21,1.79,50000.0