incubando,i_mild,i_grave,susceptibles,recuperados,muertos,infectados_totales
0.01,0.0,0.0,99.99,0.0,0.0,5.0
0.03,0.0,0.0,99.97,0.0,0.0,14.8
0.06,0.0,0.0,99.94,0.0,0.0,28.0
0.1,0.0,0.0,99.9,0.0,0.0,47.6
0.15,0.0,0.0,99.85,0.0,0.0,74.2
0.21,0.0,0.0,99.79,0.0,0.0,106.2
0.31,0.0,0.0,99.69,0.0,0.0,153.6
0.43,0.01,0.0,99.56,0.0,0.0,220.4
0.59,0.02,0.01,99.38,0.0,0.0,312.2
0.8,0.04,0.01,99.14,0.0,0.0,427.8
1.09,0.07,0.02,98.82,0.0,0.0,591.0
1.49,0.11,0.04,98.36,0.0,0.0,818.2
2.04,0.16,0.05,97.75,0.0,0.0,1125.8
2.8,0.23,0.08,96.89,0.0,0.0,1555.4
3.74,0.32,0.12,95.82,0.0,0.0,2088.2
5.13,0.45,0.17,94.24,0.0,0.0,2878.4
6.89,0.61,0.24,92.26,0.0,0.0,3872.0
9.19,0.85,0.33,89.62,0.01,0.0,5188.2
12.29,1.15,0.46,86.08,0.02,0.0,6962.4
16.15,1.57,0.64,81.6,0.04,0.0,9201.2
20.86,2.15,0.89,76.03,0.07,0.0,11983.8
26.63,2.88,1.18,69.2,0.11,0.01,15401.8
33.14,3.94,1.64,61.1,0.16,0.01,19449.2
40.02,5.27,2.22,52.24,0.23,0.02,23880.8
46.83,7.03,2.99,42.79,0.32,0.03,28604.4
52.52,9.43,4.0,33.56,0.45,0.04,33222.2
56.53,12.46,5.27,25.07,0.61,0.05,37466.0
58.16,16.16,6.89,17.87,0.85,0.07,41063.8
57.16,20.67,8.86,12.03,1.18,0.09,43983.8
53.41,26.03,11.13,7.69,1.62,0.12,46153.2
47.52,31.73,13.65,4.72,2.23,0.16,47640.4
39.97,37.61,16.39,2.82,3.01,0.19,48589.0
31.95,43.03,19.03,1.61,4.13,0.24,49195.4
24.17,47.62,21.44,0.9,5.55,0.31,49550.0
17.39,50.84,23.49,0.48,7.43,0.38,49760.6
11.78,52.45,25.08,0.25,9.99,0.45,49873.6
7.55,52.29,26.25,0.14,13.24,0.53,49929.8
4.64,50.5,26.93,0.08,17.24,0.61,49961.0
2.78,46.99,27.33,0.04,22.15,0.71,49980.2
1.59,42.06,27.47,0.02,28.08,0.78,49988.0
0.89,36.26,27.44,0.01,34.54,0.86,49993.8
0.47,29.89,27.25,0.01,41.44,0.95,49996.2
0.25,23.53,26.95,0.0,48.24,1.03,49997.6
0.14,17.61,26.46,0.0,54.68,1.11,49998.4
0.08,12.59,25.86,0.0,60.29,1.19,49999.2
0.04,8.48,25.06,0.0,65.16,1.26,49999.6
0.02,5.45,24.03,0.0,69.16,1.33,50000.0
0.01,3.32,22.77,0.0,72.5,1.41,50000.0
0.01,1.99,21.17,0.0,75.35,1.48,50000.0
0.0,1.12,19.23,0.0,78.1,1.54,50000.0
0.0,0.63,17.01,0.0,80.76,1.6,50000.0
0.0,0.34,14.55,0.0,83.46,1.65,50000.0
0.0,0.18,11.9,0.0,86.23,1.69,50000.0
0.0,0.1,9.33,0.0,88.84,1.73,50000.0
0.0,0.06,6.97,0.0,91.22,1.75,50000.0
0.0,0.03,4.94,0.0,93.25,1.78,50000.0
0.0,0.02,3.33,0.0,94.86,1.79,50000.0
0.0,0.01,2.1,0.0,96.09,1.8,50000.0
0.0,0.01,1.32,0.0,96.87,1.81,50000.0
0.0,0.0,0.78,0.0,97.4,1.81,50000.0
0.0,0.0,0.45,0.0,97.73,1.82,50000.0
0.0,0.0,0.25,0.0,97.93,1.82,50000.0
0.0,0.0,0.13,0.0,98.05,1.82,50000.0
0.0,0.0,0.07,0.0,98.12,1.82,50000.0
0.0,0.0,0.04,0.0,98.14,1.82,50000.0
0.0,0.0,0.02,0.0,98.16,1.82,50000.0
0.0,0.0,0.01,0.0,98.17,1.82,50000.0
0.0,0.0,0.01,0.0,98.18,1.82,50000.0
0.0,0.0,0.0,0.0,98.18,1.82,50000.0
0.0,0.0,0.0,0.0,98.18,1.82,50000.0
0.0,0.0,0.0,0.0,98.18,1.82,50000.0
0.0,0.0,0.0,0.0,98.18,1.82,50000.0
0.0,0.0,0.0,0.0,98.18,1.82,50000.0
0.0,0.0,0.0,0.0,98.18,1.82,50000.0
0.0,0.0,0.0,0.0,98.18,1.82,50000.0
0.0,0.0,0.0,0.0,98.18,1.82,50000.0
0.0,0.0,0.0,0.0,98.18,1.82,50000.0
0.0,0.0,0.0,0.0,98.18,1.82,50000.0
0.0,0.0,0.0,0.0,98.18,1.82,50000.0
0.0,0.0,0.0,0.0,98.18,1.82,50000.0
0.0,0.0,0.0,0.0,98.18,1.82,50000.0
0.0,0.0,0.0,0.0,98.18,1.82,50000.0
0.0,0.0,0.0,0.0,98.18,1.82,50000.0
0.0,0.0,0.0,0.0,98.18,1.82,50000.0
0.0,0.0,0.0,0.0,98.18,1.82,50000.0
0.0,0.0,0.0,0.0,98.18,1.82,50000.0
0.0,0.0,0.0,0.0,98.18,1.82,50000.0
0.0,0.0,0.0,0.0,98.18,1.82,50000.0
0.0,0.0,0.0,0.0,98.18,1.82,50000.0
0.0,0.0,0.0,0.0,98.18,1.82,50000.0
0.0,0.0,0.0,0.0,98.18,1.82,50000.0
0.0,0.0,0.0,0.0,98.18,1.82,50000.0
0.0,0.0,0.0,0.0,98.18,1.82,50000.0
0.0,0.0,0.0,0.0,98.18,1.82,50000.0
0.0,0.0,0.0,0.0,98.18,1.82,50000.0
0.0,0.0,0.0,0.0,98.18,1.82,50000.0
0.0,0.0,0.0,0.0,98.18,1.82,50000.0
0.0,0.0,0.0,0.0,98.18,1.82,50000.0
0.0,0.0,0.0,0.0,98.18,1.82,50000.0
0.0,0.0,0.0,0.0,98.18,1.82,50000.0
0.0,0.0,0.0,0.0,98.18,1.82,50000.0
0.0,0.0,0.0,0.0,98.18,1.82,50000.0
0.0,0.0,0.0,0.0,98.18,1.82,50000.0
0.0,0.0,0.0,0.0,98.18,1.82,50000.0
0.0,0.0,0.0,0.0,98.18,1.82,50000.0
0.0,0.0,0.0,0.0,98.18,1.82,50000.0
0.0,0.0,0.0,0.0,98.18,1.82,50000.0
0.0,0.0,0.0,0.0,98.18,1.82,50000.0
0.0,0.0,0.0,0.0,98.18,1.82,50000.0
0.0,0.0,0.0,0.0,98.18,1.82,50000.0
0.0,0.0,0.0,0.0,98.18,1.82,50000.0
0.0,0.0,0.0,0.0,98.18,1.82,50000.0
0.0,0.0,0.0,0.0,98.18,1.82,50000.0
0.0,0.0,0.0,0.0,98.18,1.82,50000.0
0.0,0.0,0.0,0.0,98.18,1.82,50000.0
0.0,0.0,0.0,0.0,98.18,1.82,50000.0
0.0,0.0,0.0,0.0,98.18,1.82,50000.0
0.0,0.0,0.0,0.0,98.18,1.82,50000.0
0.0,0.0,0.0,0.0,98.18,1.82,50000.0
0.0,0.0,0.0,0.0,98.18,1.82,50000.0
0.0,0.0,0.0,0.0,98.18,1.82,50000.0
0.0,0.0,0.0,0.0,98.18,1.82,50000.0
0.0,0.0,0.0,0.0,98.18,1.82,50000.0
0.0,0.0,0.0,0.0,98.18,1.82,50000.0
0.0,0.0,0.0,0.0,98.18,1.82,50000.0
0.0,0.0,0.0,0.0,98.18,1.82,50000.0
0.0,0.0,0.0,0.0,98.18,1.82,50000.0
0.0,0.0,0.0,0.0,98.18,1.82,50000.0
0.0,0.0,0.0,0.0,98.18,1.82,50000.0
0.0,0.0,0.0,0.0,98.18,1.82,50000.0
0.0,0.0,0.0,0.0,98.18,1.82,50000.0
0.0,0.0,0.0,0.0,98.18,1.82,50000.0
0.0,0.0,0.0,0.0,98.18,1.82,50000.0
0.0,0.0,0.0,0.0,98.18,1.82,50000.0
0.0,0.0,0.0,0.0,98.18,1.82,50000.0
0.0,0.0,0.0,0.0,98.18,1.82,50000.0
0.0,0.0,0.0,0.0,98.18,1.82,50000.0
0.0,0.0,0.0,0.0,98.18,1.82,50000.0
0.0,0.0,0.0,0.0,98.18,1.82,50000.0
0.0,0.0,0.0,0.0,98.18,1.82,50000.0
0.0,0.0,0.0,0.0,98.18,1.82,50000.0
0.0,0.0,0.0,0.0,98.18,1.82,50000.0
0.0,0.0,0.0,0.0,98.18,1.82,50000.0
0.0,0.0,0.0,0.0,98.18,1.82,50000.0
0.0,0.0,0.0,0.0,98.18,1.82,50000.0
0.0,0.0,0.0,0.0,98.18,1.82,50000.0
0.0,0.0,0.0,0.0,98.18,1.82,50000.0
0.0,0.0,0.0,0.0,98.18,1.82,50000.0
0.0,0.0,0.0,0.0,98.18,1.82,50000.0
0.0,0.0,0.0,0.0,98.18,1.82,50000.0
0.0,0.0,0.0,0.0,98.18,1.82,50000.0
0.0,0.0,0.0,0.0,98.18,1.82,50000.0
0.0,0.0,0.0,0.0,98.18,1.82,50000.0
0.0,0.0,0.0,0.0,98.18,1.82,50000.0
0.0,0.0,0.0,0.0,98.18,1.82,50000.0
0.0,0.0,0.0,0.0,98.18,1.82,50000.0
0.0,0.0,0.0,0.0,98.18,1.82,50000.0
0.0,0.0,0.0,0.0,98.18,1.82,50000.0
0.0,0.0,0.0,0.0,98.18,1.82,50000.0
0.0,0.0,0.0,0.0,98.18,1.82,50000.0
0.0,0.0,0.0,0.0,98.18,1.82,50000.0
0.0,0.0,0.0,0.0,98.18,1.82,50000.0
0.0,0.0,0.0,0.0,98.18,1.82,50000.0
0.0,0.0,0.0,0.0,98.18,1.82,50000.0
0.0,0.0,0.0,0.0,98.18,1.82,50000.0
0.0,0.0,0.0,0.0,98.18,1.82,50000.0
0.0,0.0,0.0,0.0,98.18,1.82,50000.0
0.0,0.0,0.0,0.0,98.18,1.82,50000.0
0.0,0.0,0.0,0.0,98.18,1.82,50000.0
0.0,0.0,0.0,0.0,98.18,1.82,50000.0
0.0,0.0,0.0,0.0,98.18,1.82,50000.0
0.0,0.0,0.0,0.0,98.18,1.82,50000.0
0.0,0.0,0.0,0.0,98.18,1.82,50000.0
0.0,0.0,0.0,0.0,98.18,1.82,50000.0
0.0,0.0,0.0,0.0,98.18,1.82,50000.0
0.0,0.0,0.0,0.0,98.18,1.82,50000.0
0.0,0.0,0.0,0.0,98.18,1.82,50000.0
0.0,0.0,0.0,0.0,98.18,1.82,50000.0
0.0,0.0,0.0,0.0,98.18,1.82,50000.0
0.0,0.0,0.0,0.0,98.18,1.82,50000.0
0.0,0.0,0.0,0.0,98.18,1.82,50000.0
0.0,0.0,0.0,0.0,98.18,1.82,50000.0
0.0,0.0,0.0,0.0,98.18,1.82,50000.0
0.0,0.0,0.0,0.0,98.18,1.82,50000.0
0.0,0.0,0.0,0.0,98.18,1.82,50000.0
0.0,0.0,0.0,0.0,98.18,1.82,50000.0
0.0,0.0,0.0,0.0,98.18,1.82,50000.0
0.0,0.0,0.0,0.0,98.18,1.82,50000.0
0.0,0.0,0.0,0.0,98.18,1.82,50000.0
0.0,0.0,0.0,0.0,98.18,1.82,50000.0
0.0,0.0,0.0,0.0,98.18,1.82,50000.0
0.0,0.0,0.0,0.0,98.18,1.82,50000.0
0.0,0.0,0.0,0.0,98.18,1.82,50000.0
0.0,0.0,0.0,0.0,98.18,1.82,50000.0
0.0,0.0,0.0,0.0,98.18,1.82,50000.0
0.0,0.0,0.0,0.0,98.18,1.82,50000.0
0.0,0.0,0.0,0.0,98.18,1.82,50000.0
0.0,0.0,0.0,0.0,98.18,1.82,50000.0
0.0,0.0,0.0,0.0,98.18,1.82,50000.0
0.0,0.0,0.0,0.0,98.18,1.82,50000.0
0.0,0.0,0.0,0.0,98.18,1.82,50000.0
0.0,0.0,0.0,0.0,98.18,1.82,50000.0
0.0,0.0,0.0,0.0,98.18,1.82,50000.0
0.0,0.0,0.0,0.0,98.18,1.82,50000.0
0.0,0.0,0.0,0.0,98.18,1.82,50000.0
0.0,0.0,0.0,0.0,98.18,1.82,50000.0
0.0,0.0,0.0,0.0,98.18,1.82,50000.0
0.0,0.0,0.0,0.0,98.18,1.82,50000.0
0.0,0.0,0.0,0.0,98.18,1.82,50000.0
0.0,0.0,0.0,0.0,98.18,1.82,50000.0
0.0,0.0,0.0,0.0,98.18,1.82,50000.0
0.0,0.0,0.0,0.0,98.18,1.82,50000.0
0.0,0.0,0.0,0.0,98.18,1.82,50000.0
0.0,0.0,0.0,0.0,98.18,1.82,50000.0
0.0,0.0,0.0,0.0,98.18,1.82,50000.0
0.0,0.0,0.0,0.0,98.18,1.82,50000.0
0.0,0.0,0.0,0.0,98.18,1.82,50000.0
0.0,0.0,0.0,0.0,98.18,1.82,50000.0
0.0,0.0,0.0,0.0,98.18,1.82,50000.0
0.0,0.0,0.0,0.0,98.18,1.82,50000.0
0.0,0.0,0.0,0.0,98.18,1.82,50000.0
0.0,0.0,0.0,0.0,98.18,1.82,50000.0
0.0,0.0,0.0,0.0,98.18,1.82,50000.0
0.0,0.0,0.0,0.0,98.18,1.82,50000.0
0.0,0.0,0.0,0.0,98.18,1.82,50000.0
0.0,0.0,0.0,0.0,98.18,1.82,50000.0
0.0,0.0,0.0,0.0,98.18,1.82,50000.0
0.0,0.0,0.0,0.0,98.18,1.82,50000.0
0.0,0.0,0.0,0.0,98.18,1.82,50000.0
0.0,0.0,0.0,0.0,98.18,1.82,50000.0
0.0,0.0,0.0,0.0,98.18,1.82,50000.0
0.0,0.0,0.0,0.0,98.18,1.82,50000.0
0.0,0.0,0.0,0.0,98.18,1.82,50000.0
0.0,0.0,0.0,0.0,98.18,1.82,50000.0
0.0,0.0,0.0,0.0,98.18,1.82,50000.0
0.0,0.0,0.0,0.0,98.18,1.82,50000.0
0.0,0.0,0.0,0.0,98.18,1.82,50000.0
0.0,0.0,0.0,0.0,98.18,1.82,50000.0
0.0,0.0,0.0,0.0,98.18,1.82,50000.0
0.0,0.0,0.0,0.0,98.18,1.82,50000.0
0.0,0.0,0.0,0.0,98.18,1.82,50000.0
0.0,0.0,0.0,0.0,98.18,1.82,50000.0
0.0,0.0,0.0,0.0,98.18,1.82,50000.0
0.0,0.0,0.0,0.0,98.18,1.82,50000.0
0.0,0.0,0.0,0.0,98.18,1.82,50000.0
0.0,0.0,0.0,0.0,98.18,1.82,50000.0
0.0,0.0,0.0,0.0,98.18,1.82,50000.0
0.0,0.0,0.0,0.0,98.18,1.82,50000.0
0.0,0.0,0.0,0.0,98.18,1.82,50000.0
0.0,0.0,0.0,0.0,98.18,1.82,50000.0
0.0,0.0,0.0,0.0,98.18,1.82,50000.0
0.0,0.0,0.0,0.0,98.18,1.82,50000.0
0.0,0.0,0.0,0.0,98.18,1.82,50000.0
0.0,0.0,0.0,0.0,98.18,1.82,50000.0
0.0,0.0,0.0,0.0,98.18,1.82,50000.0
0.0,0.0,0.0,0.0,98.18,1.82,50000.0
0.0,0.0,0.0,0.0,98.18,1.82,50000.0
0.0,0.0,0.0,0.0,98.18,1.82,50000.0
0.0,0.0,0.0,0.0,98.18,1.82,50000.0
0.0,0.0,0.0,0.0,98.18,1.82,50000.0
0.0,0.0,0.0,0.0,98.18,1.82,50000.0
0.0,0.0,0.0,0.0,98.18,1.82,50000.0
0.0,0.0,0.0,0.0,98.18,1.82,50000.0
0.0,0.0,0.0,0.0,98.18,1.82,50000.0
0.0,0.0,0.0,0.0,98.18,1.82,50000.0
0.0,0.0,0.0,0.0,98.18,1.82,50000.0
0.0,0.0,0.0,0.0,98.18,1.82,50000.0
0.0,0.0,0.0,0.0,98.18,1.82,50000.0
0.0,0.0,0.0,0.0,98.18,1.82,50000.0
0.0,0.0,0.0,0.0,98.18,1.82,50000.0
0.0,0.0,0.0,0.0,98.18,1.82,50000.0
0.0,0.0,0.0,0.0,98.18,1.82,50000.0
0.0,0.0,0.0,0.0,98.18,1.82,50000.0
0.0,0.0,0.0,0.0,98.18,1.82,50000.0
0.0,0.0,0.0,0.0,98.18,1.82,50000.0
0.0,0.0,0.0,0.0,98.18,1.82,50000.0
0.0,0.0,0.0,0.0,98.18,1.82,50000.0
0.0,0.0,0.0,0.0,98.18,1.82,50000.0
0.0,0.0,0.0,0.0,98.18,1.82,50000.0
0.0,0.0,0.0,0.0,98.18,1.82,50000.0
0.0,0.0,0.0,0.0,98.18,1.82,50000.0
0.0,0.0,0.0,0.0,98.18,1.82,50000.0
0.0,0.0,0.0,0.0,98.18,1.82,50000.0
0.0,0.0,0.0,0.0,98.18,1.82,50000.0
0.0,0.0,0.0,0.0,98.18,1.82,50000.0
0.0,0.0,0.0,0.0,98.18,1.82,50000.0
0.0,0.0,0.0,0.0,98.18,1.82,50000.0
0.0,0.0,0.0,0.0,98.18,1.82,50000.0
0.0,0.0,0.0,0.0,98.18,1.82,50000.0
0.0,0.0,0.0,0.0,98.18,1.82,50000.0
0.0,0.0,0.0,0.0,98.18,1.82,50000.0
0.0,0.0,0.0,0.0,98.18,1.82,50000.0
0.0,0.0,0.0,0.0,98.18,1.82,50000.0
0.0,0.0,0.0,0.0,98.18,1.82,50000.0
0.0,0.0,0.0,0.0,98.18,1.82,50000.0
0.0,0.0,0.0,0.0,98.18,1.82,50000.0
0.0,0.0,0.0,0.0,98.18,1.82,50000.0
0.0,0.0,0.0,0.0,98.18,1.82,50000.0
0.0,0.0,0.0,0.0,98.18,1.82,50000.0
0.0,0.0,0.0,0.0,98.18,1.82,50000.0