incubando,i_mild,i_grave,susceptibles,recuperados,muertos
1.0,0.0,0.0,99.0,0.0,0.0
2.91,0.0,0.0,97.09,0.0,0.0
3.89,0.0,0.0,96.11,0.0,0.0
4.94,0.0,0.0,95.06,0.0,0.0
6.11,0.0,0.0,93.89,0.0,0.0
7.49,0.0,0.0,92.51,0.0,0.0
8.98,0.0,0.0,91.02,0.0,0.0
9.89,0.71,0.29,89.1,0.0,0.0
10.02,2.04,0.87,87.06,0.0,0.0
11.14,2.74,1.14,84.97,0.0,0.0
12.48,3.48,1.45,82.58,0.0,0.01
13.96,4.31,1.79,79.92,0.0,0.01
15.18,5.29,2.19,77.33,0.0,0.02
16.44,6.34,2.62,74.58,0.0,0.02
17.46,7.68,3.18,71.64,0.0,0.03
18.38,9.13,3.77,68.68,0.0,0.04
19.14,10.62,4.36,65.83,0.0,0.05
19.54,11.6,5.06,63.04,0.71,0.06
19.52,12.14,5.82,60.4,2.04,0.08
19.6,13.29,6.55,57.73,2.74,0.09
19.27,14.51,7.31,55.32,3.48,0.11
18.54,15.76,8.15,53.1,4.31,0.14
17.82,16.89,8.98,50.86,5.29,0.16
16.94,17.86,9.78,48.89,6.34,0.18
16.13,18.5,10.56,46.91,7.68,0.21
15.28,18.93,11.29,45.12,9.13,0.25
14.17,19.34,12.04,43.56,10.62,0.28
13.22,19.36,12.7,42.1,12.31,0.32
12.36,19.06,13.02,40.74,14.46,0.36
11.34,18.8,13.11,39.52,16.85,0.39
10.42,18.23,13.37,38.48,19.07,0.43
9.42,17.55,13.63,37.49,21.44,0.47
8.54,16.7,13.79,36.59,23.86,0.52
7.8,15.79,13.82,35.76,26.27,0.56
7.0,14.85,13.78,35.1,28.67,0.6
6.23,13.94,13.61,34.51,31.07,0.64
5.49,12.9,13.37,34.02,33.53,0.68
4.9,11.93,13.06,33.58,35.81,0.72
4.35,11.05,12.64,33.14,38.05,0.76
3.76,10.11,12.14,32.83,40.36,0.8
3.18,9.29,11.64,32.58,42.47,0.84
2.8,8.37,11.07,32.3,44.59,0.87
2.41,7.52,10.41,32.09,46.66,0.91
2.08,6.75,9.71,31.94,48.58,0.94
1.73,6.03,9.03,31.84,50.39,0.97
1.42,5.38,8.37,31.72,52.11,1.0
1.25,4.73,7.73,31.58,53.69,1.02
1.06,4.18,7.04,31.52,55.16,1.05
0.82,3.68,6.44,31.48,56.52,1.07
0.66,3.18,5.88,31.43,57.75,1.09
0.54,2.71,5.29,31.4,58.96,1.1
0.48,2.3,4.77,31.37,59.96,1.12
0.38,1.98,4.24,31.34,60.92,1.14
0.25,1.73,3.77,31.33,61.76,1.15
0.2,1.46,3.36,31.32,62.51,1.16
0.18,1.18,2.97,31.3,63.21,1.17
0.13,0.99,2.6,31.3,63.8,1.18
0.11,0.84,2.26,31.29,64.32,1.18
0.08,0.66,1.98,31.29,64.81,1.19
0.06,0.53,1.71,31.29,65.22,1.2
0.04,0.42,1.47,31.29,65.57,1.2
0.04,0.37,1.24,31.29,65.87,1.21
0.01,0.3,1.06,31.29,66.13,1.21
0.01,0.2,0.89,31.29,66.4,1.21
0.0,0.16,0.76,31.29,66.57,1.22
0.0,0.13,0.64,31.29,66.72,1.22
0.0,0.1,0.52,31.29,66.87,1.22
0.0,0.08,0.43,31.29,66.98,1.22
0.0,0.06,0.36,31.29,67.07,1.22
0.0,0.04,0.28,31.29,67.16,1.23
0.0,0.03,0.22,31.29,67.23,1.23
0.0,0.03,0.18,31.29,67.27,1.23
0.0,0.01,0.16,31.29,67.32,1.23
0.0,0.01,0.12,31.29,67.35,1.23
0.0,0.0,0.08,31.29,67.4,1.23
0.0,0.0,0.06,31.29,67.42,1.23
0.0,0.0,0.05,31.29,67.43,1.23
0.0,0.0,0.04,31.29,67.44,1.23
0.0,0.0,0.03,31.29,67.45,1.23
0.0,0.0,0.02,31.29,67.46,1.23
0.0,0.0,0.01,31.29,67.47,1.23
0.0,0.0,0.01,31.29,67.47,1.23
0.0,0.0,0.01,31.29,67.47,1.23
0.0,0.0,0.0,31.29,67.48,1.23
0.0,0.0,0.0,31.29,67.48,1.23
0.0,0.0,0.0,31.29,67.48,1.23
0.0,0.0,0.0,31.29,67.48,1.23
0.0,0.0,0.0,31.29,67.48,1.23
0.0,0.0,0.0,31.29,67.48,1.23
0.0,0.0,0.0,31.29,67.48,1.23
0.0,0.0,0.0,31.29,67.48,1.23
0.0,0.0,0.0,31.29,67.48,1.23
0.0,0.0,0.0,31.29,67.48,1.23
0.0,0.0,0.0,31.29,67.48,1.23
0.0,0.0,0.0,31.29,67.48,1.23
0.0,0.0,0.0,31.29,67.48,1.23
0.0,0.0,0.0,31.29,67.48,1.23
0.0,0.0,0.0,31.29,67.48,1.23
0.0,0.0,0.0,31.29,67.48,1.23
0.0,0.0,0.0,31.29,67.48,1.23
0.0,0.0,0.0,31.29,67.48,1.23
0.0,0.0,0.0,31.29,67.48,1.23
0.0,0.0,0.0,31.29,67.48,1.23
0.0,0.0,0.0,31.29,67.48,1.23
0.0,0.0,0.0,31.29,67.48,1.23
0.0,0.0,0.0,31.29,67.48,1.23
0.0,0.0,0.0,31.29,67.48,1.23
0.0,0.0,0.0,31.29,67.48,1.23
0.0,0.0,0.0,31.29,67.48,1.23
0.0,0.0,0.0,31.29,67.48,1.23
0.0,0.0,0.0,31.29,67.48,1.23
0.0,0.0,0.0,31.29,67.48,1.23
0.0,0.0,0.0,31.29,67.48,1.23
0.0,0.0,0.0,31.29,67.48,1.23
0.0,0.0,0.0,31.29,67.48,1.23
0.0,0.0,0.0,31.29,67.48,1.23
0.0,0.0,0.0,31.29,67.48,1.23
0.0,0.0,0.0,31.29,67.48,1.23
0.0,0.0,0.0,31.29,67.48,1.23
0.0,0.0,0.0,31.29,67.48,1.23
0.0,0.0,0.0,31.29,67.48,1.23
0.0,0.0,0.0,31.29,67.48,1.23
0.0,0.0,0.0,31.29,67.48,1.23
0.0,0.0,0.0,31.29,67.48,1.23
0.0,0.0,0.0,31.29,67.48,1.23
0.0,0.0,0.0,31.29,67.48,1.23
0.0,0.0,0.0,31.29,67.48,1.23
0.0,0.0,0.0,31.29,67.48,1.23
0.0,0.0,0.0,31.29,67.48,1.23
0.0,0.0,0.0,31.29,67.48,1.23
0.0,0.0,0.0,31.29,67.48,1.23
0.0,0.0,0.0,31.29,67.48,1.23
0.0,0.0,0.0,31.29,67.48,1.23
0.0,0.0,0.0,31.29,67.48,1.23
0.0,0.0,0.0,31.29,67.48,1.23
0.0,0.0,0.0,31.29,67.48,1.23
0.0,0.0,0.0,31.29,67.48,1.23
0.0,0.0,0.0,31.29,67.48,1.23
0.0,0.0,0.0,31.29,67.48,1.23
0.0,0.0,0.0,31.29,67.48,1.23
0.0,0.0,0.0,31.29,67.48,1.23
0.0,0.0,0.0,31.29,67.48,1.23
0.0,0.0,0.0,31.29,67.48,1.23
0.0,0.0,0.0,31.29,67.48,1.23
0.0,0.0,0.0,31.29,67.48,1.23
0.0,0.0,0.0,31.29,67.48,1.23
0.0,0.0,0.0,31.29,67.48,1.23
0.0,0.0,0.0,31.29,67.48,1.23
0.0,0.0,0.0,31.29,67.48,1.23
0.0,0.0,0.0,31.29,67.48,1.23
0.0,0.0,0.0,31.29,67.48,1.23
0.0,0.0,0.0,31.29,67.48,1.23
0.0,0.0,0.0,31.29,67.48,1.23
0.0,0.0,0.0,31.29,67.48,1.23
0.0,0.0,0.0,31.29,67.48,1.23
0.0,0.0,0.0,31.29,67.48,1.23
0.0,0.0,0.0,31.29,67.48,1.23
0.0,0.0,0.0,31.29,67.48,1.23
0.0,0.0,0.0,31.29,67.48,1.23
0.0,0.0,0.0,31.29,67.48,1.23
0.0,0.0,0.0,31.29,67.48,1.23
0.0,0.0,0.0,31.29,67.48,1.23
0.0,0.0,0.0,31.29,67.48,1.23
0.0,0.0,0.0,31.29,67.48,1.23
0.0,0.0,0.0,31.29,67.48,1.23
0.0,0.0,0.0,31.29,67.48,1.23
0.0,0.0,0.0,31.29,67.48,1.23
0.0,0.0,0.0,31.29,67.48,1.23
0.0,0.0,0.0,31.29,67.48,1.23
0.0,0.0,0.0,31.29,67.48,1.23
0.0,0.0,0.0,31.29,67.48,1.23
0.0,0.0,0.0,31.29,67.48,1.23
0.0,0.0,0.0,31.29,67.48,1.23
0.0,0.0,0.0,31.29,67.48,1.23
0.0,0.0,0.0,31.29,67.48,1.23
0.0,0.0,0.0,31.29,67.48,1.23
0.0,0.0,0.0,31.29,67.48,1.23
0.0,0.0,0.0,31.29,67.48,1.23
0.0,0.0,0.0,31.29,67.48,1.23
0.0,0.0,0.0,31.29,67.48,1.23
0.0,0.0,0.0,31.29,67.48,1.23
0.0,0.0,0.0,31.29,67.48,1.23
0.0,0.0,0.0,31.29,67.48,1.23
0.0,0.0,0.0,31.29,67.48,1.23
0.0,0.0,0.0,31.29,67.48,1.23
0.0,0.0,0.0,31.29,67.48,1.23
0.0,0.0,0.0,31.29,67.48,1.23
0.0,0.0,0.0,31.29,67.48,1.23
0.0,0.0,0.0,31.29,67.48,1.23
0.0,0.0,0.0,31.29,67.48,1.23
0.0,0.0,0.0,31.29,67.48,1.23
0.0,0.0,0.0,31.29,67.48,1.23
0.0,0.0,0.0,31.29,67.48,1.23
0.0,0.0,0.0,31.29,67.48,1.23
0.0,0.0,0.0,31.29,67.48,1.23
0.0,0.0,0.0,31.29,67.48,1.23
0.0,0.0,0.0,31.29,67.48,1.23
0.0,0.0,0.0,31.29,67.48,1.23
0.0,0.0,0.0,31.29,67.48,1.23
0.0,0.0,0.0,31.29,67.48,1.23
0.0,0.0,0.0,31.29,67.48,1.23
0.0,0.0,0.0,31.29,67.48,1.23
0.0,0.0,0.0,31.29,67.48,1.23
0.0,0.0,0.0,31.29,67.48,1.23
0.0,0.0,0.0,31.29,67.48,1.23
0.0,0.0,0.0,31.29,67.48,1.23
0.0,0.0,0.0,31.29,67.48,1.23
0.0,0.0,0.0,31.29,67.48,1.23
0.0,0.0,0.0,31.29,67.48,1.23
0.0,0.0,0.0,31.29,67.48,1.23
0.0,0.0,0.0,31.29,67.48,1.23
0.0,0.0,0.0,31.29,67.48,1.23
0.0,0.0,0.0,31.29,67.48,1.23
0.0,0.0,0.0,31.29,67.48,1.23
0.0,0.0,0.0,31.29,67.48,1.23
0.0,0.0,0.0,31.29,67.48,1.23
0.0,0.0,0.0,31.29,67.48,1.23
0.0,0.0,0.0,31.29,67.48,1.23
0.0,0.0,0.0,31.29,67.48,1.23
0.0,0.0,0.0,31.29,67.48,1.23
0.0,0.0,0.0,31.29,67.48,1.23
0.0,0.0,0.0,31.29,67.48,1.23
0.0,0.0,0.0,31.29,67.48,1.23
0.0,0.0,0.0,31.29,67.48,1.23
0.0,0.0,0.0,31.29,67.48,1.23
0.0,0.0,0.0,31.29,67.48,1.23
0.0,0.0,0.0,31.29,67.48,1.23
0.0,0.0,0.0,31.29,67.48,1.23
0.0,0.0,0.0,31.29,67.48,1.23
0.0,0.0,0.0,31.29,67.48,1.23
0.0,0.0,0.0,31.29,67.48,1.23
0.0,0.0,0.0,31.29,67.48,1.23
0.0,0.0,0.0,31.29,67.48,1.23
0.0,0.0,0.0,31.29,67.48,1.23
0.0,0.0,0.0,31.29,67.48,1.23
0.0,0.0,0.0,31.29,67.48,1.23
0.0,0.0,0.0,31.29,67.48,1.23
0.0,0.0,0.0,31.29,67.48,1.23
0.0,0.0,0.0,31.29,67.48,1.23
0.0,0.0,0.0,31.29,67.48,1.23
0.0,0.0,0.0,31.29,67.48,1.23
0.0,0.0,0.0,31.29,67.48,1.23
0.0,0.0,0.0,31.29,67.48,1.23
0.0,0.0,0.0,31.29,67.48,1.23
0.0,0.0,0.0,31.29,67.48,1.23
0.0,0.0,0.0,31.29,67.48,1.23
0.0,0.0,0.0,31.29,67.48,1.23
0.0,0.0,0.0,31.29,67.48,1.23
0.0,0.0,0.0,31.29,67.48,1.23
0.0,0.0,0.0,31.29,67.48,1.23
0.0,0.0,0.0,31.29,67.48,1.23
0.0,0.0,0.0,31.29,67.48,1.23
0.0,0.0,0.0,31.29,67.48,1.23
0.0,0.0,0.0,31.29,67.48,1.23
0.0,0.0,0.0,31.29,67.48,1.23
0.0,0.0,0.0,31.29,67.48,1.23
0.0,0.0,0.0,31.29,67.48,1.23
0.0,0.0,0.0,31.29,67.48,1.23
0.0,0.0,0.0,31.29,67.48,1.23
0.0,0.0,0.0,31.29,67.48,1.23
0.0,0.0,0.0,31.29,67.48,1.23
0.0,0.0,0.0,31.29,67.48,1.23
0.0,0.0,0.0,31.29,67.48,1.23
0.0,0.0,0.0,31.29,67.48,1.23
0.0,0.0,0.0,31.29,67.48,1.23
0.0,0.0,0.0,31.29,67.48,1.23
0.0,0.0,0.0,31.29,67.48,1.23
0.0,0.0,0.0,31.29,67.48,1.23
0.0,0.0,0.0,31.29,67.48,1.23
0.0,0.0,0.0,31.29,67.48,1.23
0.0,0.0,0.0,31.29,67.48,1.23
0.0,0.0,0.0,31.29,67.48,1.23
0.0,0.0,0.0,31.29,67.48,1.23
0.0,0.0,0.0,31.29,67.48,1.23
0.0,0.0,0.0,31.29,67.48,1.23
0.0,0.0,0.0,31.29,67.48,1.23
0.0,0.0,0.0,31.29,67.48,1.23
0.0,0.0,0.0,31.29,67.48,1.23
0.0,0.0,0.0,31.29,67.48,1.23
0.0,0.0,0.0,31.29,67.48,1.23
0.0,0.0,0.0,31.29,67.48,1.23
0.0,0.0,0.0,31.29,67.48,1.23
0.0,0.0,0.0,31.29,67.48,1.23
0.0,0.0,0.0,31.29,67.48,1.23
0.0,0.0,0.0,31.29,67.48,1.23
0.0,0.0,0.0,31.29,67.48,1.23
0.0,0.0,0.0,31.29,67.48,1.23
0.0,0.0,0.0,31.29,67.48,1.23
0.0,0.0,0.0,31.29,67.48,1.23
0.0,0.0,0.0,31.29,67.48,1.23
0.0,0.0,0.0,31.29,67.48,1.23
0.0,0.0,0.0,31.29,67.48,1.23
0.0,0.0,0.0,31.29,67.48,1.23
0.0,0.0,0.0,31.29,67.48,1.23
0.0,0.0,0.0,31.29,67.48,1.23
0.0,0.0,0.0,31.29,67.48,1.23
0.0,0.0,0.0,31.29,67.48,1.23
0.0,0.0,0.0,31.29,67.48,1.23
0.0,0.0,0.0,31.29,67.48,1.23
0.0,0.0,0.0,31.29,67.48,1.23
0.0,0.0,0.0,31.29,67.48,1.23
0.0,0.0,0.0,31.29,67.48,1.23
0.0,0.0,0.0,31.29,67.48,1.23
0.0,0.0,0.0,31.29,67.48,1.23
0.0,0.0,0.0,31.29,67.48,1.23
0.0,0.0,0.0,31.29,67.48,1.23
0.0,0.0,0.0,31.29,67.48,1.23
0.0,0.0,0.0,31.29,67.48,1.23
0.0,0.0,0.0,31.29,67.48,1.23
0.0,0.0,0.0,31.29,67.48,1.23
0.0,0.0,0.0,31.29,67.48,1.23
0.0,0.0,0.0,31.29,67.48,1.23
0.0,0.0,0.0,31.29,67.48,1.23
0.0,0.0,0.0,31.29,67.48,1.23
0.0,0.0,0.0,31.29,67.48,1.23
0.0,0.0,0.0,31.29,67.48,1.23
0.0,0.0,0.0,31.29,67.48,1.23
0.0,0.0,0.0,31.29,67.48,1.23
0.0,0.0,0.0,31.29,67.48,1.23
0.0,0.0,0.0,31.29,67.48,1.23
0.0,0.0,0.0,31.29,67.48,1.23
0.0,0.0,0.0,31.29,67.48,1.23
0.0,0.0,0.0,31.29,67.48,1.23
0.0,0.0,0.0,31.29,67.48,1.23
0.0,0.0,0.0,31.29,67.48,1.23
0.0,0.0,0.0,31.29,67.48,1.23
0.0,0.0,0.0,31.29,67.48,1.23
0.0,0.0,0.0,31.29,67.48,1.23
0.0,0.0,0.0,31.29,67.48,1.23
0.0,0.0,0.0,31.29,67.48,1.23
0.0,0.0,0.0,31.29,67.48,1.23
0.0,0.0,0.0,31.29,67.48,1.23
0.0,0.0,0.0,31.29,67.48,1.23
0.0,0.0,0.0,31.29,67.48,1.23
0.0,0.0,0.0,31.29,67.48,1.23
0.0,0.0,0.0,31.29,67.48,1.23
0.0,0.0,0.0,31.29,67.48,1.23
0.0,0.0,0.0,31.29,67.48,1.23
0.0,0.0,0.0,31.29,67.48,1.23
0.0,0.0,0.0,31.29,67.48,1.23
0.0,0.0,0.0,31.29,67.48,1.23
0.0,0.0,0.0,31.29,67.48,1.23
0.0,0.0,0.0,31.29,67.48,1.23
0.0,0.0,0.0,31.29,67.48,1.23
0.0,0.0,0.0,31.29,67.48,1.23
0.0,0.0,0.0,31.29,67.48,1.23
0.0,0.0,0.0,31.29,67.48,1.23
0.0,0.0,0.0,31.29,67.48,1.23
0.0,0.0,0.0,31.29,67.48,1.23
0.0,0.0,0.0,31.29,67.48,1.23
0.0,0.0,0.0,31.29,67.48,1.23
0.0,0.0,0.0,31.29,67.48,1.23
0.0,0.0,0.0,31.29,67.48,1.23
0.0,0.0,0.0,31.29,67.48,1.23
0.0,0.0,0.0,31.29,67.48,1.23
0.0,0.0,0.0,31.29,67.48,1.23
0.0,0.0,0.0,31.29,67.48,1.23
0.0,0.0,0.0,31.29,67.48,1.23
0.0,0.0,0.0,31.29,67.48,1.23
0.0,0.0,0.0,31.29,67.48,1.23
0.0,0.0,0.0,31.29,67.48,1.23
0.0,0.0,0.0,31.29,67.48,1.23
0.0,0.0,0.0,31.29,67.48,1.23
0.0,0.0,0.0,31.29,67.48,1.23
0.0,0.0,0.0,31.29,67.48,1.23