incubando,i_mild,i_grave,susceptibles,recuperados,muertos
0.99,0.0,0.0,99.01,0.0,0.0
2.83,0.0,0.0,97.17,0.0,0.0
3.89,0.0,0.0,96.11,0.0,0.0
5.13,0.0,0.0,94.87,0.0,0.0
6.6,0.0,0.0,93.4,0.0,0.0
8.31,0.0,0.0,91.69,0.0,0.0
10.12,0.0,0.0,89.88,0.0,0.0
11.16,0.69,0.3,87.85,0.0,0.0
11.73,1.98,0.85,85.44,0.0,0.0
13.31,2.72,1.17,82.8,0.0,0.0
14.97,3.58,1.54,79.9,0.0,0.01
16.74,4.63,1.96,76.67,0.0,0.01
18.36,5.83,2.47,73.33,0.0,0.02
19.9,7.11,2.98,69.98,0.0,0.03
21.32,8.53,3.58,66.53,0.0,0.03
22.18,10.23,4.29,63.26,0.0,0.04
23.07,12.08,5.06,59.73,0.0,0.06
23.5,13.44,5.9,56.4,0.69,0.07
23.61,14.43,6.83,53.06,1.98,0.09
23.55,16.06,7.78,49.78,2.72,0.12
23.23,17.58,8.72,46.75,3.58,0.14
22.77,18.99,9.69,43.76,4.63,0.17
22.22,20.11,10.61,41.03,5.83,0.2
21.29,21.33,11.6,38.44,7.11,0.23
20.31,22.27,12.53,36.09,8.53,0.26
19.08,22.96,13.45,33.97,10.23,0.3
17.84,23.42,14.37,31.94,12.08,0.34
16.56,23.52,15.21,30.19,14.13,0.39
15.12,23.35,15.76,28.64,16.69,0.43
13.84,22.92,15.99,27.2,19.57,0.48
12.47,22.39,16.39,25.97,22.25,0.53
11.27,21.59,16.68,24.82,25.06,0.58
10.06,20.75,16.86,23.91,27.79,0.63
8.88,19.7,16.92,23.06,30.77,0.67
7.85,18.57,16.89,22.33,33.63,0.73
6.9,17.28,16.72,21.74,36.58,0.78
6.0,15.99,16.42,21.19,39.57,0.83
5.22,14.72,15.98,20.75,42.45,0.88
4.46,13.42,15.47,20.36,45.36,0.93
3.87,12.12,14.81,20.04,48.19,0.97
3.3,10.87,14.11,19.77,50.95,1.01
2.81,9.73,13.38,19.52,53.51,1.06
2.41,8.65,12.57,19.33,55.94,1.1
2.02,7.59,11.8,19.17,58.27,1.14
1.69,6.67,10.94,19.05,60.47,1.17
1.42,5.85,10.11,18.94,62.47,1.2
1.18,5.06,9.26,18.86,64.4,1.23
0.97,4.38,8.41,18.79,66.18,1.26
0.77,3.75,7.62,18.75,67.82,1.29
0.62,3.25,6.83,18.71,69.28,1.31
0.47,2.76,6.11,18.7,70.62,1.34
0.38,2.33,5.43,18.67,71.84,1.35
0.29,1.99,4.79,18.65,72.9,1.37
0.23,1.66,4.22,18.63,73.87,1.39
0.17,1.39,3.68,18.63,74.74,1.4
0.13,1.14,3.2,18.62,75.5,1.41
0.1,0.94,2.78,18.61,76.15,1.42
0.09,0.76,2.38,18.61,76.74,1.42
0.06,0.6,2.05,18.61,77.25,1.43
0.05,0.47,1.73,18.61,77.71,1.44
0.03,0.37,1.47,18.6,78.08,1.44
0.02,0.3,1.24,18.6,78.39,1.45
0.02,0.23,1.03,18.6,78.67,1.45
0.01,0.17,0.87,18.6,78.89,1.45
0.01,0.13,0.72,18.6,79.09,1.46
0.01,0.1,0.59,18.6,79.24,1.46
0.01,0.07,0.49,18.6,79.37,1.46
0.0,0.06,0.4,18.6,79.47,1.46
0.0,0.05,0.33,18.6,79.56,1.46
0.0,0.03,0.26,18.6,79.64,1.46
0.0,0.02,0.21,18.6,79.71,1.46
0.0,0.02,0.17,18.6,79.75,1.46
0.0,0.01,0.13,18.6,79.79,1.46
0.0,0.01,0.1,18.6,79.83,1.46
0.0,0.01,0.08,18.6,79.85,1.46
0.0,0.01,0.06,18.6,79.87,1.46
0.0,0.0,0.04,18.6,79.89,1.46
0.0,0.0,0.03,18.6,79.9,1.46
0.0,0.0,0.03,18.6,79.9,1.46
0.0,0.0,0.02,18.6,79.91,1.46
0.0,0.0,0.02,18.6,79.92,1.46
0.0,0.0,0.01,18.6,79.92,1.46
0.0,0.0,0.01,18.6,79.93,1.46
0.0,0.0,0.01,18.6,79.93,1.46
0.0,0.0,0.0,18.6,79.93,1.46
0.0,0.0,0.0,18.6,79.93,1.46
0.0,0.0,0.0,18.6,79.93,1.46
0.0,0.0,0.0,18.6,79.93,1.46
0.0,0.0,0.0,18.6,79.93,1.46
0.0,0.0,0.0,18.6,79.93,1.46
0.0,0.0,0.0,18.6,79.94,1.46
0.0,0.0,0.0,18.6,79.94,1.46
0.0,0.0,0.0,18.6,79.94,1.46
0.0,0.0,0.0,18.6,79.94,1.46
0.0,0.0,0.0,18.6,79.94,1.46
0.0,0.0,0.0,18.6,79.94,1.46
0.0,0.0,0.0,18.6,79.94,1.46
0.0,0.0,0.0,18.6,79.94,1.46
0.0,0.0,0.0,18.6,79.94,1.46
0.0,0.0,0.0,18.6,79.94,1.46
0.0,0.0,0.0,18.6,79.94,1.46
0.0,0.0,0.0,18.6,79.94,1.46
0.0,0.0,0.0,18.6,79.94,1.46
0.0,0.0,0.0,18.6,79.94,1.46
0.0,0.0,0.0,18.6,79.94,1.46
0.0,0.0,0.0,18.6,79.94,1.46
0.0,0.0,0.0,18.6,79.94,1.46
0.0,0.0,0.0,18.6,79.94,1.46
0.0,0.0,0.0,18.6,79.94,1.46
0.0,0.0,0.0,18.6,79.94,1.46
0.0,0.0,0.0,18.6,79.94,1.46
0.0,0.0,0.0,18.6,79.94,1.46
0.0,0.0,0.0,18.6,79.94,1.46
0.0,0.0,0.0,18.6,79.94,1.46
0.0,0.0,0.0,18.6,79.94,1.46
0.0,0.0,0.0,18.6,79.94,1.46
0.0,0.0,0.0,18.6,79.94,1.46
0.0,0.0,0.0,18.6,79.94,1.46
0.0,0.0,0.0,18.6,79.94,1.46
0.0,0.0,0.0,18.6,79.94,1.46
0.0,0.0,0.0,18.6,79.94,1.46
0.0,0.0,0.0,18.6,79.94,1.46
0.0,0.0,0.0,18.6,79.94,1.46
0.0,0.0,0.0,18.6,79.94,1.46
0.0,0.0,0.0,18.6,79.94,1.46
0.0,0.0,0.0,18.6,79.94,1.46
0.0,0.0,0.0,18.6,79.94,1.46
0.0,0.0,0.0,18.6,79.94,1.46
0.0,0.0,0.0,18.6,79.94,1.46
0.0,0.0,0.0,18.6,79.94,1.46
0.0,0.0,0.0,18.6,79.94,1.46
0.0,0.0,0.0,18.6,79.94,1.46
0.0,0.0,0.0,18.6,79.94,1.46
0.0,0.0,0.0,18.6,79.94,1.46
0.0,0.0,0.0,18.6,79.94,1.46
0.0,0.0,0.0,18.6,79.94,1.46
0.0,0.0,0.0,18.6,79.94,1.46
0.0,0.0,0.0,18.6,79.94,1.46
0.0,0.0,0.0,18.6,79.94,1.46
0.0,0.0,0.0,18.6,79.94,1.46
0.0,0.0,0.0,18.6,79.94,1.46
0.0,0.0,0.0,18.6,79.94,1.46
0.0,0.0,0.0,18.6,79.94,1.46
0.0,0.0,0.0,18.6,79.94,1.46
0.0,0.0,0.0,18.6,79.94,1.46
0.0,0.0,0.0,18.6,79.94,1.46
0.0,0.0,0.0,18.6,79.94,1.46
0.0,0.0,0.0,18.6,79.94,1.46
0.0,0.0,0.0,18.6,79.94,1.46
0.0,0.0,0.0,18.6,79.94,1.46
0.0,0.0,0.0,18.6,79.94,1.46
0.0,0.0,0.0,18.6,79.94,1.46
0.0,0.0,0.0,18.6,79.94,1.46
0.0,0.0,0.0,18.6,79.94,1.46
0.0,0.0,0.0,18.6,79.94,1.46
0.0,0.0,0.0,18.6,79.94,1.46
0.0,0.0,0.0,18.6,79.94,1.46
0.0,0.0,0.0,18.6,79.94,1.46
0.0,0.0,0.0,18.6,79.94,1.46
0.0,0.0,0.0,18.6,79.94,1.46
0.0,0.0,0.0,18.6,79.94,1.46
0.0,0.0,0.0,18.6,79.94,1.46
0.0,0.0,0.0,18.6,79.94,1.46
0.0,0.0,0.0,18.6,79.94,1.46
0.0,0.0,0.0,18.6,79.94,1.46
0.0,0.0,0.0,18.6,79.94,1.46
0.0,0.0,0.0,18.6,79.94,1.46
0.0,0.0,0.0,18.6,79.94,1.46
0.0,0.0,0.0,18.6,79.94,1.46
0.0,0.0,0.0,18.6,79.94,1.46
0.0,0.0,0.0,18.6,79.94,1.46
0.0,0.0,0.0,18.6,79.94,1.46
0.0,0.0,0.0,18.6,79.94,1.46
0.0,0.0,0.0,18.6,79.94,1.46
0.0,0.0,0.0,18.6,79.94,1.46
0.0,0.0,0.0,18.6,79.94,1.46
0.0,0.0,0.0,18.6,79.94,1.46
0.0,0.0,0.0,18.6,79.94,1.46
0.0,0.0,0.0,18.6,79.94,1.46
0.0,0.0,0.0,18.6,79.94,1.46
0.0,0.0,0.0,18.6,79.94,1.46
0.0,0.0,0.0,18.6,79.94,1.46
0.0,0.0,0.0,18.6,79.94,1.46
0.0,0.0,0.0,18.6,79.94,1.46
0.0,0.0,0.0,18.6,79.94,1.46
0.0,0.0,0.0,18.6,79.94,1.46
0.0,0.0,0.0,18.6,79.94,1.46
0.0,0.0,0.0,18.6,79.94,1.46
0.0,0.0,0.0,18.6,79.94,1.46
0.0,0.0,0.0,18.6,79.94,1.46
0.0,0.0,0.0,18.6,79.94,1.46
0.0,0.0,0.0,18.6,79.94,1.46
0.0,0.0,0.0,18.6,79.94,1.46
0.0,0.0,0.0,18.6,79.94,1.46
0.0,0.0,0.0,18.6,79.94,1.46
0.0,0.0,0.0,18.6,79.94,1.46
0.0,0.0,0.0,18.6,79.94,1.46
0.0,0.0,0.0,18.6,79.94,1.46
0.0,0.0,0.0,18.6,79.94,1.46
0.0,0.0,0.0,18.6,79.94,1.46
0.0,0.0,0.0,18.6,79.94,1.46
0.0,0.0,0.0,18.6,79.94,1.46
0.0,0.0,0.0,18.6,79.94,1.46
0.0,0.0,0.0,18.6,79.94,1.46
0.0,0.0,0.0,18.6,79.94,1.46
0.0,0.0,0.0,18.6,79.94,1.46
0.0,0.0,0.0,18.6,79.94,1.46
0.0,0.0,0.0,18.6,79.94,1.46
0.0,0.0,0.0,18.6,79.94,1.46
0.0,0.0,0.0,18.6,79.94,1.46
0.0,0.0,0.0,18.6,79.94,1.46
0.0,0.0,0.0,18.6,79.94,1.46
0.0,0.0,0.0,18.6,79.94,1.46
0.0,0.0,0.0,18.6,79.94,1.46
0.0,0.0,0.0,18.6,79.94,1.46
0.0,0.0,0.0,18.6,79.94,1.46
0.0,0.0,0.0,18.6,79.94,1.46
0.0,0.0,0.0,18.6,79.94,1.46
0.0,0.0,0.0,18.6,79.94,1.46
0.0,0.0,0.0,18.6,79.94,1.46
0.0,0.0,0.0,18.6,79.94,1.46
0.0,0.0,0.0,18.6,79.94,1.46
0.0,0.0,0.0,18.6,79.94,1.46
0.0,0.0,0.0,18.6,79.94,1.46
0.0,0.0,0.0,18.6,79.94,1.46
0.0,0.0,0.0,18.6,79.94,1.46
0.0,0.0,0.0,18.6,79.94,1.46
0.0,0.0,0.0,18.6,79.94,1.46
0.0,0.0,0.0,18.6,79.94,1.46
0.0,0.0,0.0,18.6,79.94,1.46
0.0,0.0,0.0,18.6,79.94,1.46
0.0,0.0,0.0,18.6,79.94,1.46
0.0,0.0,0.0,18.6,79.94,1.46
0.0,0.0,0.0,18.6,79.94,1.46
0.0,0.0,0.0,18.6,79.94,1.46
0.0,0.0,0.0,18.6,79.94,1.46
0.0,0.0,0.0,18.6,79.94,1.46
0.0,0.0,0.0,18.6,79.94,1.46
0.0,0.0,0.0,18.6,79.94,1.46
0.0,0.0,0.0,18.6,79.94,1.46
0.0,0.0,0.0,18.6,79.94,1.46
0.0,0.0,0.0,18.6,79.94,1.46
0.0,0.0,0.0,18.6,79.94,1.46
0.0,0.0,0.0,18.6,79.94,1.46
0.0,0.0,0.0,18.6,79.94,1.46
0.0,0.0,0.0,18.6,79.94,1.46
0.0,0.0,0.0,18.6,79.94,1.46
0.0,0.0,0.0,18.6,79.94,1.46
0.0,0.0,0.0,18.6,79.94,1.46
0.0,0.0,0.0,18.6,79.94,1.46
0.0,0.0,0.0,18.6,79.94,1.46
0.0,0.0,0.0,18.6,79.94,1.46
0.0,0.0,0.0,18.6,79.94,1.46
0.0,0.0,0.0,18.6,79.94,1.46
0.0,0.0,0.0,18.6,79.94,1.46
0.0,0.0,0.0,18.6,79.94,1.46
0.0,0.0,0.0,18.6,79.94,1.46
0.0,0.0,0.0,18.6,79.94,1.46
0.0,0.0,0.0,18.6,79.94,1.46
0.0,0.0,0.0,18.6,79.94,1.46
0.0,0.0,0.0,18.6,79.94,1.46
0.0,0.0,0.0,18.6,79.94,1.46
0.0,0.0,0.0,18.6,79.94,1.46
0.0,0.0,0.0,18.6,79.94,1.46
0.0,0.0,0.0,18.6,79.94,1.46
0.0,0.0,0.0,18.6,79.94,1.46
0.0,0.0,0.0,18.6,79.94,1.46
0.0,0.0,0.0,18.6,79.94,1.46
0.0,0.0,0.0,18.6,79.94,1.46
0.0,0.0,0.0,18.6,79.94,1.46
0.0,0.0,0.0,18.6,79.94,1.46
0.0,0.0,0.0,18.6,79.94,1.46
0.0,0.0,0.0,18.6,79.94,1.46
0.0,0.0,0.0,18.6,79.94,1.46
0.0,0.0,0.0,18.6,79.94,1.46
0.0,0.0,0.0,18.6,79.94,1.46
0.0,0.0,0.0,18.6,79.94,1.46
0.0,0.0,0.0,18.6,79.94,1.46
0.0,0.0,0.0,18.6,79.94,1.46
0.0,0.0,0.0,18.6,79.94,1.46
0.0,0.0,0.0,18.6,79.94,1.46
0.0,0.0,0.0,18.6,79.94,1.46
0.0,0.0,0.0,18.6,79.94,1.46
0.0,0.0,0.0,18.6,79.94,1.46
0.0,0.0,0.0,18.6,79.94,1.46
0.0,0.0,0.0,18.6,79.94,1.46
0.0,0.0,0.0,18.6,79.94,1.46
0.0,0.0,0.0,18.6,79.94,1.46
0.0,0.0,0.0,18.6,79.94,1.46
0.0,0.0,0.0,18.6,79.94,1.46
0.0,0.0,0.0,18.6,79.94,1.46
0.0,0.0,0.0,18.6,79.94,1.46
0.0,0.0,0.0,18.6,79.94,1.46
0.0,0.0,0.0,18.6,79.94,1.46
0.0,0.0,0.0,18.6,79.94,1.46
0.0,0.0,0.0,18.6,79.94,1.46
0.0,0.0,0.0,18.6,79.94,1.46
0.0,0.0,0.0,18.6,79.94,1.46
0.0,0.0,0.0,18.6,79.94,1.46
0.0,0.0,0.0,18.6,79.94,1.46
0.0,0.0,0.0,18.6,79.94,1.46
0.0,0.0,0.0,18.6,79.94,1.46
0.0,0.0,0.0,18.6,79.94,1.46
0.0,0.0,0.0,18.6,79.94,1.46
0.0,0.0,0.0,18.6,79.94,1.46
0.0,0.0,0.0,18.6,79.94,1.46
0.0,0.0,0.0,18.6,79.94,1.46
0.0,0.0,0.0,18.6,79.94,1.46
0.0,0.0,0.0,18.6,79.94,1.46
0.0,0.0,0.0,18.6,79.94,1.46
0.0,0.0,0.0,18.6,79.94,1.46
0.0,0.0,0.0,18.6,79.94,1.46
0.0,0.0,0.0,18.6,79.94,1.46
0.0,0.0,0.0,18.6,79.94,1.46
0.0,0.0,0.0,18.6,79.94,1.46
0.0,0.0,0.0,18.6,79.94,1.46
0.0,0.0,0.0,18.6,79.94,1.46
0.0,0.0,0.0,18.6,79.94,1.46
0.0,0.0,0.0,18.6,79.94,1.46
0.0,0.0,0.0,18.6,79.94,1.46
0.0,0.0,0.0,18.6,79.94,1.46
0.0,0.0,0.0,18.6,79.94,1.46
0.0,0.0,0.0,18.6,79.94,1.46
0.0,0.0,0.0,18.6,79.94,1.46
0.0,0.0,0.0,18.6,79.94,1.46
0.0,0.0,0.0,18.6,79.94,1.46
0.0,0.0,0.0,18.6,79.94,1.46
0.0,0.0,0.0,18.6,79.94,1.46
0.0,0.0,0.0,18.6,79.94,1.46
0.0,0.0,0.0,18.6,79.94,1.46
0.0,0.0,0.0,18.6,79.94,1.46
0.0,0.0,0.0,18.6,79.94,1.46
0.0,0.0,0.0,18.6,79.94,1.46
0.0,0.0,0.0,18.6,79.94,1.46
0.0,0.0,0.0,18.6,79.94,1.46
0.0,0.0,0.0,18.6,79.94,1.46
0.0,0.0,0.0,18.6,79.94,1.46
0.0,0.0,0.0,18.6,79.94,1.46
0.0,0.0,0.0,18.6,79.94,1.46
0.0,0.0,0.0,18.6,79.94,1.46
0.0,0.0,0.0,18.6,79.94,1.46
0.0,0.0,0.0,18.6,79.94,1.46
0.0,0.0,0.0,18.6,79.94,1.46
0.0,0.0,0.0,18.6,79.94,1.46
0.0,0.0,0.0,18.6,79.94,1.46
0.0,0.0,0.0,18.6,79.94,1.46
0.0,0.0,0.0,18.6,79.94,1.46
0.0,0.0,0.0,18.6,79.94,1.46
0.0,0.0,0.0,18.6,79.94,1.46
0.0,0.0,0.0,18.6,79.94,1.46
0.0,0.0,0.0,18.6,79.94,1.46
0.0,0.0,0.0,18.6,79.94,1.46
0.0,0.0,0.0,18.6,79.94,1.46
0.0,0.0,0.0,18.6,79.94,1.46
0.0,0.0,0.0,18.6,79.94,1.46
0.0,0.0,0.0,18.6,79.94,1.46
0.0,0.0,0.0,18.6,79.94,1.46
0.0,0.0,0.0,18.6,79.94,1.46
0.0,0.0,0.0,18.6,79.94,1.46
0.0,0.0,0.0,18.6,79.94,1.46
0.0,0.0,0.0,18.6,79.94,1.46
0.0,0.0,0.0,18.6,79.94,1.46
0.0,0.0,0.0,18.6,79.94,1.46
0.0,0.0,0.0,18.6,79.94,1.46
0.0,0.0,0.0,18.6,79.94,1.46